%YAML:1.0
---
points: [ 5.04674416e+01, 2.85818573e+02, 6.73332748e+01, 2.86452423e+02,
    8.45213547e+01, 2.86918640e+02, 1.01963631e+02, 2.87456116e+02,
    1.19601677e+02, 2.87860809e+02, 1.37474792e+02, 2.88268585e+02,
    4.96790962e+01, 3.03910736e+02, 6.64172516e+01, 3.04665375e+02,
    8.35941238e+01, 3.05271088e+02, 1.00974449e+02, 3.05853455e+02,
    1.18670982e+02, 3.06437866e+02, 1.36576401e+02, 3.06856842e+02,
    4.88990517e+01, 3.21869537e+02, 6.55833664e+01, 3.22860199e+02,
    8.27437973e+01, 3.23732056e+02, 1.00051468e+02, 3.24506500e+02,
    1.17726166e+02, 3.25110596e+02, 1.35694107e+02, 3.25711273e+02,
    4.85974236e+01, 3.39928955e+02, 6.49646072e+01, 3.41061615e+02,
    8.19673920e+01, 3.42138092e+02, 9.93610916e+01, 3.43016815e+02,
    1.16972336e+02, 3.43781372e+02, 1.34998627e+02, 3.44531738e+02,
    4.82691917e+01, 3.57762390e+02, 6.46080780e+01, 3.59174042e+02,
    8.16183014e+01, 3.60472351e+02, 9.86408920e+01, 3.61535400e+02,
    1.16406418e+02, 3.62681641e+02, 1.34243942e+02, 3.63419220e+02,
    4.80254478e+01, 3.75441193e+02, 6.46339951e+01, 3.77003479e+02,
    8.11816254e+01, 3.78635864e+02, 9.83696442e+01, 3.80002502e+02,
    1.15822968e+02, 3.81182892e+02, 1.33768555e+02, 3.82216583e+02,
    4.84763184e+01, 3.92749359e+02, 6.44894562e+01, 3.94869629e+02,
    8.11378021e+01, 3.96572266e+02, 9.78729019e+01, 3.98223022e+02,
    1.15587807e+02, 3.99658661e+02, 1.33126465e+02, 4.00904846e+02,
    4.86425934e+01, 4.09902832e+02, 6.47280045e+01, 4.12218964e+02,
    8.07238617e+01, 4.14362152e+02, 9.78497925e+01, 4.16362885e+02,
    1.14861107e+02, 4.18178009e+02, 1.32669388e+02, 4.19741699e+02 ]
