%YAML:1.0
---
points: [ 8.89262199e+00, 1.28027191e+02, 2.68416786e+01, 1.26185059e+02,
    4.53658066e+01, 1.24268875e+02, 6.42958755e+01, 1.22599869e+02,
    8.37265244e+01, 1.20851746e+02, 1.03586731e+02, 1.19544113e+02,
    8.84293747e+00, 1.47241638e+02, 2.69213161e+01, 1.45318527e+02,
    4.57004852e+01, 1.43678680e+02, 6.47637787e+01, 1.42085602e+02,
    8.45147400e+01, 1.40679581e+02, 1.04232391e+02, 1.39046844e+02,
    9.03050900e+00, 1.66560074e+02, 2.74864464e+01, 1.65028412e+02,
    4.60939636e+01, 1.63411560e+02, 6.54826126e+01, 1.61858719e+02,
    8.49748764e+01, 1.60560028e+02, 1.04918221e+02, 1.58956177e+02,
    9.61966038e+00, 1.86329880e+02, 2.78940392e+01, 1.84776855e+02,
    4.67799301e+01, 1.83417343e+02, 6.62341843e+01, 1.81846985e+02,
    8.59009552e+01, 1.80620911e+02, 1.06039352e+02, 1.78942291e+02,
    1.01931686e+01, 2.06081696e+02, 2.87009029e+01, 2.04807724e+02,
    4.76625900e+01, 2.03349045e+02, 6.70244141e+01, 2.01945038e+02,
    8.69004669e+01, 2.00714966e+02, 1.07030159e+02, 1.99292831e+02,
    1.08887415e+01, 2.25898178e+02, 2.95016232e+01, 2.24686829e+02,
    4.85402451e+01, 2.23581360e+02, 6.79129562e+01, 2.22119781e+02,
    8.78399124e+01, 2.20815750e+02, 1.08114922e+02, 2.19704254e+02,
    1.16604900e+01, 2.45823898e+02, 3.00998402e+01, 2.44774307e+02,
    4.91850929e+01, 2.43662354e+02, 6.87487183e+01, 2.42497940e+02,
    8.87468414e+01, 2.41022583e+02, 1.08822777e+02, 2.39798935e+02,
    1.24094296e+01, 2.65867462e+02, 3.07705917e+01, 2.64911591e+02,
    4.97329407e+01, 2.63897644e+02, 6.92544861e+01, 2.62804352e+02,
    8.91145935e+01, 2.61729553e+02, 1.09637131e+02, 2.60508789e+02 ]
