%YAML:1.0
---
points: [ 1.17927200e+02, 3.06704803e+02, 1.75169708e+02, 3.02819244e+02,
    2.32550171e+02, 2.99315613e+02, 2.89945343e+02, 2.95915192e+02,
    3.47714355e+02, 2.92465759e+02, 4.05750854e+02, 2.89042175e+02,
    1.18393852e+02, 3.63401764e+02, 1.75817902e+02, 3.59937317e+02,
    2.33405167e+02, 3.56396667e+02, 2.91167755e+02, 3.52954132e+02,
    3.49267609e+02, 3.49587311e+02, 4.07371460e+02, 3.46114380e+02,
    1.18926773e+02, 4.20939941e+02, 1.76805725e+02, 4.17519897e+02,
    2.34524307e+02, 4.13924225e+02, 2.92345154e+02, 4.10533478e+02,
    3.50371124e+02, 4.07050385e+02, 4.08698730e+02, 4.03671875e+02,
    1.20344734e+02, 4.78714172e+02, 1.78095154e+02, 4.75479675e+02,
    2.36115402e+02, 4.71886047e+02, 2.94071716e+02, 4.68581757e+02,
    3.52522461e+02, 4.65287933e+02, 4.11166138e+02, 4.61763641e+02,
    1.21702560e+02, 5.36995117e+02, 1.79572723e+02, 5.33534851e+02,
    2.37734833e+02, 5.30076721e+02, 2.95883087e+02, 5.26765137e+02,
    3.54411804e+02, 5.23480896e+02, 4.13083191e+02, 5.20028748e+02,
    1.22819633e+02, 5.95250122e+02, 1.80863892e+02, 5.91845337e+02,
    2.39372528e+02, 5.88382446e+02, 2.97619720e+02, 5.85230469e+02,
    3.56340973e+02, 5.81729614e+02, 4.15246552e+02, 5.78380920e+02,
    1.23555008e+02, 6.53699280e+02, 1.81708603e+02, 6.50365112e+02,
    2.40165497e+02, 6.47120544e+02, 2.98593384e+02, 6.43934204e+02,
    3.57418213e+02, 6.40580566e+02, 4.16435059e+02, 6.37334595e+02,
    1.23846535e+02, 7.12744202e+02, 1.81682434e+02, 7.09708252e+02,
    2.39962738e+02, 7.06620728e+02, 2.98445221e+02, 7.03322632e+02,
    3.57368713e+02, 7.00206421e+02, 4.16826508e+02, 6.96730225e+02 ]
