%YAML:1.0
---
points: [ 1.17873756e+02, 3.06643158e+02, 1.75145233e+02, 3.02788513e+02,
    2.32532562e+02, 2.99324524e+02, 2.89990021e+02, 2.95877991e+02,
    3.47732605e+02, 2.92457001e+02, 4.05721405e+02, 2.88989471e+02,
    1.18407944e+02, 3.63426331e+02, 1.75777390e+02, 3.59934784e+02,
    2.33406967e+02, 3.56408691e+02, 2.91225891e+02, 3.52962738e+02,
    3.49286316e+02, 3.49601410e+02, 4.07401764e+02, 3.46075989e+02,
    1.18981606e+02, 4.20935242e+02, 1.76826721e+02, 4.17540161e+02,
    2.34535492e+02, 4.13894012e+02, 2.92369537e+02, 4.10507202e+02,
    3.50364380e+02, 4.07034210e+02, 4.08738007e+02, 4.03677765e+02,
    1.20337646e+02, 4.78700470e+02, 1.78146271e+02, 4.75446198e+02,
    2.36162857e+02, 4.71818665e+02, 2.94136810e+02, 4.68554047e+02,
    3.52575226e+02, 4.65291748e+02, 4.11208893e+02, 4.61719330e+02,
    1.21751755e+02, 5.36942566e+02, 1.79667389e+02, 5.33523438e+02,
    2.37722870e+02, 5.30081177e+02, 2.95977600e+02, 5.26763733e+02,
    3.54439423e+02, 5.23466980e+02, 4.13165619e+02, 5.19975830e+02,
    1.22883125e+02, 5.95200500e+02, 1.80889587e+02, 5.91847290e+02,
    2.39389694e+02, 5.88389587e+02, 2.97650146e+02, 5.85223267e+02,
    3.56399353e+02, 5.81674988e+02, 4.15309967e+02, 5.78339478e+02,
    1.23565376e+02, 6.53655090e+02, 1.81772430e+02, 6.50347168e+02,
    2.40207657e+02, 6.47089294e+02, 2.98648987e+02, 6.43951599e+02,
    3.57448029e+02, 6.40514404e+02, 4.16434845e+02, 6.37298950e+02,
    1.23864098e+02, 7.12732239e+02, 1.81709885e+02, 7.09665283e+02,
    2.39956360e+02, 7.06602173e+02, 2.98483307e+02, 7.03337830e+02,
    3.57368500e+02, 7.00141113e+02, 4.16885315e+02, 6.96696655e+02 ]
