%YAML:1.0
---
points: [ 8.89735317e+00, 1.27965935e+02, 2.68573017e+01, 1.26168106e+02,
    4.53987770e+01, 1.24227570e+02, 6.43175354e+01, 1.22601677e+02,
    8.37332306e+01, 1.20837921e+02, 1.03612381e+02, 1.19513405e+02,
    8.86817455e+00, 1.47182770e+02, 2.69441776e+01, 1.45276749e+02,
    4.57132759e+01, 1.43668335e+02, 6.47973022e+01, 1.42036377e+02,
    8.45380783e+01, 1.40659439e+02, 1.04237801e+02, 1.39021652e+02,
    9.04090214e+00, 1.66570404e+02, 2.74735966e+01, 1.64975494e+02,
    4.61061440e+01, 1.63412338e+02, 6.55031281e+01, 1.61850128e+02,
    8.49942245e+01, 1.60545349e+02, 1.04926918e+02, 1.58954620e+02,
    9.63517475e+00, 1.86337433e+02, 2.78925400e+01, 1.84790466e+02,
    4.67708855e+01, 1.83414078e+02, 6.62431717e+01, 1.81852249e+02,
    8.59039993e+01, 1.80615372e+02, 1.06040138e+02, 1.78937988e+02,
    1.01953716e+01, 2.06066757e+02, 2.87067566e+01, 2.04803680e+02,
    4.76656799e+01, 2.03356567e+02, 6.70282288e+01, 2.01951385e+02,
    8.69076004e+01, 2.00718658e+02, 1.07046700e+02, 1.99285828e+02,
    1.08600302e+01, 2.25905365e+02, 2.94851952e+01, 2.24664841e+02,
    4.85396347e+01, 2.23555634e+02, 6.79081345e+01, 2.22108063e+02,
    8.78427429e+01, 2.20815353e+02, 1.08130875e+02, 2.19695343e+02,
    1.16576996e+01, 2.45829758e+02, 3.00976944e+01, 2.44782578e+02,
    4.91883354e+01, 2.43658081e+02, 6.87475128e+01, 2.42479065e+02,
    8.87553787e+01, 2.40996780e+02, 1.08822487e+02, 2.39801575e+02,
    1.23925772e+01, 2.65853180e+02, 3.07649059e+01, 2.64937714e+02,
    4.97496834e+01, 2.63905884e+02, 6.92925644e+01, 2.62808685e+02,
    8.91295013e+01, 2.61723358e+02, 1.09643921e+02, 2.60504150e+02 ]
