%YAML:1.0
---
points: [ 4.49307251e+01, 2.26096298e+02, 6.16080742e+01, 2.26476105e+02,
    7.86323395e+01, 2.26688705e+02, 9.58926468e+01, 2.26901047e+02,
    1.13309410e+02, 2.27077576e+02, 1.31099701e+02, 2.27289856e+02,
    4.38223801e+01, 2.43929230e+02, 6.05882225e+01, 2.44273224e+02,
    7.76285706e+01, 2.44633530e+02, 9.49145508e+01, 2.44802322e+02,
    1.12413994e+02, 2.45136185e+02, 1.30150223e+02, 2.45414642e+02,
    4.29419899e+01, 2.61720215e+02, 5.96887550e+01, 2.62296356e+02,
    7.66525269e+01, 2.62668793e+02, 9.39976044e+01, 2.63106750e+02,
    1.11395340e+02, 2.63397736e+02, 1.29256561e+02, 2.63667847e+02,
    4.21027412e+01, 2.79734589e+02, 5.88184128e+01, 2.80263885e+02,
    7.57549667e+01, 2.80874207e+02, 9.30806885e+01, 2.81273285e+02,
    1.10664635e+02, 2.81743622e+02, 1.28388245e+02, 2.82139771e+02,
    4.14111404e+01, 2.97709717e+02, 5.80272141e+01, 2.98603546e+02,
    7.48505936e+01, 2.99121979e+02, 9.21772995e+01, 2.99765076e+02,
    1.09766113e+02, 3.00290649e+02, 1.27669479e+02, 3.00724030e+02,
    4.08792992e+01, 3.15784576e+02, 5.73454819e+01, 3.16580963e+02,
    7.41583099e+01, 3.17501495e+02, 9.14917450e+01, 3.18039307e+02,
    1.08997688e+02, 3.18864349e+02, 1.26869057e+02, 3.19458313e+02,
    4.04149323e+01, 3.33420074e+02, 5.66354294e+01, 3.34708038e+02,
    7.35262756e+01, 3.35746185e+02, 9.06631088e+01, 3.36752441e+02,
    1.08195465e+02, 3.37528961e+02, 1.25971626e+02, 3.38325958e+02,
    3.98282967e+01, 3.51465668e+02, 5.60160370e+01, 3.52844391e+02,
    7.27047348e+01, 3.54249542e+02, 8.97526321e+01, 3.55410400e+02,
    1.07123367e+02, 3.56573578e+02, 1.25128120e+02, 3.57382538e+02 ]
