%YAML:1.0
---
points: [ 2.50870800e+01, 6.03964767e+01, 4.27099800e+01, 5.78606415e+01,
    6.07194557e+01, 5.53457146e+01, 7.94174728e+01, 5.29784966e+01,
    9.85308380e+01, 5.08642845e+01, 1.18106377e+02, 4.88509140e+01,
    2.62832432e+01, 7.98770447e+01, 4.40021744e+01, 7.75093079e+01,
    6.22536316e+01, 7.53764801e+01, 8.09597397e+01, 7.33373260e+01,
    1.00371857e+02, 7.15286331e+01, 1.19916344e+02, 6.96483383e+01,
    2.77759018e+01, 9.94608002e+01, 4.57519646e+01, 9.75439529e+01,
    6.40866470e+01, 9.55235138e+01, 8.29170151e+01, 9.37613297e+01,
    1.02171501e+02, 9.19209290e+01, 1.21759674e+02, 9.04326324e+01,
    2.97301846e+01, 1.19259552e+02, 4.77727089e+01, 1.17282677e+02,
    6.62469711e+01, 1.15722733e+02, 8.50720444e+01, 1.13967903e+02,
    1.04491188e+02, 1.12638893e+02, 1.24077194e+02, 1.10923080e+02,
    3.18051071e+01, 1.38874878e+02, 4.99053879e+01, 1.37232544e+02,
    6.84467010e+01, 1.35706802e+02, 8.73313370e+01, 1.34229782e+02,
    1.06607941e+02, 1.32712143e+02, 1.26138710e+02, 1.31577454e+02,
    3.40218925e+01, 1.58359421e+02, 5.21387405e+01, 1.56812851e+02,
    7.07722778e+01, 1.55633118e+02, 8.96648788e+01, 1.54161530e+02,
    1.08879585e+02, 1.52851044e+02, 1.28338699e+02, 1.51737808e+02,
    3.62146950e+01, 1.77595917e+02, 5.43165283e+01, 1.76362534e+02,
    7.29231186e+01, 1.75051651e+02, 9.17938614e+01, 1.73792099e+02,
    1.10970512e+02, 1.72740112e+02, 1.30379211e+02, 1.71590958e+02,
    3.84334488e+01, 1.96833557e+02, 5.64972038e+01, 1.95692307e+02,
    7.48335495e+01, 1.94665894e+02, 9.36589355e+01, 1.93583572e+02,
    1.12732582e+02, 1.92424683e+02, 1.32128342e+02, 1.91231750e+02 ]
