%YAML:1.0
---
points: [ 1.62512619e+02, 1.05280060e+02, 2.18495300e+02, 1.00882111e+02,
    2.75115448e+02, 9.66993179e+01, 3.31572968e+02, 9.24633408e+01,
    3.88807709e+02, 8.82592926e+01, 4.46435944e+02, 8.41993790e+01,
    1.69952042e+02, 1.65188828e+02, 2.25779099e+02, 1.61099854e+02,
    2.81926147e+02, 1.56974106e+02, 3.38509155e+02, 1.53129761e+02,
    3.95567047e+02, 1.49400146e+02, 4.52884552e+02, 1.45456970e+02,
    1.77436646e+02, 2.24489044e+02, 2.33336609e+02, 2.20591827e+02,
    2.89272003e+02, 2.16974365e+02, 3.45275269e+02, 2.13398453e+02,
    4.01832397e+02, 2.09658447e+02, 4.59067413e+02, 2.06218552e+02,
    1.85528122e+02, 2.83297577e+02, 2.40981339e+02, 2.79865143e+02,
    2.96658447e+02, 2.76342865e+02, 3.52596436e+02, 2.72785797e+02,
    4.09065857e+02, 2.69478210e+02, 4.65813965e+02, 2.66038177e+02,
    1.93484543e+02, 3.41242371e+02, 2.48756897e+02, 3.38156433e+02,
    3.04068359e+02, 3.34704010e+02, 3.59755768e+02, 3.31469604e+02,
    4.16024200e+02, 3.28423676e+02, 4.72409302e+02, 3.25216370e+02,
    2.01388992e+02, 3.98414124e+02, 2.56165894e+02, 3.95457550e+02,
    3.11535553e+02, 3.92376190e+02, 3.66939667e+02, 3.89302826e+02,
    4.22861053e+02, 3.86365417e+02, 4.79105682e+02, 3.83168945e+02,
    2.08496323e+02, 4.54939697e+02, 2.63391083e+02, 4.51997284e+02,
    3.18283112e+02, 4.49255493e+02, 3.73375763e+02, 4.46347717e+02,
    4.28788025e+02, 4.43529053e+02, 4.84752472e+02, 4.40554565e+02,
    2.15462708e+02, 5.11080872e+02, 2.69570435e+02, 5.08349701e+02,
    3.23927277e+02, 5.05642792e+02, 3.78637421e+02, 5.02956451e+02,
    4.33796417e+02, 5.00408997e+02, 4.89746582e+02, 4.97559998e+02 ]
