%YAML:1.0
---
points: [ 5.62068596e+01, 1.42693207e+02, 7.24796753e+01, 1.42568390e+02,
    8.88980484e+01, 1.42000137e+02, 1.05625999e+02, 1.41729355e+02,
    1.22609276e+02, 1.41474365e+02, 1.39749374e+02, 1.41269302e+02,
    5.50839424e+01, 1.59793121e+02, 7.14599991e+01, 1.59388504e+02,
    8.79881744e+01, 1.59089661e+02, 1.04854042e+02, 1.58849747e+02,
    1.21992485e+02, 1.58729614e+02, 1.39213837e+02, 1.58521332e+02,
    5.41288605e+01, 1.76791901e+02, 7.05958405e+01, 1.76695023e+02,
    8.71651764e+01, 1.76447784e+02, 1.04114761e+02, 1.76296097e+02,
    1.21206123e+02, 1.76105759e+02, 1.38588577e+02, 1.76017365e+02,
    5.33580551e+01, 1.94092117e+02, 6.97495956e+01, 1.93882584e+02,
    8.64785233e+01, 1.93849319e+02, 1.03426285e+02, 1.93736435e+02,
    1.20662598e+02, 1.93668427e+02, 1.38109070e+02, 1.93613937e+02,
    5.24651413e+01, 2.11425522e+02, 6.88715286e+01, 2.11514435e+02,
    8.56524277e+01, 2.11475845e+02, 1.02729134e+02, 2.11497498e+02,
    1.20044312e+02, 2.11398727e+02, 1.37512589e+02, 2.11410522e+02,
    5.16530609e+01, 2.28907471e+02, 6.81058426e+01, 2.28972885e+02,
    8.49243622e+01, 2.29084869e+02, 1.02067009e+02, 2.29127213e+02,
    1.19401657e+02, 2.29196136e+02, 1.37030640e+02, 2.29253754e+02,
    5.06937981e+01, 2.46585083e+02, 6.72462463e+01, 2.46806717e+02,
    8.40865936e+01, 2.46887299e+02, 1.01192154e+02, 2.47097427e+02,
    1.18635025e+02, 2.47162003e+02, 1.36216660e+02, 2.47267548e+02,
    4.97373810e+01, 2.64354218e+02, 6.61871185e+01, 2.64649719e+02,
    8.29830627e+01, 2.64895782e+02, 1.00160538e+02, 2.65159363e+02,
    1.17531837e+02, 2.65417999e+02, 1.35270523e+02, 2.65575470e+02 ]
