%YAML:1.0
---
points: [ 2.50894680e+01, 6.03898811e+01, 4.27207451e+01, 5.78352318e+01,
    6.07049103e+01, 5.53519554e+01, 7.93980255e+01, 5.29680939e+01,
    9.85357513e+01, 5.08910446e+01, 1.18148270e+02, 4.88476143e+01,
    2.63242054e+01, 7.98808594e+01, 4.40098076e+01, 7.74697342e+01,
    6.22948761e+01, 7.53823395e+01, 8.09529419e+01, 7.33262253e+01,
    1.00376648e+02, 7.15219727e+01, 1.19926369e+02, 6.96449432e+01,
    2.78079987e+01, 9.95000610e+01, 4.57672806e+01, 9.75448151e+01,
    6.41067429e+01, 9.55454941e+01, 8.29343719e+01, 9.37593002e+01,
    1.02170441e+02, 9.19223404e+01, 1.21759872e+02, 9.03960953e+01,
    2.97227650e+01, 1.19282990e+02, 4.77554436e+01, 1.17283951e+02,
    6.62645340e+01, 1.15708710e+02, 8.50888596e+01, 1.13998367e+02,
    1.04489449e+02, 1.12639915e+02, 1.24090965e+02, 1.10912651e+02,
    3.18003731e+01, 1.38839188e+02, 4.99088173e+01, 1.37225723e+02,
    6.84599380e+01, 1.35676788e+02, 8.73269806e+01, 1.34217041e+02,
    1.06610855e+02, 1.32702713e+02, 1.26165237e+02, 1.31588638e+02,
    3.40623856e+01, 1.58348969e+02, 5.21749802e+01, 1.56814362e+02,
    7.07687378e+01, 1.55608215e+02, 8.96611938e+01, 1.54137085e+02,
    1.08889168e+02, 1.52845978e+02, 1.28355103e+02, 1.51737030e+02,
    3.62357559e+01, 1.77552261e+02, 5.43375244e+01, 1.76383133e+02,
    7.29192047e+01, 1.75007263e+02, 9.17882080e+01, 1.73796204e+02,
    1.10968170e+02, 1.72742126e+02, 1.30402908e+02, 1.71580338e+02,
    3.84576454e+01, 1.96820038e+02, 5.64932861e+01, 1.95704636e+02,
    7.48640060e+01, 1.94675537e+02, 9.36791763e+01, 1.93598129e+02,
    1.12728485e+02, 1.92436951e+02, 1.32126587e+02, 1.91219330e+02 ]
