%YAML:1.0
---
points: [ 5.92215576e+02, 5.14871399e+02, 6.57231079e+02, 5.09256897e+02,
    7.21347534e+02, 5.03696442e+02, 7.84478943e+02, 4.98306427e+02,
    8.47349548e+02, 4.92852417e+02, 9.09563171e+02, 4.87472473e+02,
    5.92373352e+02, 5.75721863e+02, 6.58603699e+02, 5.69816956e+02,
    7.23650269e+02, 5.63868408e+02, 7.87860046e+02, 5.57889160e+02,
    8.51820618e+02, 5.52179504e+02, 9.15383667e+02, 5.46461548e+02,
    5.92489624e+02, 6.39206726e+02, 6.59981384e+02, 6.32721436e+02,
    7.26340576e+02, 6.26274048e+02, 7.91596375e+02, 6.19823486e+02,
    8.56623657e+02, 6.13616028e+02, 9.21443787e+02, 6.07634460e+02,
    5.92666992e+02, 7.04788147e+02, 6.61293030e+02, 6.97729919e+02,
    7.28911499e+02, 6.91138855e+02, 7.95584717e+02, 6.84340881e+02,
    8.61630005e+02, 6.77579956e+02, 9.27534424e+02, 6.71249756e+02,
    5.92771851e+02, 7.73077148e+02, 6.62716980e+02, 7.65618713e+02,
    7.31691833e+02, 7.58289307e+02, 7.99560852e+02, 7.50984253e+02,
    8.66882446e+02, 7.44011719e+02, 9.33763611e+02, 7.37300659e+02,
    5.92753906e+02, 8.43876709e+02, 6.64162170e+02, 8.35704285e+02,
    7.34252686e+02, 8.28183960e+02, 8.03566223e+02, 8.20306702e+02,
    8.72447632e+02, 8.12770630e+02, 9.40495056e+02, 8.05521729e+02,
    5.92583618e+02, 9.17422241e+02, 6.65350830e+02, 9.08912781e+02,
    7.37117004e+02, 9.00725403e+02, 8.07621765e+02, 8.92485535e+02,
    8.77771851e+02, 8.84510864e+02, 9.47656433e+02, 8.76604736e+02,
    5.92201660e+02, 9.94450378e+02, 6.66224426e+02, 9.85628662e+02,
    7.39366272e+02, 9.76827576e+02, 8.11631592e+02, 9.68272461e+02,
    8.83507996e+02, 9.59760071e+02, 9.54596130e+02, 9.51344788e+02 ]
