%YAML:1.0
---
points: [ 1.62642761e+02, 1.05274948e+02, 2.18523254e+02, 1.00887650e+02,
    2.75153076e+02, 9.66761169e+01, 3.31609558e+02, 9.24542160e+01,
    3.88818573e+02, 8.82609482e+01, 4.46484802e+02, 8.42035599e+01,
    1.69994690e+02, 1.65145157e+02, 2.25857162e+02, 1.61072754e+02,
    2.81922791e+02, 1.56980026e+02, 3.38465576e+02, 1.53131165e+02,
    3.95590210e+02, 1.49394577e+02, 4.52928375e+02, 1.45452774e+02,
    1.77442230e+02, 2.24473175e+02, 2.33350052e+02, 2.20571014e+02,
    2.89314117e+02, 2.16960800e+02, 3.45288086e+02, 2.13415649e+02,
    4.01900879e+02, 2.09608719e+02, 4.59038422e+02, 2.06257980e+02,
    1.85559174e+02, 2.83297791e+02, 2.41043091e+02, 2.79813934e+02,
    2.96749237e+02, 2.76314117e+02, 3.52622742e+02, 2.72736450e+02,
    4.09097260e+02, 2.69449036e+02, 4.65854980e+02, 2.66056122e+02,
    1.93482376e+02, 3.41228302e+02, 2.48807510e+02, 3.38073120e+02,
    3.04102051e+02, 3.34693878e+02, 3.59782257e+02, 3.31473083e+02,
    4.16077332e+02, 3.28391663e+02, 4.72448456e+02, 3.25183929e+02,
    2.01398895e+02, 3.98405457e+02, 2.56221802e+02, 3.95438751e+02,
    3.11602875e+02, 3.92311981e+02, 3.66966095e+02, 3.89327118e+02,
    4.22911591e+02, 3.86343933e+02, 4.79132690e+02, 3.83143341e+02,
    2.08538284e+02, 4.54877563e+02, 2.63457520e+02, 4.51941925e+02,
    3.18301483e+02, 4.49223938e+02, 3.73422394e+02, 4.46344116e+02,
    4.28831482e+02, 4.43534851e+02, 4.84793732e+02, 4.40547516e+02,
    2.15507065e+02, 5.11070190e+02, 2.69649811e+02, 5.08356842e+02,
    3.23969910e+02, 5.05599365e+02, 3.78695007e+02, 5.02897675e+02,
    4.33833435e+02, 5.00367188e+02, 4.89768616e+02, 4.97532959e+02 ]
