%YAML:1.0
---
points: [ 2.10772659e+02, 3.24144226e+02, 2.64949158e+02, 3.20507782e+02,
    3.19290253e+02, 3.17226807e+02, 3.73709473e+02, 3.13626862e+02,
    4.28593597e+02, 3.10270325e+02, 4.83703705e+02, 3.06933990e+02,
    2.18782822e+02, 3.80289368e+02, 2.72618744e+02, 3.76778870e+02,
    3.26753235e+02, 3.73371460e+02, 3.80884186e+02, 3.70131927e+02,
    4.35407959e+02, 3.66731537e+02, 4.90364441e+02, 3.63608246e+02,
    2.27078995e+02, 4.35336395e+02, 2.80630554e+02, 4.32374969e+02,
    3.34294464e+02, 4.28999908e+02, 3.87992310e+02, 4.25889191e+02,
    4.42172729e+02, 4.22870026e+02, 4.96511230e+02, 4.19544037e+02,
    2.35306412e+02, 4.90275146e+02, 2.88554016e+02, 4.86966248e+02,
    3.41988342e+02, 4.83800140e+02, 3.95496460e+02, 4.80888580e+02,
    4.49268188e+02, 4.77746094e+02, 5.03298798e+02, 4.74947632e+02,
    2.43685898e+02, 5.43942932e+02, 2.96571106e+02, 5.40721802e+02,
    3.49510864e+02, 5.37990295e+02, 4.02548492e+02, 5.35001526e+02,
    4.56051575e+02, 5.32169373e+02, 5.09799408e+02, 5.29175171e+02,
    2.51675827e+02, 5.96664612e+02, 3.04183716e+02, 5.93868896e+02,
    3.56909119e+02, 5.91164795e+02, 4.09690643e+02, 5.88195129e+02,
    4.62912445e+02, 5.85503479e+02, 5.16391663e+02, 5.82548706e+02,
    2.59254242e+02, 6.48997620e+02, 3.11431335e+02, 6.46347534e+02,
    3.63719604e+02, 6.43717285e+02, 4.16211517e+02, 6.40950378e+02,
    4.68992950e+02, 6.38395874e+02, 5.21819092e+02, 6.35551086e+02,
    2.66148071e+02, 7.00955322e+02, 3.17740936e+02, 6.98446777e+02,
    3.69698486e+02, 6.96199219e+02, 4.21587372e+02, 6.93650940e+02,
    4.73852478e+02, 6.91317993e+02, 5.26847351e+02, 6.88488159e+02 ]
