%YAML:1.0
---
points: [ 7.83260437e+02, 3.45541534e+02, 8.31778687e+02, 3.44602966e+02,
    8.79868408e+02, 3.43660156e+02, 9.27560364e+02, 3.42662048e+02,
    9.75075745e+02, 3.41572632e+02, 1.02241010e+03, 3.40635773e+02,
    7.84332886e+02, 3.92041595e+02, 8.32924438e+02, 3.91045990e+02,
    8.81286316e+02, 3.89880219e+02, 9.29168762e+02, 3.88543030e+02,
    9.77100098e+02, 3.87558228e+02, 1.02465869e+03, 3.86509094e+02,
    7.85134521e+02, 4.39446899e+02, 8.33985962e+02, 4.38112823e+02,
    8.82664795e+02, 4.36688141e+02, 9.31029663e+02, 4.35298706e+02,
    9.79217346e+02, 4.34076019e+02, 1.02714722e+03, 4.32971100e+02,
    7.85861267e+02, 4.87201111e+02, 8.35137939e+02, 4.85782166e+02,
    8.84206055e+02, 4.84221954e+02, 9.32695312e+02, 4.82673401e+02,
    9.81135376e+02, 4.81410126e+02, 1.02933191e+03, 4.80108765e+02,
    7.86707336e+02, 5.35509888e+02, 8.36443298e+02, 5.33900818e+02,
    8.85612183e+02, 5.32432190e+02, 9.34375000e+02, 5.30740356e+02,
    9.83182434e+02, 5.29276428e+02, 1.03175305e+03, 5.27821960e+02,
    7.87515442e+02, 5.84433594e+02, 8.37639526e+02, 5.82567566e+02,
    8.87026611e+02, 5.80944702e+02, 9.36271301e+02, 5.79363037e+02,
    9.85300537e+02, 5.77575256e+02, 1.03408203e+03, 5.75996338e+02,
    7.88435486e+02, 6.33679260e+02, 8.38644104e+02, 6.31859436e+02,
    8.88606750e+02, 6.29983215e+02, 9.38118408e+02, 6.28305237e+02,
    9.87358521e+02, 6.26492065e+02, 1.03668201e+03, 6.24632202e+02,
    7.89285095e+02, 6.83873962e+02, 8.39716187e+02, 6.81946716e+02,
    8.90149353e+02, 6.80053467e+02, 9.39923157e+02, 6.77988708e+02,
    9.89789368e+02, 6.76074890e+02, 1.03925439e+03, 6.74301697e+02 ]
