%YAML:1.0
---
points: [ 3.65819206e+01, 1.32865509e+02, 5.43343658e+01, 1.31181641e+02,
    7.26088028e+01, 1.29503311e+02, 9.09982681e+01, 1.27916573e+02,
    1.09898491e+02, 1.26681190e+02, 1.28839569e+02, 1.25099121e+02,
    3.88916397e+01, 1.51889709e+02, 5.66290207e+01, 1.50355408e+02,
    7.48688431e+01, 1.48815979e+02, 9.33396835e+01, 1.47566528e+02,
    1.12143257e+02, 1.46071625e+02, 1.31169128e+02, 1.44729675e+02,
    4.13090439e+01, 1.70862503e+02, 5.91553726e+01, 1.69538971e+02,
    7.73079224e+01, 1.68018997e+02, 9.56989365e+01, 1.66743988e+02,
    1.14330933e+02, 1.65638580e+02, 1.33304092e+02, 1.64202789e+02,
    4.39207115e+01, 1.89724487e+02, 6.16586990e+01, 1.88242783e+02,
    7.97950897e+01, 1.86943436e+02, 9.81445007e+01, 1.85767105e+02,
    1.16771164e+02, 1.84633987e+02, 1.35590286e+02, 1.83346237e+02,
    4.65512085e+01, 2.08062683e+02, 6.42109375e+01, 2.06814377e+02,
    8.22976761e+01, 2.05694534e+02, 1.00527679e+02, 2.04595596e+02,
    1.19104111e+02, 2.03396637e+02, 1.37787338e+02, 2.02086197e+02,
    4.91854477e+01, 2.26318939e+02, 6.67978516e+01, 2.25213318e+02,
    8.47863388e+01, 2.24020828e+02, 1.02955597e+02, 2.22835831e+02,
    1.21385323e+02, 2.21813675e+02, 1.39955856e+02, 2.20736572e+02,
    5.17129669e+01, 2.44250275e+02, 6.92621307e+01, 2.43271927e+02,
    8.71488113e+01, 2.42207352e+02, 1.05167564e+02, 2.41191132e+02,
    1.23423691e+02, 2.40054367e+02, 1.41905182e+02, 2.39013901e+02,
    5.42536087e+01, 2.62129761e+02, 7.15278549e+01, 2.61256012e+02,
    8.92434387e+01, 2.60464874e+02, 1.07091339e+02, 2.59506744e+02,
    1.25210030e+02, 2.58472595e+02, 1.43641998e+02, 2.57369141e+02 ]
