%YAML:1.0
---
points: [ 3.14146362e+02, 7.76455154e+01, 3.29059021e+02, 7.84971771e+01,
    3.43537811e+02, 7.93799286e+01, 3.57891418e+02, 8.02786713e+01,
    3.71983673e+02, 8.12454224e+01, 3.85922943e+02, 8.20539780e+01,
    3.13657623e+02, 9.38635254e+01, 3.28365631e+02, 9.45568771e+01,
    3.43056610e+02, 9.53040543e+01, 3.57297729e+02, 9.60639877e+01,
    3.71321930e+02, 9.67807083e+01, 3.85176727e+02, 9.76180954e+01,
    3.13171356e+02, 1.09986092e+02, 3.27836792e+02, 1.10470421e+02,
    3.42347229e+02, 1.11154961e+02, 3.56541931e+02, 1.11666092e+02,
    3.70618134e+02, 1.12272423e+02, 3.84467651e+02, 1.12847206e+02,
    3.12529022e+02, 1.25827370e+02, 3.27242371e+02, 1.26257622e+02,
    3.41649811e+02, 1.26710243e+02, 3.55823639e+02, 1.27220947e+02,
    3.69818787e+02, 1.27588943e+02, 3.83606903e+02, 1.28131363e+02,
    3.12081268e+02, 1.41477615e+02, 3.26549316e+02, 1.41895523e+02,
    3.40980988e+02, 1.42238846e+02, 3.55122833e+02, 1.42460938e+02,
    3.69138885e+02, 1.42900574e+02, 3.82791199e+02, 1.43151291e+02,
    3.11504425e+02, 1.57041565e+02, 3.26054901e+02, 1.57272812e+02,
    3.40318420e+02, 1.57409012e+02, 3.54396942e+02, 1.57649857e+02,
    3.68275299e+02, 1.57866074e+02, 3.82037598e+02, 1.58114853e+02,
    3.11053375e+02, 1.72285782e+02, 3.25527985e+02, 1.72403900e+02,
    3.39794128e+02, 1.72492950e+02, 3.53765442e+02, 1.72623459e+02,
    3.67647064e+02, 1.72750107e+02, 3.81386505e+02, 1.72857452e+02,
    3.10638885e+02, 1.87402908e+02, 3.25113312e+02, 1.87478745e+02,
    3.39329590e+02, 1.87550644e+02, 3.53363403e+02, 1.87554840e+02,
    3.67256073e+02, 1.87542404e+02, 3.80875305e+02, 1.87671188e+02 ]
