%YAML:1.0
---
points: [ 2.10869324e+02, 3.24125549e+02, 2.64970703e+02, 3.20522644e+02,
    3.19343994e+02, 3.17187103e+02, 3.73804626e+02, 3.13575836e+02,
    4.28655609e+02, 3.10222626e+02, 4.83796875e+02, 3.06867371e+02,
    2.18841873e+02, 3.80267273e+02, 2.72730133e+02, 3.76752106e+02,
    3.26827484e+02, 3.73354797e+02, 3.80913940e+02, 3.70089111e+02,
    4.35518005e+02, 3.66682373e+02, 4.90421082e+02, 3.63558319e+02,
    2.27183960e+02, 4.35293915e+02, 2.80738129e+02, 4.32322174e+02,
    3.34340271e+02, 4.28987335e+02, 3.88008545e+02, 4.25802490e+02,
    4.42309570e+02, 4.22826721e+02, 4.96551086e+02, 4.19535217e+02,
    2.35370193e+02, 4.90179230e+02, 2.88619080e+02, 4.86960297e+02,
    3.42032562e+02, 4.83731110e+02, 3.95526855e+02, 4.80815491e+02,
    4.49299225e+02, 4.77694733e+02, 5.03384827e+02, 4.74868134e+02,
    2.43738937e+02, 5.43914368e+02, 2.96618530e+02, 5.40657776e+02,
    3.49566406e+02, 5.37902832e+02, 4.02574066e+02, 5.34864075e+02,
    4.56158264e+02, 5.32139282e+02, 5.09903778e+02, 5.29107300e+02,
    2.51718506e+02, 5.96609375e+02, 3.04255920e+02, 5.93799866e+02,
    3.57011902e+02, 5.91131653e+02, 4.09786133e+02, 5.88117920e+02,
    4.62994476e+02, 5.85474243e+02, 5.16454102e+02, 5.82500122e+02,
    2.59350067e+02, 6.48932312e+02, 3.11487183e+02, 6.46301208e+02,
    3.63822296e+02, 6.43646729e+02, 4.16281189e+02, 6.40865845e+02,
    4.69066528e+02, 6.38344238e+02, 5.21916199e+02, 6.35529358e+02,
    2.66271942e+02, 7.00873230e+02, 3.17815369e+02, 6.98411377e+02,
    3.69694214e+02, 6.96171021e+02, 4.21642395e+02, 6.93595154e+02,
    4.73915894e+02, 6.91286804e+02, 5.26887329e+02, 6.88455811e+02 ]
