%YAML:1.0
---
points: [ 3.65937958e+01, 1.32822113e+02, 5.43501968e+01, 1.31156815e+02,
    7.26306152e+01, 1.29479416e+02, 9.10419769e+01, 1.27877136e+02,
    1.09934631e+02, 1.26672714e+02, 1.28873047e+02, 1.25072182e+02,
    3.89439812e+01, 1.51871231e+02, 5.66284218e+01, 1.50309189e+02,
    7.48953629e+01, 1.48824661e+02, 9.33689346e+01, 1.47559128e+02,
    1.12168259e+02, 1.46042221e+02, 1.31197510e+02, 1.44725906e+02,
    4.13474617e+01, 1.70812927e+02, 5.91792564e+01, 1.69523376e+02,
    7.73532104e+01, 1.67937225e+02, 9.57346802e+01, 1.66743530e+02,
    1.14374504e+02, 1.65607986e+02, 1.33328217e+02, 1.64177185e+02,
    4.39331779e+01, 1.89712326e+02, 6.16889992e+01, 1.88228287e+02,
    7.98153229e+01, 1.86907516e+02, 9.81694717e+01, 1.85753128e+02,
    1.16792633e+02, 1.84611267e+02, 1.35617325e+02, 1.83315552e+02,
    4.65688553e+01, 2.08050812e+02, 6.42006073e+01, 2.06789917e+02,
    8.23177948e+01, 2.05674240e+02, 1.00559563e+02, 2.04568115e+02,
    1.19136230e+02, 2.03366074e+02, 1.37820541e+02, 2.02063461e+02,
    4.91995087e+01, 2.26300140e+02, 6.68147507e+01, 2.25169983e+02,
    8.48268585e+01, 2.24014923e+02, 1.02990707e+02, 2.22834564e+02,
    1.21411659e+02, 2.21799316e+02, 1.39979782e+02, 2.20729004e+02,
    5.17162094e+01, 2.44222366e+02, 6.92708969e+01, 2.43260208e+02,
    8.71655502e+01, 2.42181442e+02, 1.05202988e+02, 2.41168427e+02,
    1.23456894e+02, 2.40032547e+02, 1.41946457e+02, 2.38994781e+02,
    5.42775345e+01, 2.62136353e+02, 7.15429306e+01, 2.61241669e+02,
    8.92490005e+01, 2.60408600e+02, 1.07114494e+02, 2.59461639e+02,
    1.25215729e+02, 2.58427429e+02, 1.43675720e+02, 2.57357666e+02 ]
