%YAML:1.0
---
points: [ 5.74192123e+01, 2.33923935e+02, 7.48589554e+01, 2.32762833e+02,
    9.25544434e+01, 2.31415833e+02, 1.10473709e+02, 2.30153503e+02,
    1.28612595e+02, 2.28772354e+02, 1.46839798e+02, 2.27528793e+02,
    5.99724541e+01, 2.51767441e+02, 7.72889557e+01, 2.50608719e+02,
    9.48954086e+01, 2.49486572e+02, 1.12688019e+02, 2.48168869e+02,
    1.30713882e+02, 2.46856232e+02, 1.48886551e+02, 2.45662918e+02,
    6.25085907e+01, 2.69379852e+02, 7.97022324e+01, 2.68267548e+02,
    9.72333069e+01, 2.67116394e+02, 1.14913376e+02, 2.65981445e+02,
    1.32749435e+02, 2.64814606e+02, 1.50809860e+02, 2.63645081e+02,
    6.52301712e+01, 2.86764008e+02, 8.22438507e+01, 2.85711548e+02,
    9.96307449e+01, 2.84735687e+02, 1.17137024e+02, 2.83635010e+02,
    1.34944748e+02, 2.82484314e+02, 1.52862640e+02, 2.81296570e+02,
    6.79096603e+01, 3.03766724e+02, 8.48225403e+01, 3.02854034e+02,
    1.02045509e+02, 3.01883606e+02, 1.19391373e+02, 3.00887573e+02,
    1.37063004e+02, 2.99896027e+02, 1.54855820e+02, 2.98777039e+02,
    7.06405258e+01, 3.20556732e+02, 8.74053879e+01, 3.19705475e+02,
    1.04397270e+02, 3.18913788e+02, 1.21700356e+02, 3.18014038e+02,
    1.39204529e+02, 3.17086456e+02, 1.56860657e+02, 3.16089508e+02,
    7.32186584e+01, 3.36848785e+02, 8.98378296e+01, 3.36599365e+02,
    1.06713043e+02, 3.35716309e+02, 1.23787956e+02, 3.35081635e+02,
    1.41190384e+02, 3.34260010e+02, 1.58714188e+02, 3.33368408e+02,
    7.58581238e+01, 3.53401489e+02, 9.21679916e+01, 3.53128632e+02,
    1.08910187e+02, 3.52708252e+02, 1.25779594e+02, 3.52131256e+02,
    1.43001877e+02, 3.51482208e+02, 1.60528412e+02, 3.50605560e+02 ]
