%YAML:1.0
---
points: [ 7.65020447e+02, 4.75036499e+02, 8.14054749e+02, 4.73915955e+02,
    8.62784180e+02, 4.72835419e+02, 9.11022461e+02, 4.71791595e+02,
    9.59032654e+02, 4.70948914e+02, 1.00670026e+03, 4.70093201e+02,
    7.65467834e+02, 5.22740967e+02, 8.14794556e+02, 5.21574707e+02,
    8.63845276e+02, 5.20329773e+02, 9.12369629e+02, 5.19185364e+02,
    9.60651184e+02, 5.18103394e+02, 1.00873083e+03, 5.16984558e+02,
    7.65787903e+02, 5.71326904e+02, 8.15600830e+02, 5.69975830e+02,
    8.64808899e+02, 5.68600037e+02, 9.13571716e+02, 5.67219177e+02,
    9.62499084e+02, 5.65866699e+02, 1.01092133e+03, 5.64690613e+02,
    7.66251526e+02, 6.20488159e+02, 8.16410217e+02, 6.18999878e+02,
    8.65920715e+02, 6.17520874e+02, 9.15284851e+02, 6.16035095e+02,
    9.64234436e+02, 6.14423889e+02, 1.01277124e+03, 6.12985107e+02,
    7.66556519e+02, 6.70492737e+02, 8.17078308e+02, 6.68717468e+02,
    8.66936829e+02, 6.66979065e+02, 9.16581299e+02, 6.65329590e+02,
    9.65783264e+02, 6.63617981e+02, 1.01494171e+03, 6.61878845e+02,
    7.66932251e+02, 7.20825439e+02, 8.17786072e+02, 7.18774536e+02,
    8.68290100e+02, 7.17124207e+02, 9.17886169e+02, 7.15141235e+02,
    9.67723816e+02, 7.13381653e+02, 1.01712823e+03, 7.11660706e+02,
    7.67273804e+02, 7.71964478e+02, 8.18441345e+02, 7.70066101e+02,
    8.69299866e+02, 7.67809082e+02, 9.19458740e+02, 7.65901184e+02,
    9.69573242e+02, 7.64017883e+02, 1.01929987e+03, 7.61881348e+02,
    7.67478516e+02, 8.24401306e+02, 8.19059998e+02, 8.22157898e+02,
    8.70295044e+02, 8.19762024e+02, 9.21009277e+02, 8.17661316e+02,
    9.71428772e+02, 8.15527405e+02, 1.02165540e+03, 8.13413635e+02 ]
