%YAML:1.0
---
points: [ 2.77587555e+02, 6.19203857e+02, 3.29173431e+02, 6.15759399e+02,
    3.81043915e+02, 6.12492920e+02, 4.32772858e+02, 6.09181702e+02,
    4.84985535e+02, 6.05913269e+02, 5.37419434e+02, 6.02523254e+02,
    2.85099579e+02, 6.70669617e+02, 3.36218262e+02, 6.67576721e+02,
    3.87583557e+02, 6.64539307e+02, 4.39181122e+02, 6.61342468e+02,
    4.91074615e+02, 6.58193726e+02, 5.43209900e+02, 6.54830078e+02,
    2.92238342e+02, 7.22139099e+02, 3.43412323e+02, 7.18724243e+02,
    3.94320465e+02, 7.15895081e+02, 4.45402832e+02, 7.12991516e+02,
    4.96719513e+02, 7.09810120e+02, 5.48598755e+02, 7.06933411e+02,
    2.99652252e+02, 7.72392822e+02, 3.50313965e+02, 7.69541382e+02,
    4.01187561e+02, 7.66580627e+02, 4.52001526e+02, 7.63854187e+02,
    5.02978271e+02, 7.60841614e+02, 5.54674866e+02, 7.57934875e+02,
    3.07024597e+02, 8.22304199e+02, 3.57400391e+02, 8.19476379e+02,
    4.07715363e+02, 8.16855591e+02, 4.58388428e+02, 8.14025146e+02,
    5.09211670e+02, 8.11413147e+02, 5.60556213e+02, 8.08471497e+02,
    3.14130737e+02, 8.71527710e+02, 3.64369507e+02, 8.68906921e+02,
    4.14358154e+02, 8.66305603e+02, 4.64736786e+02, 8.63730957e+02,
    5.15317871e+02, 8.61139954e+02, 5.66295044e+02, 8.58526123e+02,
    3.21102875e+02, 9.20257080e+02, 3.70704712e+02, 9.17895752e+02,
    4.20602936e+02, 9.15601440e+02, 4.70475372e+02, 9.13213745e+02,
    5.20704895e+02, 9.10926270e+02, 5.71368896e+02, 9.08521912e+02,
    3.27507690e+02, 9.69144226e+02, 3.76407959e+02, 9.67133362e+02,
    4.25942017e+02, 9.65179321e+02, 4.75455963e+02, 9.63227051e+02,
    5.25325073e+02, 9.61161743e+02, 5.76082764e+02, 9.58826782e+02 ]
