%YAML:1.0
---
points: [ 4.08305634e+02, 2.25524033e+02, 4.25094116e+02, 2.25161514e+02,
    4.41554230e+02, 2.24923370e+02, 4.57978821e+02, 2.24614609e+02,
    4.74248840e+02, 2.24509613e+02, 4.90262451e+02, 2.23909546e+02,
    4.08157288e+02, 2.41454590e+02, 4.24705444e+02, 2.41344772e+02,
    4.41279968e+02, 2.40902390e+02, 4.57643982e+02, 2.40808838e+02,
    4.73707123e+02, 2.40534607e+02, 4.89666077e+02, 2.40300537e+02,
    4.08001038e+02, 2.57591614e+02, 4.24544495e+02, 2.57280457e+02,
    4.40858826e+02, 2.57145203e+02, 4.57181274e+02, 2.56771912e+02,
    4.73309082e+02, 2.56726105e+02, 4.89020447e+02, 2.56172241e+02,
    4.07652496e+02, 2.73233368e+02, 4.24226624e+02, 2.73138489e+02,
    4.40483368e+02, 2.72890778e+02, 4.56555420e+02, 2.72812714e+02,
    4.72612213e+02, 2.72381500e+02, 4.88219696e+02, 2.72082672e+02,
    4.07429993e+02, 2.89015930e+02, 4.23769684e+02, 2.88815643e+02,
    4.40024231e+02, 2.88716278e+02, 4.55952087e+02, 2.88336975e+02,
    4.71844116e+02, 2.88118744e+02, 4.87378204e+02, 2.87579987e+02,
    4.07313354e+02, 3.04439056e+02, 4.23425232e+02, 3.04411316e+02,
    4.39484161e+02, 3.04064392e+02, 4.55328857e+02, 3.03917236e+02,
    4.70959442e+02, 3.03453613e+02, 4.86451385e+02, 3.03047760e+02,
    4.06963348e+02, 3.19960938e+02, 4.23039398e+02, 3.19704254e+02,
    4.39023651e+02, 3.19600067e+02, 4.54706268e+02, 3.19181274e+02,
    4.70277954e+02, 3.18910614e+02, 4.85582825e+02, 3.18143372e+02,
    4.06723328e+02, 3.35251709e+02, 4.22800842e+02, 3.35095490e+02,
    4.38542786e+02, 3.34807007e+02, 4.54252106e+02, 3.34714874e+02,
    4.69598846e+02, 3.33953278e+02, 4.84686829e+02, 3.33657349e+02 ]
