%YAML:1.0
---
points: [ 5.74359474e+01, 2.33888550e+02, 7.48663635e+01, 2.32749252e+02,
    9.25779953e+01, 2.31379929e+02, 1.10484818e+02, 2.30139771e+02,
    1.28613907e+02, 2.28767838e+02, 1.46850479e+02, 2.27514069e+02,
    5.99587326e+01, 2.51769745e+02, 7.72989426e+01, 2.50600418e+02,
    9.48792419e+01, 2.49486069e+02, 1.12684975e+02, 2.48150131e+02,
    1.30734344e+02, 2.46842911e+02, 1.48896149e+02, 2.45657440e+02,
    6.25088120e+01, 2.69329285e+02, 7.97276611e+01, 2.68275848e+02,
    9.72351608e+01, 2.67098816e+02, 1.14901726e+02, 2.65962799e+02,
    1.32738693e+02, 2.64807037e+02, 1.50797897e+02, 2.63611389e+02,
    6.52194366e+01, 2.86769073e+02, 8.22543411e+01, 2.85719208e+02,
    9.96089478e+01, 2.84734894e+02, 1.17134369e+02, 2.83629028e+02,
    1.34947845e+02, 2.82474213e+02, 1.52856766e+02, 2.81289764e+02,
    6.78879776e+01, 3.03745117e+02, 8.48343201e+01, 3.02863617e+02,
    1.02081886e+02, 3.01848328e+02, 1.19406487e+02, 3.00896912e+02,
    1.37070206e+02, 2.99891479e+02, 1.54843796e+02, 2.98774292e+02,
    7.06142654e+01, 3.20535126e+02, 8.73926086e+01, 3.19710571e+02,
    1.04396179e+02, 3.18930511e+02, 1.21708061e+02, 3.18024811e+02,
    1.39206390e+02, 3.17075073e+02, 1.56877487e+02, 3.16080811e+02,
    7.31913834e+01, 3.36891144e+02, 8.98822937e+01, 3.36634979e+02,
    1.06739510e+02, 3.35691895e+02, 1.23808006e+02, 3.35080048e+02,
    1.41191666e+02, 3.34212524e+02, 1.58718323e+02, 3.33358643e+02,
    7.58563232e+01, 3.53366882e+02, 9.22255096e+01, 3.53106110e+02,
    1.08900917e+02, 3.52714050e+02, 1.25760620e+02, 3.52109985e+02,
    1.43011124e+02, 3.51450623e+02, 1.60519333e+02, 3.50578979e+02 ]
