%YAML:1.0
---
points: [ 7.67296326e+02, 4.18010956e+02, 8.16272339e+02, 4.17193115e+02,
    8.64611145e+02, 4.16393494e+02, 9.12502136e+02, 4.15449158e+02,
    9.60363098e+02, 4.14586456e+02, 1.00796558e+03, 4.13762085e+02,
    7.67749756e+02, 4.65209442e+02, 8.16868713e+02, 4.64226746e+02,
    8.65530579e+02, 4.63218964e+02, 9.13899719e+02, 4.62027405e+02,
    9.62115906e+02, 4.61197845e+02, 1.01014594e+03, 4.60250641e+02,
    7.68232788e+02, 5.13088745e+02, 8.17587524e+02, 5.12061462e+02,
    8.66634338e+02, 5.10787994e+02, 9.15460632e+02, 5.09474884e+02,
    9.63977539e+02, 5.08381622e+02, 1.01210852e+03, 5.07305969e+02,
    7.68665588e+02, 5.61690308e+02, 8.18323303e+02, 5.60464539e+02,
    8.67829956e+02, 5.59088318e+02, 9.16761841e+02, 5.57656250e+02,
    9.65503235e+02, 5.56361572e+02, 1.01409723e+03, 5.55137512e+02,
    7.69099670e+02, 6.11039795e+02, 8.19122131e+02, 6.09358337e+02,
    8.68908630e+02, 6.07945557e+02, 9.18185486e+02, 6.06546143e+02,
    9.67246704e+02, 6.04958008e+02, 1.01627649e+03, 6.03526917e+02,
    7.69434326e+02, 6.60721375e+02, 8.19875488e+02, 6.59120667e+02,
    8.70014099e+02, 6.57356628e+02, 9.19586121e+02, 6.55673157e+02,
    9.69173035e+02, 6.54177856e+02, 1.01821521e+03, 6.52548889e+02,
    7.69719849e+02, 7.11284424e+02, 8.20667480e+02, 7.09274109e+02,
    8.71087524e+02, 7.07526306e+02, 9.21243408e+02, 7.05725769e+02,
    9.70917786e+02, 7.03889832e+02, 1.02058575e+03, 7.02259399e+02,
    7.69909912e+02, 7.62642578e+02, 8.21341125e+02, 7.60737793e+02,
    8.72161743e+02, 7.58660889e+02, 9.22632019e+02, 7.56552002e+02,
    9.72954895e+02, 7.54758240e+02, 1.02281476e+03, 7.52929871e+02 ]
