%YAML:1.0
---
points: [ 2.77576080e+02, 6.19037109e+02, 3.29237823e+02, 6.15688049e+02,
    3.81103546e+02, 6.12419312e+02, 4.32752167e+02, 6.09139893e+02,
    4.85033356e+02, 6.05816711e+02, 5.37421753e+02, 6.02462402e+02,
    2.84963043e+02, 6.70672913e+02, 3.36180206e+02, 6.67469055e+02,
    3.87602051e+02, 6.64498596e+02, 4.39229584e+02, 6.61274780e+02,
    4.91116089e+02, 6.58145813e+02, 5.43243774e+02, 6.54750549e+02,
    2.92238098e+02, 7.22037048e+02, 3.43414459e+02, 7.18686584e+02,
    3.94360779e+02, 7.15817688e+02, 4.45350922e+02, 7.12853760e+02,
    4.96760498e+02, 7.09747009e+02, 5.48731201e+02, 7.06861755e+02,
    2.99741364e+02, 7.72317322e+02, 3.50380371e+02, 7.69525513e+02,
    4.01203644e+02, 7.66523987e+02, 4.51983673e+02, 7.63863403e+02,
    5.03117584e+02, 7.60784790e+02, 5.54732300e+02, 7.57848450e+02,
    3.07066833e+02, 8.22293396e+02, 3.57334351e+02, 8.19376160e+02,
    4.07788269e+02, 8.16819397e+02, 4.58431671e+02, 8.13862976e+02,
    5.09240540e+02, 8.11427429e+02, 5.60563354e+02, 8.08375610e+02,
    3.14208282e+02, 8.71396301e+02, 3.64366699e+02, 8.68862183e+02,
    4.14381775e+02, 8.66316650e+02, 4.64744019e+02, 8.63767395e+02,
    5.15369873e+02, 8.61094910e+02, 5.66356750e+02, 8.58435852e+02,
    3.21140228e+02, 9.20132690e+02, 3.70753021e+02, 9.17797302e+02,
    4.20614258e+02, 9.15547180e+02, 4.70501465e+02, 9.13243286e+02,
    5.20761841e+02, 9.10819214e+02, 5.71349060e+02, 9.08480347e+02,
    3.27493286e+02, 9.69109802e+02, 3.76500031e+02, 9.66978821e+02,
    4.26058929e+02, 9.65120911e+02, 4.75401367e+02, 9.63123291e+02,
    5.25390686e+02, 9.61050903e+02, 5.76122070e+02, 9.58706726e+02 ]
