%YAML:1.0
---
points: [ 2.18224930e+02, 2.23995422e+02, 2.36638885e+02, 2.22247437e+02,
    2.54848648e+02, 2.20508896e+02, 2.72877411e+02, 2.18739975e+02,
    2.91094940e+02, 2.16991211e+02, 3.09151367e+02, 2.15303024e+02,
    2.19956757e+02, 2.42014160e+02, 2.38278076e+02, 2.40138062e+02,
    2.56483154e+02, 2.38326141e+02, 2.74423035e+02, 2.36600357e+02,
    2.92488373e+02, 2.34854126e+02, 3.10430756e+02, 2.33139648e+02,
    2.21779922e+02, 2.59785980e+02, 2.39925049e+02, 2.57892731e+02,
    2.58066040e+02, 2.56158600e+02, 2.75897369e+02, 2.54288223e+02,
    2.93923920e+02, 2.52552658e+02, 3.11813232e+02, 2.50881500e+02,
    2.23512634e+02, 2.77449646e+02, 2.41573364e+02, 2.75466614e+02,
    2.59610931e+02, 2.73694183e+02, 2.77427124e+02, 2.71894592e+02,
    2.95279846e+02, 2.70115784e+02, 3.13158752e+02, 2.68357666e+02,
    2.25263855e+02, 2.94865448e+02, 2.43236572e+02, 2.92911041e+02,
    2.61156769e+02, 2.91082336e+02, 2.78879028e+02, 2.89235474e+02,
    2.96596802e+02, 2.87420044e+02, 3.14356750e+02, 2.85691742e+02,
    2.26942505e+02, 3.12137390e+02, 2.44888809e+02, 3.10182281e+02,
    2.62673645e+02, 3.08228821e+02, 2.80331177e+02, 3.06377258e+02,
    2.97989319e+02, 3.04562012e+02, 3.15615784e+02, 3.02805481e+02,
    2.28627045e+02, 3.29291870e+02, 2.46485825e+02, 3.27313751e+02,
    2.64238495e+02, 3.25372864e+02, 2.81790070e+02, 3.23543274e+02,
    2.99415985e+02, 3.21724365e+02, 3.16975861e+02, 3.19880005e+02,
    2.30264877e+02, 3.46382416e+02, 2.48076462e+02, 3.44467651e+02,
    2.65736511e+02, 3.42619293e+02, 2.83357635e+02, 3.40778229e+02,
    3.00860809e+02, 3.39005524e+02, 3.18412689e+02, 3.37095734e+02 ]
