%YAML:1.0
---
points: [ 7.43599304e+02, 5.94278625e+02, 7.96889343e+02, 5.89589172e+02,
    8.49864685e+02, 5.85220154e+02, 9.02599548e+02, 5.80548279e+02,
    9.55234314e+02, 5.76005554e+02, 1.00765253e+03, 5.71472351e+02,
    7.48835693e+02, 6.46247925e+02, 8.02067322e+02, 6.41418396e+02,
    8.54631531e+02, 6.36698059e+02, 9.07181274e+02, 6.32378113e+02,
    9.59419922e+02, 6.27608032e+02, 1.01155487e+03, 6.23031006e+02,
    7.54100769e+02, 6.97697021e+02, 8.06829102e+02, 6.92743591e+02,
    8.59375488e+02, 6.88025208e+02, 9.11480530e+02, 6.83362488e+02,
    9.63569458e+02, 6.78641724e+02, 1.01544214e+03, 6.74205261e+02,
    7.59270020e+02, 7.48601196e+02, 8.11704163e+02, 7.43530273e+02,
    8.64017883e+02, 7.38610657e+02, 9.15728455e+02, 7.33775146e+02,
    9.67443726e+02, 7.29153564e+02, 1.01894073e+03, 7.24374023e+02,
    7.64349609e+02, 7.98656311e+02, 8.16565430e+02, 7.93470825e+02,
    8.68522644e+02, 7.88558289e+02, 9.19919495e+02, 7.83704712e+02,
    9.71275085e+02, 7.78882385e+02, 1.02252374e+03, 7.74202271e+02,
    7.69382202e+02, 8.48544312e+02, 8.21470032e+02, 8.43284668e+02,
    8.72910522e+02, 8.38139526e+02, 9.24097900e+02, 8.33218445e+02,
    9.75226379e+02, 8.28279114e+02, 1.02629724e+03, 8.23292664e+02,
    7.74215698e+02, 8.97737183e+02, 8.25865417e+02, 8.92462219e+02,
    8.77228455e+02, 8.87388306e+02, 9.28283997e+02, 8.82326050e+02,
    9.79262207e+02, 8.77386963e+02, 1.02965295e+03, 8.72510132e+02,
    7.78801086e+02, 9.47421021e+02, 8.30193115e+02, 9.42348389e+02,
    8.81443176e+02, 9.37196838e+02, 9.32375549e+02, 9.32162354e+02,
    9.83105835e+02, 9.27338806e+02, 1.03362183e+03, 9.22280701e+02 ]
