%YAML:1.0
---
points: [ 4.09467224e+02, 1.85697983e+02, 4.26501617e+02, 1.85425903e+02,
    4.43182190e+02, 1.85134521e+02, 4.59779510e+02, 1.84802429e+02,
    4.76180054e+02, 1.84783447e+02, 4.92340424e+02, 1.84595993e+02,
    4.09186005e+02, 2.01933578e+02, 4.26051880e+02, 2.01811661e+02,
    4.42663361e+02, 2.01601349e+02, 4.59373016e+02, 2.01516129e+02,
    4.75638031e+02, 2.01196014e+02, 4.91762421e+02, 2.01139755e+02,
    4.08728760e+02, 2.18445267e+02, 4.25554413e+02, 2.18144592e+02,
    4.42192230e+02, 2.17987930e+02, 4.58829834e+02, 2.17757355e+02,
    4.75054230e+02, 2.17793030e+02, 4.91162415e+02, 2.17410126e+02,
    4.08354034e+02, 2.34425339e+02, 4.25096008e+02, 2.34407867e+02,
    4.41662689e+02, 2.34211929e+02, 4.58105743e+02, 2.34076187e+02,
    4.74347687e+02, 2.33793549e+02, 4.90294922e+02, 2.33808899e+02,
    4.08029724e+02, 2.50563782e+02, 4.24599426e+02, 2.50355164e+02,
    4.41130676e+02, 2.50312866e+02, 4.57428070e+02, 2.49977325e+02,
    4.73573334e+02, 2.49999451e+02, 4.89385773e+02, 2.49593414e+02,
    4.07615753e+02, 2.66210541e+02, 4.24169891e+02, 2.66257660e+02,
    4.40474884e+02, 2.66079468e+02, 4.56677490e+02, 2.66060272e+02,
    4.72690033e+02, 2.65670624e+02, 4.88486359e+02, 2.65684448e+02,
    4.07352661e+02, 2.81988556e+02, 4.23708618e+02, 2.81883331e+02,
    4.39967316e+02, 2.81828979e+02, 4.56045959e+02, 2.81679993e+02,
    4.71936768e+02, 2.81639984e+02, 4.87622955e+02, 2.81086731e+02,
    4.07021057e+02, 2.97493805e+02, 4.23356445e+02, 2.97726105e+02,
    4.39579437e+02, 2.97612152e+02, 4.55582550e+02, 2.97591827e+02,
    4.71454071e+02, 2.97208984e+02, 4.86788147e+02, 2.96969940e+02 ]
