%YAML:1.0
---
points: [ 2.18223511e+02, 2.23963318e+02, 2.36629379e+02, 2.22205276e+02,
    2.54809891e+02, 2.20473816e+02, 2.72847168e+02, 2.18694122e+02,
    2.91064117e+02, 2.16934189e+02, 3.09140228e+02, 2.15247971e+02,
    2.19941589e+02, 2.41980087e+02, 2.38284225e+02, 2.40101669e+02,
    2.56447876e+02, 2.38314590e+02, 2.74400696e+02, 2.36560944e+02,
    2.92462128e+02, 2.34816208e+02, 3.10399750e+02, 2.33098557e+02,
    2.21742172e+02, 2.59757996e+02, 2.39900635e+02, 2.57862061e+02,
    2.58071594e+02, 2.56112000e+02, 2.75867432e+02, 2.54259354e+02,
    2.93894562e+02, 2.52521866e+02, 3.11773987e+02, 2.50814270e+02,
    2.23490494e+02, 2.77397980e+02, 2.41572372e+02, 2.75426514e+02,
    2.59587189e+02, 2.73637848e+02, 2.77389893e+02, 2.71859192e+02,
    2.95286652e+02, 2.70083710e+02, 3.13159790e+02, 2.68303986e+02,
    2.25240707e+02, 2.94820343e+02, 2.43218063e+02, 2.92896637e+02,
    2.61112457e+02, 2.91030457e+02, 2.78873596e+02, 2.89189728e+02,
    2.96602295e+02, 2.87372650e+02, 3.14336945e+02, 2.85640533e+02,
    2.26924484e+02, 3.12111176e+02, 2.44864990e+02, 3.10145905e+02,
    2.62653534e+02, 3.08198120e+02, 2.80305908e+02, 3.06349335e+02,
    2.97969238e+02, 3.04515961e+02, 3.15593475e+02, 3.02752136e+02,
    2.28611420e+02, 3.29233673e+02, 2.46449127e+02, 3.27281067e+02,
    2.64220947e+02, 3.25331268e+02, 2.81780457e+02, 3.23484589e+02,
    2.99394531e+02, 3.21682465e+02, 3.16958954e+02, 3.19858978e+02,
    2.30242096e+02, 3.46344330e+02, 2.48041946e+02, 3.44442535e+02,
    2.65734131e+02, 3.42564728e+02, 2.83333588e+02, 3.40718811e+02,
    3.00818237e+02, 3.38957825e+02, 3.18368195e+02, 3.37056763e+02 ]
