%YAML:1.0
---
points: [ 5.03244751e+02, 2.63646271e+02, 5.02029999e+02, 2.78776611e+02,
    5.00765930e+02, 2.93352875e+02, 4.99507996e+02, 3.07973724e+02,
    4.98007263e+02, 3.22196533e+02, 4.96522522e+02, 3.36653046e+02,
    4.88902954e+02, 2.63906036e+02, 4.87788483e+02, 2.78757355e+02,
    4.86746948e+02, 2.93810883e+02, 4.85614685e+02, 3.08337585e+02,
    4.84279022e+02, 3.22884949e+02, 4.82839569e+02, 3.36991608e+02,
    4.74156036e+02, 2.63789764e+02, 4.73130157e+02, 2.78982483e+02,
    4.72197327e+02, 2.93773804e+02, 4.71154724e+02, 3.08769562e+02,
    4.70032227e+02, 3.23153229e+02, 4.68875671e+02, 3.37751862e+02,
    4.59028137e+02, 2.63943085e+02, 4.58195221e+02, 2.78890076e+02,
    4.57434998e+02, 2.93997925e+02, 4.56490143e+02, 3.08685669e+02,
    4.55446259e+02, 3.23457458e+02, 4.54524536e+02, 3.37772125e+02,
    4.43775726e+02, 2.63769684e+02, 4.43059509e+02, 2.78997559e+02,
    4.42285767e+02, 2.93832001e+02, 4.41508636e+02, 3.08919312e+02,
    4.40664368e+02, 3.23509552e+02, 4.39710876e+02, 3.38146820e+02,
    4.28380646e+02, 2.63721954e+02, 4.27715698e+02, 2.78823151e+02,
    4.27102448e+02, 2.93904510e+02, 4.26423615e+02, 3.08687500e+02,
    4.25650024e+02, 3.23617798e+02, 4.24821747e+02, 3.38074677e+02,
    4.12907684e+02, 2.63507904e+02, 4.12384888e+02, 2.78863251e+02,
    4.11766479e+02, 2.93829254e+02, 4.11302643e+02, 3.08729797e+02,
    4.10635193e+02, 3.23533020e+02, 4.09871582e+02, 3.38196991e+02,
    3.97423157e+02, 2.63514618e+02, 3.97079254e+02, 2.78643555e+02,
    3.96562561e+02, 2.93810425e+02, 3.96083252e+02, 3.08705383e+02,
    3.95597473e+02, 3.23670166e+02, 3.94982025e+02, 3.38371765e+02 ]
