%YAML:1.0
---
points: [ 5.63818665e+02, 6.31152954e+02, 6.14561401e+02, 6.29559998e+02,
    6.65426636e+02, 6.28095642e+02, 7.16233643e+02, 6.26429626e+02,
    7.67047424e+02, 6.24857910e+02, 8.18227478e+02, 6.23372864e+02,
    5.61455627e+02, 6.82575378e+02, 6.12822266e+02, 6.81117371e+02,
    6.64109619e+02, 6.79612488e+02, 7.15334290e+02, 6.77881897e+02,
    7.66598083e+02, 6.76429321e+02, 8.18284851e+02, 6.75122375e+02,
    5.59402039e+02, 7.35175354e+02, 6.11193787e+02, 7.33698242e+02,
    6.62873535e+02, 7.32151367e+02, 7.14302307e+02, 7.30491333e+02,
    7.66010193e+02, 7.29113037e+02, 8.18264404e+02, 7.27723450e+02,
    5.57141296e+02, 7.88521240e+02, 6.09299133e+02, 7.87130493e+02,
    6.61432129e+02, 7.85678406e+02, 7.13484497e+02, 7.84067505e+02,
    7.65793945e+02, 7.82596985e+02, 8.18325684e+02, 7.81308655e+02,
    5.54831482e+02, 8.42919495e+02, 6.07477722e+02, 8.41348022e+02,
    6.60134094e+02, 8.39911682e+02, 7.12511597e+02, 8.38580139e+02,
    7.65456604e+02, 8.37249634e+02, 8.18363281e+02, 8.35906250e+02,
    5.52499512e+02, 8.97899658e+02, 6.05631775e+02, 8.96677612e+02,
    6.58677185e+02, 8.95386597e+02, 7.11739563e+02, 8.93868896e+02,
    7.64912292e+02, 8.92739624e+02, 8.18424561e+02, 8.91596741e+02,
    5.49865601e+02, 9.54171387e+02, 6.03321106e+02, 9.53073730e+02,
    6.56878967e+02, 9.51792358e+02, 7.10568420e+02, 9.50609253e+02,
    7.64331909e+02, 9.49621216e+02, 8.18214905e+02, 9.48631775e+02,
    5.47240845e+02, 1.01166913e+03, 6.00997864e+02, 1.01081470e+03,
    6.54842102e+02, 1.00978613e+03, 7.08749023e+02, 1.00893182e+03,
    7.63142517e+02, 1.00798810e+03, 8.17767639e+02, 1.00707074e+03 ]
