%YAML:1.0
---
points: [ 7.43554565e+02, 5.94170898e+02, 7.96855835e+02, 5.89551880e+02,
    8.49903992e+02, 5.84897644e+02, 9.02550659e+02, 5.80453430e+02,
    9.55178528e+02, 5.75840637e+02, 1.00761810e+03, 5.71413818e+02,
    7.48741455e+02, 6.46182068e+02, 8.01966736e+02, 6.41377014e+02,
    8.54569153e+02, 6.36624817e+02, 9.07140381e+02, 6.32135254e+02,
    9.59357666e+02, 6.27496521e+02, 1.01148895e+03, 6.22771912e+02,
    7.54050781e+02, 6.97576599e+02, 8.06754944e+02, 6.92644165e+02,
    8.59329041e+02, 6.87768738e+02, 9.11433960e+02, 6.83321594e+02,
    9.63538696e+02, 6.78538330e+02, 1.01533966e+03, 6.74023193e+02,
    7.59200134e+02, 7.48489929e+02, 8.11678162e+02, 7.43464111e+02,
    8.63907227e+02, 7.38555847e+02, 9.15716553e+02, 7.33611084e+02,
    9.67352051e+02, 7.28940063e+02, 1.01889044e+03, 7.24211060e+02,
    7.64369690e+02, 7.98565369e+02, 8.16529480e+02, 7.93397888e+02,
    8.68518127e+02, 7.88500977e+02, 9.19739807e+02, 7.83548645e+02,
    9.71182861e+02, 7.78696777e+02, 1.02252655e+03, 7.74059631e+02,
    7.69306396e+02, 8.48506042e+02, 8.21414368e+02, 8.43247375e+02,
    8.72855957e+02, 8.37942261e+02, 9.23972412e+02, 8.33036926e+02,
    9.75217957e+02, 8.28091125e+02, 1.02622717e+03, 8.23167175e+02,
    7.74216736e+02, 8.97607056e+02, 8.25796753e+02, 8.92461060e+02,
    8.77199524e+02, 8.87247864e+02, 9.28186523e+02, 8.82197510e+02,
    9.79184998e+02, 8.77284058e+02, 1.02965833e+03, 8.72438782e+02,
    7.78770569e+02, 9.47300537e+02, 8.30143311e+02, 9.42107178e+02,
    8.81396484e+02, 9.37024902e+02, 9.32378235e+02, 9.32104126e+02,
    9.83006897e+02, 9.27310181e+02, 1.03355347e+03, 9.22083069e+02 ]
