%YAML:1.0
---
points: [ 7.52256836e+02, 4.75447876e+02, 8.04532959e+02, 4.71087830e+02,
    8.56495667e+02, 4.66832458e+02, 9.08248657e+02, 4.62705963e+02,
    9.59899902e+02, 4.58640472e+02, 1.01155402e+03, 4.54514435e+02,
    7.57493835e+02, 5.26911011e+02, 8.09428162e+02, 5.22665283e+02,
    8.61006714e+02, 5.18369751e+02, 9.12506592e+02, 5.14108582e+02,
    9.64073730e+02, 5.09784576e+02, 1.01532336e+03, 5.05740570e+02,
    7.62551514e+02, 5.77818176e+02, 8.14218811e+02, 5.73552551e+02,
    8.65591736e+02, 5.69433228e+02, 9.16780640e+02, 5.65135620e+02,
    9.67943665e+02, 5.60776123e+02, 1.01881494e+03, 5.56487244e+02,
    7.67705139e+02, 6.28334839e+02, 8.19053284e+02, 6.23741882e+02,
    8.70176697e+02, 6.19434082e+02, 9.21053040e+02, 6.15138306e+02,
    9.71646790e+02, 6.10941772e+02, 1.02238477e+03, 6.06662720e+02,
    7.72722534e+02, 6.77837402e+02, 8.23711182e+02, 6.73458740e+02,
    8.74646057e+02, 6.69156982e+02, 9.24991455e+02, 6.64721863e+02,
    9.75431152e+02, 6.60373779e+02, 1.02588220e+03, 6.55872681e+02,
    7.77649231e+02, 7.27134460e+02, 8.28532776e+02, 7.22442505e+02,
    8.79021240e+02, 7.17919067e+02, 9.29060364e+02, 7.13459717e+02,
    9.79350830e+02, 7.08926392e+02, 1.02922693e+03, 7.04666321e+02,
    7.82383911e+02, 7.75619629e+02, 8.33043030e+02, 7.70946289e+02,
    8.83231873e+02, 7.66373230e+02, 9.33094299e+02, 7.61958130e+02,
    9.82945984e+02, 7.57591980e+02, 1.03283484e+03, 7.53520142e+02,
    7.87074585e+02, 8.24196472e+02, 8.37420410e+02, 8.19496216e+02,
    8.87323120e+02, 8.15096069e+02, 9.37202881e+02, 8.10769714e+02,
    9.86741150e+02, 8.06536072e+02, 1.03648511e+03, 8.02063660e+02 ]
