%YAML:1.0
---
points: [ 223., 189., 2.37500000e+02, 187., 2.56138336e+02,
    1.79691864e+02, 2.73788330e+02, 1.77954498e+02, 2.91703308e+02,
    1.76381516e+02, 3.09540619e+02, 1.74693451e+02, 2.21747238e+02,
    2.00589951e+02, 2.39870590e+02, 1.98929382e+02, 2.57693970e+02,
    1.97275238e+02, 2.75333069e+02, 1.95750000e+02, 2.93027527e+02,
    1.94165482e+02, 3.10737732e+02, 1.92534698e+02, 2.23647202e+02,
    2.18349731e+02, 2.41487350e+02, 2.16637451e+02, 2.59149323e+02,
    2.14936615e+02, 2.76711945e+02, 2.13325348e+02, 2.94388519e+02,
    2.11725372e+02, 3.12038361e+02, 2.10094894e+02, 2.25332123e+02,
    2.35710495e+02, 2.43103531e+02, 2.33992783e+02, 2.60643097e+02,
    2.32322205e+02, 2.78199799e+02, 2.30687469e+02, 2.95667969e+02,
    2.29054596e+02, 3.13235229e+02, 2.27412872e+02, 2.27077393e+02,
    2.52908646e+02, 2.44649399e+02, 2.51193848e+02, 2.62147705e+02,
    2.49465942e+02, 2.79561981e+02, 2.47833542e+02, 2.97020813e+02,
    2.46238098e+02, 3.14357758e+02, 2.44571579e+02, 2.28732986e+02,
    2.69868378e+02, 2.46219360e+02, 2.68159424e+02, 2.63606079e+02,
    2.66417389e+02, 2.80926636e+02, 2.64721863e+02, 2.98274841e+02,
    2.63129608e+02, 3.15521149e+02, 2.61434753e+02, 2.30367111e+02,
    2.86739288e+02, 2.47773300e+02, 2.84998810e+02, 2.65158295e+02,
    2.83280304e+02, 2.82357941e+02, 2.81652893e+02, 2.99616577e+02,
    2.80087067e+02, 3.16872101e+02, 2.78370422e+02, 2.31949265e+02,
    3.03638367e+02, 2.49329147e+02, 3.01944031e+02, 2.66606110e+02,
    3.00279205e+02, 2.83803894e+02, 2.98605133e+02, 3.01031738e+02,
    2.97002716e+02, 3.18226074e+02, 2.95319214e+02 ]
