%YAML:1.0
---
points: [ 7.52264587e+02, 4.75396362e+02, 8.04540649e+02, 4.71124664e+02,
    8.56540100e+02, 4.66752716e+02, 9.08200256e+02, 4.62609039e+02,
    9.59954529e+02, 4.58588318e+02, 1.01157135e+03, 4.54462463e+02,
    7.57465454e+02, 5.26809387e+02, 8.09440552e+02, 5.22619812e+02,
    8.61085205e+02, 5.18340332e+02, 9.12488342e+02, 5.13951355e+02,
    9.64026794e+02, 5.09704773e+02, 1.01529999e+03, 5.05641113e+02,
    7.62551636e+02, 5.77728027e+02, 8.14266418e+02, 5.73475647e+02,
    8.65610657e+02, 5.69368286e+02, 9.16779663e+02, 5.65051880e+02,
    9.67987854e+02, 5.60655579e+02, 1.01882977e+03, 5.56437561e+02,
    7.67736633e+02, 6.28288330e+02, 8.18983582e+02, 6.23712158e+02,
    8.70194336e+02, 6.19375244e+02, 9.21069031e+02, 6.15020447e+02,
    9.71637512e+02, 6.10799866e+02, 1.02246106e+03, 6.06579529e+02,
    7.72733948e+02, 6.77716980e+02, 8.23729065e+02, 6.73417236e+02,
    8.74652039e+02, 6.69134583e+02, 9.25120056e+02, 6.64649780e+02,
    9.75443115e+02, 6.60325745e+02, 1.02589954e+03, 6.55821838e+02,
    7.77603149e+02, 7.27040955e+02, 8.28563843e+02, 7.22386536e+02,
    8.78977295e+02, 7.17828186e+02, 9.29088562e+02, 7.13419495e+02,
    9.79357483e+02, 7.08874451e+02, 1.02924622e+03, 7.04594482e+02,
    7.82384583e+02, 7.75561401e+02, 8.33036438e+02, 7.70899475e+02,
    8.83283325e+02, 7.66377136e+02, 9.33180847e+02, 7.61857300e+02,
    9.82930603e+02, 7.57536072e+02, 1.03282373e+03, 7.53439697e+02,
    7.87099854e+02, 8.24106140e+02, 8.37430176e+02, 8.19430481e+02,
    8.87370728e+02, 8.14977234e+02, 9.37212158e+02, 8.10760925e+02,
    9.86781494e+02, 8.06536560e+02, 1.03640991e+03, 8.01902710e+02 ]
