%YAML:1.0
---
points: [ 5.50738953e+02, 4.85079620e+02, 6.00831238e+02, 4.82515167e+02,
    6.50440979e+02, 4.80459747e+02, 7.00290222e+02, 4.77981659e+02,
    7.50038940e+02, 4.75820312e+02, 8.00098694e+02, 4.73368713e+02,
    5.49346497e+02, 5.33904968e+02, 5.99701416e+02, 5.31714600e+02,
    6.49856201e+02, 5.29352783e+02, 7.00024414e+02, 5.27098145e+02,
    7.50250671e+02, 5.24730103e+02, 8.00590759e+02, 5.22597595e+02,
    5.48018188e+02, 5.84016907e+02, 5.98616943e+02, 5.81648499e+02,
    6.49259766e+02, 5.79435303e+02, 6.99731445e+02, 5.77011658e+02,
    7.50271301e+02, 5.74780518e+02, 8.01269958e+02, 5.72504456e+02,
    5.46520996e+02, 6.34703613e+02, 5.97590271e+02, 6.32570251e+02,
    6.48691101e+02, 6.30147644e+02, 6.99599060e+02, 6.27979126e+02,
    7.50629211e+02, 6.25604004e+02, 8.01853271e+02, 6.23462891e+02,
    5.44969238e+02, 6.86513306e+02, 5.96584839e+02, 6.84152161e+02,
    6.48138184e+02, 6.81847900e+02, 6.99293823e+02, 6.79686157e+02,
    7.50759521e+02, 6.77320190e+02, 8.02497009e+02, 6.75312256e+02,
    5.43336060e+02, 7.38841736e+02, 5.95431213e+02, 7.36585938e+02,
    6.47412903e+02, 7.34317627e+02, 6.99141113e+02, 7.32282043e+02,
    7.51075195e+02, 7.29893921e+02, 8.03148865e+02, 7.27875427e+02,
    5.41579102e+02, 7.92103394e+02, 5.93915649e+02, 7.89874329e+02,
    6.46341919e+02, 7.87671692e+02, 6.98593506e+02, 7.85627380e+02,
    7.50984924e+02, 7.83465393e+02, 8.03562012e+02, 7.81408630e+02,
    5.39355530e+02, 8.46622070e+02, 5.91930176e+02, 8.44590759e+02,
    6.44735474e+02, 8.42494141e+02, 6.97480103e+02, 8.40382874e+02,
    7.50435608e+02, 8.38445312e+02, 8.03703857e+02, 8.36412598e+02 ]
