%YAML:1.0
---
points: [ 3.89889648e+02, 2.41127045e+02, 3.90616577e+02, 2.25838211e+02,
    3.91368134e+02, 2.10160172e+02, 3.92011688e+02, 1.94677322e+02,
    3.92776367e+02, 1.78752396e+02, 3.93462585e+02, 1.62860580e+02,
    4.05376984e+02, 2.41295181e+02, 4.06170563e+02, 2.25820114e+02,
    4.06900635e+02, 2.10290894e+02, 4.07635620e+02, 1.94669708e+02,
    4.08536621e+02, 1.78917984e+02, 4.09396606e+02, 1.62944122e+02,
    4.20781464e+02, 2.41379837e+02, 4.21641632e+02, 2.25952744e+02,
    4.22474030e+02, 2.10488693e+02, 4.23329834e+02, 1.94854797e+02,
    4.24241028e+02, 1.79056641e+02, 4.25064423e+02, 1.63179733e+02,
    4.36312592e+02, 2.41663467e+02, 4.37209656e+02, 2.26098373e+02,
    4.38094604e+02, 2.10692123e+02, 4.38940277e+02, 1.94801758e+02,
    4.39815125e+02, 1.79358109e+02, 4.40797760e+02, 1.63332611e+02,
    4.51617615e+02, 2.41681229e+02, 4.52608185e+02, 2.26426208e+02,
    4.53564545e+02, 2.10717712e+02, 4.54450684e+02, 1.95316895e+02,
    4.55429596e+02, 1.79409195e+02, 4.56309296e+02, 1.63699722e+02,
    4.66767212e+02, 2.41869476e+02, 4.67768524e+02, 2.26517441e+02,
    4.68743073e+02, 2.10985550e+02, 4.69762085e+02, 1.95359604e+02,
    4.70679688e+02, 1.79808365e+02, 4.71703674e+02, 1.63747940e+02,
    4.81503387e+02, 2.41732651e+02, 4.82625244e+02, 2.26730438e+02,
    4.83781403e+02, 2.11062836e+02, 4.84737366e+02, 1.95780716e+02,
    4.85744141e+02, 1.79762466e+02, 4.86683472e+02, 1.64248474e+02,
    4.95879761e+02, 2.41906754e+02, 4.97005280e+02, 2.26659775e+02,
    4.98193695e+02, 2.11439301e+02, 4.99291779e+02, 1.95722137e+02,
    5.00299622e+02, 1.80334946e+02, 5.01286072e+02, 1.64563187e+02 ]
