%YAML:1.0
---
points: [ 2.20627151e+02, 1.83124390e+02, 2.37710312e+02, 1.81243301e+02,
    2.56141327e+02, 1.79682037e+02, 2.73791870e+02, 1.77947937e+02,
    2.91715240e+02, 1.76358261e+02, 3.09546875e+02, 1.74657700e+02,
    2.21728088e+02, 2.00536835e+02, 2.39851929e+02, 1.98904617e+02,
    2.57678345e+02, 1.97265137e+02, 2.75342407e+02, 1.95730637e+02,
    2.93041321e+02, 1.94112396e+02, 3.10753601e+02, 1.92489731e+02,
    2.23647583e+02, 2.18314499e+02, 2.41478378e+02, 2.16609390e+02,
    2.59168549e+02, 2.14913620e+02, 2.76711578e+02, 2.13309982e+02,
    2.94355499e+02, 2.11699341e+02, 3.12076935e+02, 2.10067932e+02,
    2.25324966e+02, 2.35703247e+02, 2.43108582e+02, 2.33988235e+02,
    2.60618835e+02, 2.32306732e+02, 2.78191376e+02, 2.30658371e+02,
    2.95668243e+02, 2.29034561e+02, 3.13271942e+02, 2.27393616e+02,
    2.27084274e+02, 2.52875656e+02, 2.44661041e+02, 2.51184555e+02,
    2.62148895e+02, 2.49434097e+02, 2.79563995e+02, 2.47813599e+02,
    2.97031097e+02, 2.46225311e+02, 3.14368591e+02, 2.44555511e+02,
    2.28734512e+02, 2.69863037e+02, 2.46230392e+02, 2.68149139e+02,
    2.63593781e+02, 2.66387268e+02, 2.80943726e+02, 2.64700134e+02,
    2.98267365e+02, 2.63092651e+02, 3.15533783e+02, 2.61411591e+02,
    2.30355667e+02, 2.86692566e+02, 2.47771301e+02, 2.84971649e+02,
    2.65163513e+02, 2.83276550e+02, 2.82362335e+02, 2.81627716e+02,
    2.99617889e+02, 2.80065063e+02, 3.16878601e+02, 2.78365997e+02,
    2.31952621e+02, 3.03621918e+02, 2.49334213e+02, 3.01928802e+02,
    2.66616302e+02, 3.00257019e+02, 2.83810089e+02, 2.98566376e+02,
    3.01034149e+02, 2.96973206e+02, 3.18234741e+02, 2.95313171e+02 ]
