%YAML:1.0
---
points: [ 7.52225281e+02, 4.75399414e+02, 8.04451416e+02, 4.71046173e+02,
    8.56451721e+02, 4.66796570e+02, 9.08191406e+02, 4.62605316e+02,
    9.59885498e+02, 4.58574585e+02, 1.01150787e+03, 4.54470520e+02,
    7.57392578e+02, 5.26813110e+02, 8.09400818e+02, 5.22608826e+02,
    8.60981079e+02, 5.18332764e+02, 9.12419800e+02, 5.13995300e+02,
    9.64024353e+02, 5.09769043e+02, 1.01527740e+03, 5.05689545e+02,
    7.62487732e+02, 5.77733459e+02, 8.14211609e+02, 5.73532349e+02,
    8.65538269e+02, 5.69391724e+02, 9.16693298e+02, 5.65004944e+02,
    9.67850525e+02, 5.60699585e+02, 1.01874634e+03, 5.56430786e+02,
    7.67692078e+02, 6.28282410e+02, 8.18918518e+02, 6.23685364e+02,
    8.70156189e+02, 6.19410889e+02, 9.20857178e+02, 6.15076782e+02,
    9.71580322e+02, 6.10827759e+02, 1.02231873e+03, 6.06591370e+02,
    7.72709839e+02, 6.77757935e+02, 8.23653259e+02, 6.73431213e+02,
    8.74580505e+02, 6.69030518e+02, 9.24941589e+02, 6.64668213e+02,
    9.75359924e+02, 6.60331970e+02, 1.02580957e+03, 6.55819641e+02,
    7.77559998e+02, 7.27016235e+02, 8.28488770e+02, 7.22382080e+02,
    8.78941833e+02, 7.17790588e+02, 9.28961365e+02, 7.13430908e+02,
    9.79260376e+02, 7.08902100e+02, 1.02917822e+03, 7.04575134e+02,
    7.82355469e+02, 7.75559021e+02, 8.32936768e+02, 7.70858948e+02,
    8.83180847e+02, 7.66341003e+02, 9.33097778e+02, 7.61846863e+02,
    9.82806091e+02, 7.57505066e+02, 1.03278564e+03, 7.53407654e+02,
    7.86952942e+02, 8.24059998e+02, 8.37366760e+02, 8.19445251e+02,
    8.87290405e+02, 8.14946838e+02, 9.37183105e+02, 8.10741150e+02,
    9.86672180e+02, 8.06514709e+02, 1.03641333e+03, 8.01920654e+02 ]
