%YAML:1.0
---
points: [ 223., 1.89500000e+02, 2.37500000e+02, 1.87500000e+02,
    2.56110748e+02, 1.79696243e+02, 2.73783203e+02, 1.77921890e+02,
    2.91675415e+02, 1.76359207e+02, 3.09522278e+02, 1.74673126e+02,
    2.21718552e+02, 2.00570648e+02, 2.39818512e+02, 1.98919998e+02,
    2.57670441e+02, 1.97272812e+02, 2.75300659e+02, 1.95741394e+02,
    2.93015411e+02, 1.94126801e+02, 3.10713562e+02, 1.92513275e+02,
    2.23613327e+02, 2.18338669e+02, 2.41430725e+02, 2.16610840e+02,
    2.59145264e+02, 2.14922623e+02, 2.76688568e+02, 2.13310425e+02,
    2.94342529e+02, 2.11710907e+02, 3.12024902e+02, 2.10086639e+02,
    2.25328079e+02, 2.35694885e+02, 2.43074677e+02, 2.33980011e+02,
    2.60613251e+02, 2.32316345e+02, 2.78165375e+02, 2.30669159e+02,
    2.95632568e+02, 2.29041199e+02, 3.13230896e+02, 2.27401047e+02,
    2.27059082e+02, 2.52871140e+02, 2.44616074e+02, 2.51172043e+02,
    2.62135162e+02, 2.49437103e+02, 2.79534576e+02, 2.47818436e+02,
    2.96992004e+02, 2.46228271e+02, 3.14340057e+02, 2.44545105e+02,
    2.28724655e+02, 2.69870483e+02, 2.46222870e+02, 2.68149994e+02,
    2.63569366e+02, 2.66394745e+02, 2.80905731e+02, 2.64719604e+02,
    2.98252106e+02, 2.63089142e+02, 3.15497009e+02, 2.61421021e+02,
    2.30326126e+02, 2.86702362e+02, 2.47732346e+02, 2.84981903e+02,
    2.65138306e+02, 2.83268829e+02, 2.82327332e+02, 2.81639221e+02,
    2.99593231e+02, 2.80071838e+02, 3.16853668e+02, 2.78374054e+02,
    2.31932434e+02, 3.03620178e+02, 2.49314865e+02, 3.01914215e+02,
    2.66598846e+02, 3.00255493e+02, 2.83783508e+02, 2.98572357e+02,
    3.01006104e+02, 2.96974548e+02, 3.18206757e+02, 2.95312378e+02 ]
