%YAML:1.0
---
points: [ 5.70780090e+02, 3.65386200e+02, 6.19736938e+02, 3.62744202e+02,
    6.68748962e+02, 3.60222412e+02, 7.17547180e+02, 3.57609528e+02,
    7.66658691e+02, 3.54985535e+02, 8.16194702e+02, 3.52350464e+02,
    5.69607971e+02, 4.12817322e+02, 6.18812561e+02, 4.10248657e+02,
    6.68295593e+02, 4.07754333e+02, 7.17486755e+02, 4.05129242e+02,
    7.66949341e+02, 4.02688263e+02, 8.16753845e+02, 3.99955353e+02,
    5.68455139e+02, 4.61151733e+02, 6.18100586e+02, 4.58713654e+02,
    6.67745483e+02, 4.56135620e+02, 7.17326111e+02, 4.53709381e+02,
    7.67137207e+02, 4.50971893e+02, 8.17359680e+02, 4.48593506e+02,
    5.67144287e+02, 5.10317657e+02, 6.17255371e+02, 5.07880249e+02,
    6.67217529e+02, 5.05443085e+02, 7.17336731e+02, 5.02873932e+02,
    7.67579895e+02, 5.00568420e+02, 8.18062622e+02, 4.98047638e+02,
    5.65837463e+02, 5.60221191e+02, 6.16409302e+02, 5.57755066e+02,
    6.66686646e+02, 5.55370911e+02, 7.17197754e+02, 5.53089905e+02,
    7.67856323e+02, 5.50578979e+02, 8.18739624e+02, 5.48372803e+02,
    5.64446411e+02, 6.10666138e+02, 6.15359009e+02, 6.08381775e+02,
    6.66217651e+02, 6.06218201e+02, 7.17194214e+02, 6.03747742e+02,
    7.68333191e+02, 6.01566772e+02, 8.19521301e+02, 5.99217712e+02,
    5.62801025e+02, 6.61875977e+02, 6.14043457e+02, 6.59865845e+02,
    6.65422119e+02, 6.57573730e+02, 7.16792419e+02, 6.55358337e+02,
    7.68382385e+02, 6.53275818e+02, 8.20137085e+02, 6.51092896e+02,
    5.60672485e+02, 7.14451660e+02, 6.12388733e+02, 7.12399841e+02,
    6.64076904e+02, 7.10251160e+02, 7.15835510e+02, 7.08084656e+02,
    7.67896118e+02, 7.06061340e+02, 8.20406372e+02, 7.03848877e+02 ]
