%YAML:1.0
---
points: [ 3.74796692e+02, 1.93668808e+02, 3.75438477e+02, 1.78223022e+02,
    3.76085846e+02, 1.62404205e+02, 3.76630341e+02, 1.46702515e+02,
    3.77289368e+02, 1.30658051e+02, 3.77946350e+02, 1.14598473e+02,
    3.90037231e+02, 1.93708160e+02, 3.90698547e+02, 1.78184708e+02,
    3.91395416e+02, 1.62581161e+02, 3.92103699e+02, 1.46729691e+02,
    3.92743713e+02, 1.30830399e+02, 3.93500275e+02, 1.14773758e+02,
    4.05244446e+02, 1.93689880e+02, 4.05970245e+02, 1.78258560e+02,
    4.06763580e+02, 1.62617142e+02, 4.07499054e+02, 1.46847656e+02,
    4.08222107e+02, 1.30940887e+02, 4.08889496e+02, 1.14923943e+02,
    4.20425262e+02, 1.93802429e+02, 4.21309021e+02, 1.78252045e+02,
    4.22127808e+02, 1.62703964e+02, 4.22773224e+02, 1.46912506e+02,
    4.23531403e+02, 1.31192749e+02, 4.24198486e+02, 1.15050110e+02,
    4.35648621e+02, 1.93797577e+02, 4.36421539e+02, 1.78546570e+02,
    4.37279480e+02, 1.62779694e+02, 4.38072449e+02, 1.47150360e+02,
    4.38727875e+02, 1.31363541e+02, 4.39448822e+02, 1.15561455e+02,
    4.50628632e+02, 1.93937042e+02, 4.51486298e+02, 1.78453430e+02,
    4.52274109e+02, 1.62954041e+02, 4.52995819e+02, 1.47329666e+02,
    4.53761139e+02, 1.31719910e+02, 4.54511505e+02, 1.15675629e+02,
    4.65215393e+02, 1.93897751e+02, 4.66085785e+02, 1.78751633e+02,
    4.67010620e+02, 1.63092514e+02, 4.67762848e+02, 1.47725845e+02,
    4.68532196e+02, 1.31874329e+02, 4.69155304e+02, 1.16362450e+02,
    4.79611389e+02, 1.94138763e+02, 4.80539001e+02, 1.78717941e+02,
    4.81318634e+02, 1.63567108e+02, 4.82062256e+02, 1.47822479e+02,
    4.82814453e+02, 1.32543594e+02, 4.83573029e+02, 1.16667992e+02 ]
