%YAML:1.0
---
points: [ 1.24124548e+03, 5.93512383e+01, 1.29350952e+03, 5.58944626e+01,
    1.34554529e+03, 5.26306229e+01, 1.39738354e+03, 4.93527908e+01,
    1.44911731e+03, 4.59516525e+01, 1.50042969e+03, 4.27750130e+01,
    1.24291382e+03, 1.15055054e+02, 1.29497534e+03, 1.11613838e+02,
    1.34676953e+03, 1.08086899e+02, 1.39821021e+03, 1.04446457e+02,
    1.44948840e+03, 1.01280571e+02, 1.50062097e+03, 9.76936951e+01,
    1.24456165e+03, 1.70077774e+02, 1.29629089e+03, 1.66449265e+02,
    1.34771631e+03, 1.62772339e+02, 1.39893005e+03, 1.59330917e+02,
    1.45013342e+03, 1.55500534e+02, 1.50095862e+03, 1.51935211e+02,
    1.24619165e+03, 2.24290680e+02, 1.29730090e+03, 2.20458679e+02,
    1.34853979e+03, 2.16712418e+02, 1.39938342e+03, 2.13102859e+02,
    1.44997021e+03, 2.09358383e+02, 1.50056641e+03, 2.05745850e+02,
    1.24769727e+03, 2.77488678e+02, 1.29844592e+03, 2.73709320e+02,
    1.34923755e+03, 2.70013214e+02, 1.39970728e+03, 2.66162781e+02,
    1.45005701e+03, 2.62285980e+02, 1.50033472e+03, 2.58621277e+02,
    1.24929016e+03, 3.29714569e+02, 1.29977161e+03, 3.25818909e+02,
    1.35000024e+03, 3.22249451e+02, 1.40013660e+03, 3.18259918e+02,
    1.45004602e+03, 3.14352753e+02, 1.50003528e+03, 3.10638092e+02,
    1.25089282e+03, 3.81252197e+02, 1.30118115e+03, 3.77338379e+02,
    1.35098157e+03, 3.73354553e+02, 1.40089062e+03, 3.69602844e+02,
    1.45070862e+03, 3.65733215e+02, 1.50045996e+03, 3.61738098e+02,
    1.25284106e+03, 4.32083221e+02, 1.30282581e+03, 4.28241058e+02,
    1.35274854e+03, 4.24283997e+02, 1.40236108e+03, 4.20290375e+02,
    1.45229175e+03, 4.16517303e+02, 1.50131226e+03, 4.12674896e+02 ]
