%YAML:1.0
---
points: [ 3.88469727e+02, 3.74043732e+01, 4.05863495e+02, 3.65647812e+01,
    4.22965424e+02, 3.59095726e+01, 4.39798431e+02, 3.55726280e+01,
    4.55923737e+02, 3.54905472e+01, 4.71806580e+02, 3.52451286e+01,
    3.89434814e+02, 5.62169647e+01, 4.06782684e+02, 5.53027267e+01,
    4.24162872e+02, 5.44020424e+01, 4.40810425e+02, 5.37313957e+01,
    4.57210785e+02, 5.31718445e+01, 4.73038696e+02, 5.29896851e+01,
    3.90053009e+02, 7.49769363e+01, 4.07666504e+02, 7.37382355e+01,
    4.24790436e+02, 7.28490524e+01, 4.41722595e+02, 7.17340469e+01,
    4.58160217e+02, 7.13361053e+01, 4.74257111e+02, 7.05751495e+01,
    3.90801910e+02, 9.36242065e+01, 4.08250702e+02, 9.24572144e+01,
    4.25541168e+02, 9.11175690e+01, 4.42325348e+02, 9.02283249e+01,
    4.58803802e+02, 8.92529831e+01, 4.74799896e+02, 8.87290726e+01,
    3.91297485e+02, 1.12188622e+02, 4.08799316e+02, 1.10726624e+02,
    4.25838226e+02, 1.09577560e+02, 4.42785126e+02, 1.08239922e+02,
    4.59385956e+02, 1.07272339e+02, 4.75305359e+02, 1.06235390e+02,
    3.91871338e+02, 1.30243195e+02, 4.09237976e+02, 1.28853836e+02,
    4.26344727e+02, 1.27579826e+02, 4.43043915e+02, 1.26269409e+02,
    4.59688629e+02, 1.24937592e+02, 4.75704254e+02, 1.24048874e+02,
    3.92377167e+02, 1.48237106e+02, 4.09731293e+02, 1.46691696e+02,
    4.26818481e+02, 1.45297226e+02, 4.43631622e+02, 1.43775360e+02,
    4.59983246e+02, 1.42689636e+02, 4.76159607e+02, 1.41450363e+02, 395.,
    159., 4.10383392e+02, 1.64422607e+02, 4.27504913e+02, 1.62841812e+02,
    4.44331207e+02, 1.61556931e+02, 4.60757446e+02, 1.60111267e+02,
    4.76787476e+02, 1.58893509e+02 ]
