%YAML:1.0
---
points: [ 4.93663269e+02, 1.20502098e+02, 5.47023926e+02, 1.19314255e+02,
    6.00271057e+02, 1.18189499e+02, 6.53419434e+02, 1.16996758e+02,
    7.06776489e+02, 1.15677925e+02, 7.60009949e+02, 1.14466042e+02,
    4.95636047e+02, 1.74383041e+02, 5.48857422e+02, 1.73101227e+02,
    6.01931152e+02, 1.71815445e+02, 6.55116516e+02, 1.70757721e+02,
    7.08367065e+02, 1.69711761e+02, 7.61516968e+02, 1.68447037e+02,
    4.97604858e+02, 2.28245605e+02, 5.50738342e+02, 2.27002228e+02,
    6.03764954e+02, 2.25625458e+02, 6.56781433e+02, 2.24578995e+02,
    7.10003296e+02, 2.23451355e+02, 7.63171204e+02, 2.22188156e+02,
    4.99885742e+02, 2.81674896e+02, 5.52884766e+02, 2.80548920e+02,
    6.05941345e+02, 2.79353638e+02, 6.58821777e+02, 2.78246765e+02,
    7.11754028e+02, 2.77111511e+02, 7.64711609e+02, 2.75877289e+02,
    5.01869995e+02, 3.34751190e+02, 5.54801208e+02, 3.33849884e+02,
    6.07772156e+02, 3.32706512e+02, 6.60504761e+02, 3.31529541e+02,
    7.13384766e+02, 3.30428253e+02, 7.66283997e+02, 3.29309204e+02,
    5.03725037e+02, 3.87702271e+02, 5.56714050e+02, 3.86573212e+02,
    6.09669128e+02, 3.85655518e+02, 6.62399719e+02, 3.84486786e+02,
    7.15263184e+02, 3.83286377e+02, 7.67905090e+02, 3.82289124e+02,
    5.05632660e+02, 4.40349396e+02, 5.58582764e+02, 4.39226624e+02,
    6.11396484e+02, 4.38254974e+02, 6.63839050e+02, 4.37177490e+02,
    7.16546570e+02, 4.35934875e+02, 7.69265564e+02, 4.34779663e+02,
    5.07066620e+02, 4.92853333e+02, 5.59718079e+02, 4.91845612e+02,
    6.12417969e+02, 4.90770660e+02, 6.64774170e+02, 4.89672546e+02,
    7.17382019e+02, 4.88539276e+02, 7.70078308e+02, 4.87475616e+02 ]
