%YAML:1.0
---
points: [ 2.30611664e+02, 2.72897888e+02, 2.30985443e+02, 2.59260284e+02,
    2.31252045e+02, 2.45538025e+02, 2.31622391e+02, 2.31790756e+02,
    2.31955460e+02, 2.17922760e+02, 2.32273529e+02, 2.03983536e+02,
    2.44440063e+02, 2.73153229e+02, 2.44800232e+02, 2.59540344e+02,
    2.45182983e+02, 2.45843567e+02, 2.45441040e+02, 2.32159927e+02,
    2.45878784e+02, 2.18266998e+02, 2.46208832e+02, 2.04255890e+02,
    2.58246582e+02, 2.73584564e+02, 2.58548309e+02, 2.59888092e+02,
    2.59002472e+02, 2.46196030e+02, 2.59318817e+02, 2.32536377e+02,
    2.59709259e+02, 2.18683914e+02, 2.60232727e+02, 2.04730545e+02,
    2.72036591e+02, 2.73966522e+02, 2.72371674e+02, 2.60375946e+02,
    2.72827148e+02, 2.46683136e+02, 2.73222961e+02, 2.32952469e+02,
    2.73610413e+02, 2.19184326e+02, 2.74050751e+02, 2.05210251e+02,
    2.85818420e+02, 2.74550110e+02, 2.86274231e+02, 2.60782990e+02,
    2.86686432e+02, 2.47135498e+02, 2.87191833e+02, 2.33403351e+02,
    2.87607117e+02, 2.19545792e+02, 2.88176758e+02, 2.05578400e+02,
    2.99701233e+02, 2.75012665e+02, 3.00183472e+02, 2.61350891e+02,
    3.00645233e+02, 2.47569275e+02, 3.01135498e+02, 2.33831985e+02,
    3.01654022e+02, 2.20033630e+02, 3.02115265e+02, 2.06085205e+02,
    3.13523987e+02, 2.75452698e+02, 3.14147491e+02, 2.61773895e+02,
    3.14612244e+02, 2.48068542e+02, 3.15180298e+02, 2.34291229e+02,
    3.15713440e+02, 2.20402145e+02, 3.16338135e+02, 2.06412598e+02,
    3.27472443e+02, 2.75956146e+02, 3.28035309e+02, 2.62202972e+02,
    3.28603271e+02, 2.48485229e+02, 3.29173950e+02, 2.34723892e+02,
    3.29815002e+02, 2.20844742e+02, 3.30376221e+02, 2.06802124e+02 ]
