%YAML:1.0
---
points: [ 1.24123718e+03, 5.93319778e+01, 1.29353308e+03, 5.58610916e+01,
    1.34558948e+03, 5.25651588e+01, 1.39740002e+03, 4.93549156e+01,
    1.44913257e+03, 4.59218903e+01, 1.50049402e+03, 4.26892052e+01,
    1.24300208e+03, 1.14980850e+02, 1.29501172e+03, 1.11594330e+02,
    1.34677148e+03, 1.08048981e+02, 1.39823596e+03, 1.04397781e+02,
    1.44951196e+03, 1.01245567e+02, 1.50067786e+03, 9.76718369e+01,
    1.24461011e+03, 1.70070953e+02, 1.29631897e+03, 1.66447128e+02,
    1.34775793e+03, 1.62747681e+02, 1.39892615e+03, 1.59315735e+02,
    1.45016833e+03, 1.55455200e+02, 1.50097546e+03, 1.51854950e+02,
    1.24621155e+03, 2.24282043e+02, 1.29731885e+03, 2.20430130e+02,
    1.34856262e+03, 2.16703964e+02, 1.39941187e+03, 2.13117950e+02,
    1.44996655e+03, 2.09356796e+02, 1.50059949e+03, 2.05733124e+02,
    1.24772375e+03, 2.77465576e+02, 1.29848218e+03, 2.73668610e+02,
    1.34925085e+03, 2.69992676e+02, 1.39973389e+03, 2.66117859e+02,
    1.45007239e+03, 2.62241608e+02, 1.50034839e+03, 2.58587311e+02,
    1.24932275e+03, 3.29677307e+02, 1.29980469e+03, 3.25822876e+02,
    1.35003040e+03, 3.22251343e+02, 1.40019202e+03, 3.18217346e+02,
    1.45008521e+03, 3.14344818e+02, 1.50006262e+03, 3.10612305e+02,
    1.25090344e+03, 3.81227997e+02, 1.30120056e+03, 3.77305542e+02,
    1.35109363e+03, 3.73327881e+02, 1.40088879e+03, 3.69598663e+02,
    1.45073572e+03, 3.65702515e+02, 1.50047864e+03, 3.61729248e+02,
    1.25284656e+03, 4.32058441e+02, 1.30287280e+03, 4.28224426e+02,
    1.35277979e+03, 4.24248413e+02, 1.40239539e+03, 4.20272369e+02,
    1.45230920e+03, 4.16513397e+02, 1.50132983e+03, 4.12636780e+02 ]
