%YAML:1.0
---
points: [ 3.88447876e+02, 3.74023247e+01, 4.05894348e+02, 3.65728798e+01,
    4.22980865e+02, 3.59237556e+01, 4.39803345e+02, 3.55491295e+01,
    4.55935699e+02, 3.54454880e+01, 4.71843262e+02, 3.52748909e+01,
    3.89394257e+02, 5.61689301e+01, 4.06788330e+02, 5.52938805e+01,
    4.24179169e+02, 5.43947716e+01, 4.40806610e+02, 5.37321739e+01,
    4.57219269e+02, 5.31722984e+01, 4.73037903e+02, 5.29824028e+01,
    3.90087555e+02, 7.49580536e+01, 4.07662842e+02, 7.37113266e+01,
    4.24816956e+02, 7.28045883e+01, 4.41741547e+02, 7.17351303e+01,
    4.58207520e+02, 7.13347931e+01, 4.74283752e+02, 7.05832138e+01,
    3.90841248e+02, 9.36424255e+01, 4.08274445e+02, 9.24758987e+01,
    4.25556610e+02, 9.11118774e+01, 4.42364685e+02, 9.01529007e+01,
    4.58810394e+02, 8.92433777e+01, 4.74797852e+02, 8.87104721e+01,
    3.91285583e+02, 1.12177406e+02, 4.08803680e+02, 1.10733253e+02,
    4.25879761e+02, 1.09545258e+02, 4.42829132e+02, 1.08257065e+02,
    4.59358978e+02, 1.07228752e+02, 4.75296906e+02, 1.06234222e+02,
    3.91868103e+02, 1.30253342e+02, 4.09233704e+02, 1.28860184e+02,
    4.26350739e+02, 1.27573570e+02, 4.43049042e+02, 1.26272873e+02,
    4.59694763e+02, 1.24925407e+02, 4.75715057e+02, 1.24078949e+02,
    3.92399841e+02, 1.48234726e+02, 4.09761261e+02, 1.46692963e+02,
    4.26823273e+02, 1.45298080e+02, 4.43630219e+02, 1.43813324e+02,
    4.60009888e+02, 1.42683731e+02, 4.76182709e+02, 1.41462677e+02,
    3.93098694e+02, 1.65813782e+02, 4.10390106e+02, 1.64418839e+02,
    4.27526733e+02, 1.62838272e+02, 4.44361359e+02, 1.61558609e+02,
    4.60806335e+02, 1.60103195e+02, 4.76806122e+02, 1.58879898e+02 ]
