%YAML:1.0
---
points: [ 1.42677466e+03, 3.00112976e+02, 1.47786084e+03, 3.00221649e+02,
    1.52819629e+03, 3.00326660e+02, 1.57773694e+03, 3.00474121e+02,
    1.62661951e+03, 3.00722717e+02, 1.67488379e+03, 3.01059540e+02,
    1.42863110e+03, 3.54057373e+02, 1.47986670e+03, 3.53751770e+02,
    1.53042932e+03, 3.53583252e+02, 1.58025232e+03, 3.53414215e+02,
    1.62912610e+03, 3.53343445e+02, 1.67759521e+03, 3.53304718e+02,
    1.43061084e+03, 4.08176483e+02, 1.48171838e+03, 4.07579834e+02,
    1.53257996e+03, 4.07099457e+02, 1.58243689e+03, 4.06622559e+02,
    1.63194202e+03, 4.06208130e+02, 1.68039160e+03, 4.05835114e+02,
    1.43244641e+03, 4.62242645e+02, 1.48377710e+03, 4.61473480e+02,
    1.53445752e+03, 4.60647980e+02, 1.58447876e+03, 4.59906158e+02,
    1.63368335e+03, 4.59252014e+02, 1.68242456e+03, 4.58561493e+02,
    1.43423499e+03, 5.16688843e+02, 1.48570789e+03, 5.15528137e+02,
    1.53663159e+03, 5.14418701e+02, 1.58648035e+03, 5.13464783e+02,
    1.63598914e+03, 5.12487732e+02, 1.68457507e+03, 5.11500275e+02,
    1.43648413e+03, 5.70868530e+02, 1.48781653e+03, 5.69618164e+02,
    1.53856763e+03, 5.68155884e+02, 1.58853540e+03, 5.66836304e+02,
    1.63784106e+03, 5.65626038e+02, 1.68654968e+03, 5.64432068e+02,
    1.43879138e+03, 6.25201599e+02, 1.49036267e+03, 6.23631897e+02,
    1.54131531e+03, 6.22213379e+02, 1.59118127e+03, 6.20496887e+02,
    1.64075281e+03, 6.18945557e+02, 1.68986853e+03, 6.17525269e+02,
    1.44153796e+03, 6.80210693e+02, 1.49342017e+03, 6.78294922e+02,
    1.54464343e+03, 6.76479309e+02, 1.59520837e+03, 6.74692139e+02,
    1.64474695e+03, 6.72737671e+02, 1.69358801e+03, 6.70845825e+02 ]
