%YAML:1.0
---
points: [ 1.24126257e+03, 5.92952881e+01, 1.29358826e+03, 5.58228645e+01,
    1.34561133e+03, 5.24989166e+01, 1.39742810e+03, 4.93172722e+01,
    1.44919250e+03, 4.59114456e+01, 1.50051074e+03, 4.26418381e+01,
    1.24302136e+03, 1.14905441e+02, 1.29498926e+03, 1.11542542e+02,
    1.34682654e+03, 1.07953766e+02, 1.39824377e+03, 1.04346329e+02,
    1.44952991e+03, 1.01179810e+02, 1.50073792e+03, 9.76649170e+01,
    1.24463074e+03, 1.70016403e+02, 1.29633228e+03, 1.66445053e+02,
    1.34779187e+03, 1.62690689e+02, 1.39896326e+03, 1.59273880e+02,
    1.45020312e+03, 1.55430161e+02, 1.50103333e+03, 1.51786880e+02,
    1.24624146e+03, 2.24226456e+02, 1.29734314e+03, 2.20396332e+02,
    1.34855151e+03, 2.16681381e+02, 1.39940259e+03, 2.13061310e+02,
    1.45001807e+03, 2.09313217e+02, 1.50062048e+03, 2.05669769e+02,
    1.24773889e+03, 2.77402710e+02, 1.29851038e+03, 2.73650665e+02,
    1.34928479e+03, 2.69956177e+02, 1.39978088e+03, 2.66105560e+02,
    1.45008252e+03, 2.62219604e+02, 1.50035535e+03, 2.58591492e+02,
    1.24935010e+03, 3.29669556e+02, 1.29980518e+03, 3.25774994e+02,
    1.35012012e+03, 3.22203888e+02, 1.40023853e+03, 3.18221344e+02,
    1.45012012e+03, 3.14314117e+02, 1.50011206e+03, 3.10596527e+02,
    1.25095215e+03, 3.81209900e+02, 1.30122327e+03, 3.77267334e+02,
    1.35111902e+03, 3.73309479e+02, 1.40102722e+03, 3.69561676e+02,
    1.45078772e+03, 3.65678741e+02, 1.50051318e+03, 3.61702606e+02,
    1.25287256e+03, 4.32020081e+02, 1.30290674e+03, 4.28213989e+02,
    1.35280420e+03, 4.24237061e+02, 1.40242786e+03, 4.20235321e+02,
    1.45235962e+03, 4.16484528e+02, 1.50134949e+03, 4.12617645e+02 ]
