%YAML:1.0
---
points: [ 3.88494049e+02, 3.73685799e+01, 4.05930695e+02, 3.65744781e+01,
    4.23002380e+02, 3.59053345e+01, 4.39848724e+02, 3.55247078e+01,
    4.55954132e+02, 3.54366989e+01, 4.71855927e+02, 3.52337875e+01,
    3.89439117e+02, 5.61891975e+01, 4.06802460e+02, 5.52472916e+01,
    4.24162994e+02, 5.43358002e+01, 4.40839661e+02, 5.37198677e+01,
    4.57256317e+02, 5.31414833e+01, 4.73065765e+02, 5.29497337e+01,
    3.90106659e+02, 7.49486237e+01, 4.07668304e+02, 7.36776352e+01,
    4.24827393e+02, 7.28019867e+01, 4.41770691e+02, 7.17005692e+01,
    4.58208862e+02, 7.12854996e+01, 4.74294525e+02, 7.05778046e+01,
    3.90837372e+02, 9.36488724e+01, 4.08268188e+02, 9.24263000e+01,
    4.25577850e+02, 9.10690613e+01, 4.42366516e+02, 9.01523056e+01,
    4.58839294e+02, 8.92355194e+01, 4.74815155e+02, 8.86756668e+01,
    3.91332428e+02, 1.12149521e+02, 4.08815918e+02, 1.10742516e+02,
    4.25877472e+02, 1.09556580e+02, 4.42819275e+02, 1.08237511e+02,
    4.59440491e+02, 1.07209892e+02, 4.75354858e+02, 1.06231033e+02,
    3.91892548e+02, 1.30248123e+02, 4.09248566e+02, 1.28844772e+02,
    4.26387604e+02, 1.27568405e+02, 4.43106720e+02, 1.26246849e+02,
    4.59717987e+02, 1.24918625e+02, 4.75720612e+02, 1.24071777e+02,
    3.92410736e+02, 1.48207611e+02, 4.09770081e+02, 1.46692139e+02,
    4.26818237e+02, 1.45276367e+02, 4.43649994e+02, 1.43815140e+02,
    4.60069061e+02, 1.42696014e+02, 4.76187073e+02, 1.41425766e+02,
    3.93125824e+02, 1.65799835e+02, 4.10414062e+02, 1.64400864e+02,
    4.27549438e+02, 1.62854980e+02, 4.44400818e+02, 1.61536987e+02,
    4.60832916e+02, 1.60116989e+02, 4.76819489e+02, 1.58898193e+02 ]
