%YAML:1.0
---
points: [ 1.26367249e+03, 6.66190308e+02, 1.30955518e+03, 6.64641174e+02,
    1.35449854e+03, 6.63076172e+02, 1.39870117e+03, 6.61461975e+02,
    1.44208594e+03, 6.60129089e+02, 1.48465527e+03, 6.58654175e+02,
    1.26520288e+03, 7.16666321e+02, 1.31130005e+03, 7.14421814e+02,
    1.35636694e+03, 7.12556213e+02, 1.40066370e+03, 7.10641113e+02,
    1.44401587e+03, 7.08637939e+02, 1.48650574e+03, 7.06876343e+02,
    1.26657373e+03, 7.67273438e+02, 1.31274487e+03, 7.64811951e+02,
    1.35800012e+03, 7.62290833e+02, 1.40242981e+03, 7.60064026e+02,
    1.44612915e+03, 7.57620483e+02, 1.48883167e+03, 7.55294434e+02,
    1.26826184e+03, 8.18195618e+02, 1.31429822e+03, 8.15185852e+02,
    1.35953076e+03, 8.12440491e+02, 1.40390784e+03, 8.09412048e+02,
    1.44765405e+03, 8.06617493e+02, 1.49032678e+03, 8.03742737e+02,
    1.26963074e+03, 8.69466431e+02, 1.31577661e+03, 8.65811462e+02,
    1.36112793e+03, 8.62392700e+02, 1.40558447e+03, 8.59245728e+02,
    1.44927673e+03, 8.55726868e+02, 1.49187756e+03, 8.52484436e+02,
    1.27124915e+03, 9.20651855e+02, 1.31745959e+03, 9.16721741e+02,
    1.36282349e+03, 9.12681458e+02, 1.40713123e+03, 9.08737244e+02,
    1.45079443e+03, 9.04938416e+02, 1.49354846e+03, 9.01421143e+02,
    1.27317676e+03, 9.72243164e+02, 1.31938806e+03, 9.67596436e+02,
    1.36474524e+03, 9.63375977e+02, 1.40926794e+03, 9.59124695e+02,
    1.45298315e+03, 9.54701904e+02, 1.49608838e+03, 9.50529785e+02,
    1.27500977e+03, 1.02452319e+03, 1.32169958e+03, 1.01951251e+03,
    1.36743140e+03, 1.01462439e+03, 1.41225732e+03, 1.01007153e+03,
    1.45616064e+03, 1.00541901e+03, 1.49893030e+03, 1.00061316e+03 ]
