%YAML:1.0
---
points: [ 1.18469568e+03, 4.00018799e+02, 1.23342651e+03, 3.95883057e+02,
    1.28165930e+03, 3.91623962e+02, 1.32992688e+03, 3.87424072e+02,
    1.37787561e+03, 3.83182495e+02, 1.42576514e+03, 3.79157776e+02,
    1.18736780e+03, 4.49952393e+02, 1.23576208e+03, 4.45538208e+02,
    1.28391699e+03, 4.41245270e+02, 1.33173975e+03, 4.36892792e+02,
    1.37939160e+03, 4.32725281e+02, 1.42682373e+03, 4.28448425e+02,
    1.18995703e+03, 4.99246704e+02, 1.23796497e+03, 4.94778076e+02,
    1.28571973e+03, 4.90444000e+02, 1.33343311e+03, 4.85940002e+02,
    1.38075366e+03, 4.81553833e+02, 1.42821130e+03, 4.77226898e+02,
    1.19242041e+03, 5.48082458e+02, 1.24004700e+03, 5.43443359e+02,
    1.28760352e+03, 5.38778564e+02, 1.33476404e+03, 5.34245605e+02,
    1.38201733e+03, 5.29633789e+02, 1.42883655e+03, 5.25301697e+02,
    1.19483154e+03, 5.96058167e+02, 1.24244238e+03, 5.91301208e+02,
    1.28959583e+03, 5.86563782e+02, 1.33650037e+03, 5.81838745e+02,
    1.38328149e+03, 5.77274841e+02, 1.42964319e+03, 5.72668518e+02,
    1.19735840e+03, 6.43477478e+02, 1.24445239e+03, 6.38459167e+02,
    1.29143811e+03, 6.33559509e+02, 1.33792236e+03, 6.28858154e+02,
    1.38445972e+03, 6.24156006e+02, 1.43074548e+03, 6.19473022e+02,
    1.19995410e+03, 6.90241028e+02, 1.24688867e+03, 6.85311584e+02,
    1.29350720e+03, 6.80413574e+02, 1.33989661e+03, 6.75501953e+02,
    1.38620850e+03, 6.70733215e+02, 1.43246033e+03, 6.66109863e+02,
    1.20258813e+03, 7.36851624e+02, 1.24956921e+03, 7.31932129e+02,
    1.29632202e+03, 7.27090881e+02, 1.34254712e+03, 7.22274170e+02,
    1.38875049e+03, 7.17514404e+02, 1.43435706e+03, 7.12582275e+02 ]
