%YAML:1.0
---
points: [ 3.68852905e+02, 1.55099838e+02, 3.85762665e+02, 1.53323654e+02,
    4.02432617e+02, 1.51778809e+02, 4.18914795e+02, 1.50137909e+02,
    4.35150299e+02, 1.48713898e+02, 4.51062012e+02, 1.47203217e+02,
    3.69633301e+02, 1.72332153e+02, 3.86518768e+02, 1.70738510e+02,
    4.03139771e+02, 1.68959320e+02, 4.19549774e+02, 1.67468430e+02,
    4.35695923e+02, 1.65763245e+02, 4.51664520e+02, 1.64405563e+02,
    3.70565186e+02, 1.89575073e+02, 3.87303467e+02, 1.87838501e+02,
    4.03797028e+02, 1.86212204e+02, 4.20064209e+02, 1.84465164e+02,
    4.36274902e+02, 1.82916275e+02, 4.52072571e+02, 1.81208862e+02,
    3.71329193e+02, 2.06559067e+02, 3.88045319e+02, 2.04837814e+02,
    4.04425140e+02, 2.03043564e+02, 4.20678650e+02, 2.01290253e+02,
    4.36689178e+02, 1.99609207e+02, 4.52391418e+02, 1.98011200e+02,
    3.72212555e+02, 2.23351700e+02, 3.88618622e+02, 2.21501358e+02,
    4.05000183e+02, 2.19759674e+02, 4.21119110e+02, 2.17888611e+02,
    4.36965057e+02, 2.16207260e+02, 4.52589813e+02, 2.14390350e+02,
    3.73109772e+02, 2.39823395e+02, 3.89355164e+02, 2.38030914e+02,
    4.05540833e+02, 2.36118713e+02, 4.21509308e+02, 2.34407043e+02,
    4.37304108e+02, 2.32429016e+02, 4.52741760e+02, 2.30719055e+02,
    3.74005646e+02, 2.56122803e+02, 3.90242828e+02, 2.54201172e+02,
    4.06327972e+02, 2.52364212e+02, 4.22027863e+02, 2.50478363e+02,
    4.37758636e+02, 2.48719528e+02, 4.53231171e+02, 2.46673767e+02,
    3.74914246e+02, 2.72353088e+02, 3.91141052e+02, 2.70557281e+02,
    4.07131958e+02, 2.68545532e+02, 4.22936096e+02, 2.66677612e+02,
    4.38572113e+02, 2.64747101e+02, 4.53742035e+02, 2.62897034e+02 ]
