%YAML:1.0
---
points: [ 1.18470044e+03, 3.99856415e+02, 1.23338831e+03, 3.95793488e+02,
    1.28173169e+03, 3.91555176e+02, 1.32990894e+03, 3.87390228e+02,
    1.37788208e+03, 3.83080475e+02, 1.42579211e+03, 3.79039978e+02,
    1.18735754e+03, 4.49881500e+02, 1.23576147e+03, 4.45463837e+02,
    1.28393372e+03, 4.41156616e+02, 1.33174219e+03, 4.36856598e+02,
    1.37939038e+03, 4.32657745e+02, 1.42686743e+03, 4.28422607e+02,
    1.18992273e+03, 4.99166382e+02, 1.23789990e+03, 4.94663361e+02,
    1.28572009e+03, 4.90385437e+02, 1.33344702e+03, 4.85868713e+02,
    1.38077307e+03, 4.81451965e+02, 1.42819702e+03, 4.77115906e+02,
    1.19237048e+03, 5.47954651e+02, 1.24006836e+03, 5.43379700e+02,
    1.28759998e+03, 5.38727722e+02, 1.33475415e+03, 5.34211853e+02,
    1.38195386e+03, 5.29557739e+02, 1.42884863e+03, 5.25239502e+02,
    1.19483826e+03, 5.95973267e+02, 1.24240002e+03, 5.91236938e+02,
    1.28961462e+03, 5.86467773e+02, 1.33653955e+03, 5.81745178e+02,
    1.38331445e+03, 5.77208008e+02, 1.42962329e+03, 5.72588623e+02,
    1.19730688e+03, 6.43388672e+02, 1.24446484e+03, 6.38408508e+02,
    1.29146484e+03, 6.33530090e+02, 1.33794263e+03, 6.28736328e+02,
    1.38447266e+03, 6.24052246e+02, 1.43074915e+03, 6.19419373e+02,
    1.20000867e+03, 6.90149109e+02, 1.24693896e+03, 6.85227539e+02,
    1.29349609e+03, 6.80278687e+02, 1.33988416e+03, 6.75458252e+02,
    1.38624011e+03, 6.70661011e+02, 1.43245129e+03, 6.66013367e+02,
    1.20261304e+03, 7.36748657e+02, 1.24954468e+03, 7.31802490e+02,
    1.29628223e+03, 7.26942566e+02, 1.34250366e+03, 7.22213501e+02,
    1.38874280e+03, 7.17460449e+02, 1.43433972e+03, 7.12532532e+02 ]
