%YAML:1.0
---
points: [ 3.00275116e+01, 1.81520386e+02, 2.96980820e+01, 1.66498566e+02,
    2.93780022e+01, 1.51561996e+02, 2.91127453e+01, 1.36399643e+02,
    2.90124283e+01, 1.21255333e+02, 2.90269222e+01, 1.05786171e+02,
    4.46591797e+01, 1.81671555e+02, 4.41749496e+01, 1.66738495e+02,
    4.38218117e+01, 1.51605194e+02, 4.36770668e+01, 1.36684952e+02,
    4.32904778e+01, 1.21394402e+02, 4.31934128e+01, 1.05928802e+02,
    5.90198631e+01, 1.82126984e+02, 5.86700249e+01, 1.67016541e+02,
    5.83522377e+01, 1.51898453e+02, 5.79497528e+01, 1.36663742e+02,
    5.77765045e+01, 1.21617119e+02, 5.76173172e+01, 1.05903839e+02,
    7.36736298e+01, 1.82543152e+02, 7.32489853e+01, 1.67585815e+02,
    7.28750076e+01, 1.52269638e+02, 7.26268692e+01, 1.37011902e+02,
    7.23675461e+01, 1.21559334e+02, 7.20925369e+01, 1.06184372e+02,
    8.83159866e+01, 1.82902924e+02, 8.80297775e+01, 1.67764908e+02,
    8.77896957e+01, 1.52696320e+02, 8.75171432e+01, 1.37381546e+02,
    8.72063828e+01, 1.21944008e+02, 8.69543762e+01, 1.06404808e+02,
    1.03249290e+02, 1.83393066e+02, 1.03036102e+02, 1.68348557e+02,
    1.02727844e+02, 1.52967728e+02, 1.02491249e+02, 1.37765442e+02,
    1.02242554e+02, 1.22404556e+02, 1.01953941e+02, 1.06721909e+02,
    1.18281227e+02, 1.83791214e+02, 1.18132423e+02, 1.68706482e+02,
    1.17848007e+02, 1.53536179e+02, 1.17672523e+02, 1.38198639e+02,
    1.17397842e+02, 1.22703232e+02, 1.17164978e+02, 1.06996986e+02,
    1.33524109e+02, 1.84102142e+02, 1.33214523e+02, 1.69201859e+02,
    1.33125809e+02, 1.53927170e+02, 1.32913025e+02, 1.38700562e+02,
    1.32663467e+02, 1.23104691e+02, 1.32511871e+02, 1.07535309e+02 ]
