%YAML:1.0
---
points: [ 1.20348218e+03, 5.29323914e+02, 1.24877905e+03, 5.28952209e+02,
    1.29288171e+03, 5.28670288e+02, 1.33641174e+03, 5.28465576e+02,
    1.37875012e+03, 5.28255310e+02, 1.42027783e+03, 5.27850708e+02,
    1.20460083e+03, 5.79432434e+02, 1.24977881e+03, 5.78523926e+02,
    1.29432166e+03, 5.77610413e+02, 1.33757520e+03, 5.76814636e+02,
    1.38003198e+03, 5.76095520e+02, 1.42160461e+03, 5.75443542e+02,
    1.20569177e+03, 6.29725952e+02, 1.25088477e+03, 6.28351013e+02,
    1.29534241e+03, 6.26951172e+02, 1.33867249e+03, 6.25558411e+02,
    1.38147693e+03, 6.24376831e+02, 1.42313391e+03, 6.22956787e+02,
    1.20650464e+03, 6.80300415e+02, 1.25196423e+03, 6.78119263e+02,
    1.29645105e+03, 6.76314087e+02, 1.33975879e+03, 6.74477539e+02,
    1.38232385e+03, 6.72465332e+02, 1.42414880e+03, 6.70711365e+02,
    1.20752612e+03, 7.30672180e+02, 1.25300195e+03, 7.28332275e+02,
    1.29740625e+03, 7.25612854e+02, 1.34100061e+03, 7.23359863e+02,
    1.38365588e+03, 7.20843445e+02, 1.42532361e+03, 7.18591675e+02,
    1.20862842e+03, 7.81419312e+02, 1.25419458e+03, 7.78180542e+02,
    1.29854858e+03, 7.75311157e+02, 1.34207996e+03, 7.72180420e+02,
    1.38462659e+03, 7.69363525e+02, 1.42645679e+03, 7.66464783e+02,
    1.21013672e+03, 8.32425598e+02, 1.25554871e+03, 8.28554993e+02,
    1.30021570e+03, 8.24831482e+02, 1.34360120e+03, 8.21526550e+02,
    1.38641602e+03, 8.18005066e+02, 1.42836230e+03, 8.14556580e+02,
    1.21162891e+03, 8.83680237e+02, 1.25761182e+03, 8.79610413e+02,
    1.30233960e+03, 8.75428955e+02, 1.34623486e+03, 8.71436829e+02,
    1.38921851e+03, 8.67479004e+02, 1.43085327e+03, 8.63577393e+02 ]
