%YAML:1.0
---
points: [ 375., 1.55500000e+02, 3.85763550e+02, 1.53292175e+02,
    4.02423950e+02, 1.51788544e+02, 4.18915741e+02, 1.50118500e+02,
    4.35168091e+02, 1.48657883e+02, 4.51023071e+02, 1.47170898e+02,
    3.69665497e+02, 1.72334656e+02, 3.86514648e+02, 1.70706940e+02,
    4.03167694e+02, 1.68906784e+02, 4.19585541e+02, 1.67404907e+02,
    4.35705719e+02, 1.65743942e+02, 4.51647949e+02, 1.64369705e+02,
    3.70564545e+02, 1.89598404e+02, 3.87273926e+02, 1.87801773e+02,
    4.03827454e+02, 1.86157135e+02, 4.20072479e+02, 1.84415665e+02,
    4.36282166e+02, 1.82903503e+02, 4.52076630e+02, 1.81141418e+02,
    3.71323547e+02, 2.06524887e+02, 3.88036957e+02, 2.04784836e+02,
    4.04432098e+02, 2.03015427e+02, 4.20693420e+02, 2.01276703e+02,
    4.36712830e+02, 1.99600708e+02, 4.52403290e+02, 1.97988007e+02,
    3.72215637e+02, 2.23361832e+02, 3.88618561e+02, 2.21475174e+02,
    4.05001068e+02, 2.19787827e+02, 4.21132446e+02, 2.17840210e+02,
    4.36969238e+02, 2.16225128e+02, 4.52576752e+02, 2.14332291e+02,
    3.73141144e+02, 2.39786957e+02, 3.89379944e+02, 2.38003983e+02,
    4.05551758e+02, 2.36094559e+02, 4.21526398e+02, 2.34383408e+02,
    4.37311615e+02, 2.32411118e+02, 4.52730713e+02, 2.30717087e+02,
    3.74001160e+02, 2.56099182e+02, 3.90245972e+02, 2.54196518e+02,
    4.06293549e+02, 2.52373917e+02, 4.21993530e+02, 2.50415741e+02,
    4.37793365e+02, 2.48680878e+02, 4.53239990e+02, 2.46675552e+02,
    3.74921295e+02, 2.72340790e+02, 3.91120667e+02, 2.70508575e+02,
    4.07142578e+02, 2.68494965e+02, 4.22924194e+02, 2.66634552e+02,
    4.38580505e+02, 2.64721893e+02, 4.53742371e+02, 2.62883209e+02 ]
