%YAML:1.0
---
points: [ 1.17216797e+03, 4.45520294e+02, 1.21710486e+03, 4.46150055e+02,
    1.26082275e+03, 4.46659576e+02, 1.30358655e+03, 4.47245392e+02,
    1.34538745e+03, 4.47928009e+02, 1.38640930e+03, 4.48477966e+02,
    1.17341541e+03, 4.95531006e+02, 1.21819104e+03, 4.95519836e+02,
    1.26216736e+03, 4.95500916e+02, 1.30502063e+03, 4.95473816e+02,
    1.34676196e+03, 4.95483063e+02, 1.38766479e+03, 4.95418579e+02,
    1.17435486e+03, 5.45581299e+02, 1.21924634e+03, 5.44931213e+02,
    1.26319226e+03, 5.44418091e+02, 1.30624133e+03, 5.43828796e+02,
    1.34831299e+03, 5.43169983e+02, 1.38933508e+03, 5.42586731e+02,
    1.17528662e+03, 5.95863770e+02, 1.22031921e+03, 5.94463928e+02,
    1.26429163e+03, 5.93210144e+02, 1.30702795e+03, 5.92043640e+02,
    1.34901404e+03, 5.90890137e+02, 1.39023157e+03, 5.89810730e+02,
    1.17616675e+03, 6.45999756e+02, 1.22128796e+03, 6.44192017e+02,
    1.26522546e+03, 6.42281860e+02, 1.30819189e+03, 6.40450195e+02,
    1.35018225e+03, 6.38825134e+02, 1.39114771e+03, 6.37178955e+02,
    1.17738977e+03, 6.96300537e+02, 1.22241064e+03, 6.93645386e+02,
    1.26631836e+03, 6.91368774e+02, 1.30906189e+03, 6.88820679e+02,
    1.35120691e+03, 6.86635742e+02, 1.39225842e+03, 6.84514648e+02,
    1.17875842e+03, 7.46526733e+02, 1.22371814e+03, 7.43528687e+02,
    1.26791040e+03, 7.40429565e+02, 1.31081067e+03, 7.37547791e+02,
    1.35299377e+03, 7.34774963e+02, 1.39425793e+03, 7.32211853e+02,
    1.18032764e+03, 7.97450439e+02, 1.22575183e+03, 7.93767212e+02,
    1.26997668e+03, 7.90435120e+02, 1.31325940e+03, 7.86951843e+02,
    1.35554431e+03, 7.83501831e+02, 1.39665564e+03, 7.80315125e+02 ]
