%YAML:1.0
---
points: [ 1.22375708e+03, 5.39518433e+02, 1.27295642e+03, 5.35279541e+02,
    1.32188062e+03, 5.31208923e+02, 1.37068079e+03, 5.27131165e+02,
    1.41946399e+03, 5.23098938e+02, 1.46840491e+03, 5.18782288e+02,
    1.22614050e+03, 5.88505371e+02, 1.27483423e+03, 5.84379395e+02,
    1.32361987e+03, 5.80228027e+02, 1.37211865e+03, 5.75963806e+02,
    1.42075977e+03, 5.71730286e+02, 1.46927454e+03, 5.67555359e+02,
    1.22817480e+03, 6.37274353e+02, 1.27662244e+03, 6.32838867e+02,
    1.32525806e+03, 6.28533264e+02, 1.37367590e+03, 6.24347107e+02,
    1.42211560e+03, 6.20240601e+02, 1.47023267e+03, 6.16203674e+02,
    1.23030371e+03, 6.85252319e+02, 1.27859241e+03, 6.80668396e+02,
    1.32685315e+03, 6.76369812e+02, 1.37478882e+03, 6.72050598e+02,
    1.42270056e+03, 6.67775391e+02, 1.47064160e+03, 6.63721802e+02,
    1.23247668e+03, 7.32515808e+02, 1.28041357e+03, 7.27998352e+02,
    1.32841711e+03, 7.23572693e+02, 1.37599365e+03, 7.19177734e+02,
    1.42365784e+03, 7.15025085e+02, 1.47120984e+03, 7.10694519e+02,
    1.23450745e+03, 7.79289001e+02, 1.28227490e+03, 7.74628479e+02,
    1.32990649e+03, 7.70298035e+02, 1.37729675e+03, 7.65879761e+02,
    1.42459705e+03, 7.61511658e+02, 1.47175952e+03, 7.57179688e+02,
    1.23676172e+03, 8.25452820e+02, 1.28447473e+03, 8.21169556e+02,
    1.33181519e+03, 8.16659851e+02, 1.37891284e+03, 8.12327393e+02,
    1.42620239e+03, 8.07825378e+02, 1.47327161e+03, 8.03518799e+02,
    1.23922351e+03, 8.71762817e+02, 1.28657446e+03, 8.67451416e+02,
    1.33382483e+03, 8.63259521e+02, 1.38100403e+03, 8.58873291e+02,
    1.42821509e+03, 8.54597107e+02, 1.47484058e+03, 8.49898438e+02 ]
