%YAML:1.0
---
points: [ 3.83018433e+02, 2.03552353e+02, 4.00057129e+02, 2.01814545e+02,
    4.16940308e+02, 2.00295319e+02, 4.33657654e+02, 1.98685059e+02,
    4.50034729e+02, 1.97182648e+02, 4.66252930e+02, 1.95619873e+02,
    3.83673340e+02, 2.20632278e+02, 4.00633698e+02, 2.19045837e+02,
    4.17509277e+02, 2.17332443e+02, 4.34096283e+02, 2.15802109e+02,
    4.50468170e+02, 2.14059021e+02, 4.66611969e+02, 2.12493484e+02,
    3.84411987e+02, 2.37630478e+02, 4.01267242e+02, 2.35887039e+02,
    4.17887054e+02, 2.34363953e+02, 4.34563812e+02, 2.32584167e+02,
    4.50783020e+02, 2.30973602e+02, 4.66710846e+02, 2.29145767e+02,
    3.85179138e+02, 2.54186081e+02, 4.01874237e+02, 2.52553894e+02,
    4.18420441e+02, 2.50788559e+02, 4.34700439e+02, 2.49250854e+02,
    4.50865967e+02, 2.47361084e+02, 4.66726532e+02, 2.45775375e+02,
    3.85766754e+02, 2.70781708e+02, 4.02453064e+02, 2.69014954e+02,
    4.18832062e+02, 2.67300751e+02, 4.34950134e+02, 2.65503540e+02,
    4.50925690e+02, 2.63785278e+02, 4.66648895e+02, 2.61812500e+02,
    3.86500824e+02, 2.86949829e+02, 4.02909546e+02, 2.85280975e+02,
    4.19234344e+02, 2.83438263e+02, 4.35221161e+02, 2.81499115e+02,
    4.50960175e+02, 2.79678040e+02, 4.66604828e+02, 2.77909851e+02,
    3.87131500e+02, 3.03040588e+02, 4.03497162e+02, 3.01237000e+02,
    4.19656281e+02, 2.99470276e+02, 4.35627899e+02, 2.97473450e+02,
    4.51233185e+02, 2.95664673e+02, 4.66640259e+02, 2.93550201e+02,
    3.87867981e+02, 3.19030121e+02, 4.04120087e+02, 3.17243744e+02,
    4.20142426e+02, 3.15272766e+02, 4.35974792e+02, 3.13496918e+02,
    4.51697540e+02, 3.11461975e+02, 4.66787964e+02, 3.09411591e+02 ]
