%YAML:1.0
---
points: [ 1.17492561e+02, 1.10744263e+02, 1.29292221e+02, 1.19329727e+02,
    1.41220840e+02, 1.28001480e+02, 1.53108917e+02, 1.36721939e+02,
    1.65042923e+02, 1.45394104e+02, 1.77042572e+02, 1.54081268e+02,
    1.09625671e+02, 1.23064438e+02, 1.21426437e+02, 1.31569595e+02,
    1.33217056e+02, 1.40197861e+02, 1.45057739e+02, 1.48861206e+02,
    1.56928650e+02, 1.57548660e+02, 1.68859100e+02, 1.66199783e+02,
    1.01951813e+02, 1.35190353e+02, 1.13609573e+02, 1.43771393e+02,
    1.25336082e+02, 1.52296249e+02, 1.37007675e+02, 1.60882126e+02,
    1.48835175e+02, 1.69488129e+02, 1.60715454e+02, 1.78137680e+02,
    9.43048248e+01, 1.47264679e+02, 1.05882576e+02, 1.55760117e+02,
    1.17527306e+02, 1.64280045e+02, 1.29193314e+02, 1.72829544e+02,
    1.40898621e+02, 1.81362610e+02, 1.52735641e+02, 1.89995514e+02,
    8.68478851e+01, 1.59156891e+02, 9.82485123e+01, 1.67615112e+02,
    1.09838928e+02, 1.76101028e+02, 1.21366936e+02, 1.84634079e+02,
    1.33013260e+02, 1.93146851e+02, 1.44747452e+02, 2.01721466e+02,
    7.93680573e+01, 1.70996613e+02, 9.07598267e+01, 1.79336990e+02,
    1.02194832e+02, 1.87818237e+02, 1.13727852e+02, 1.96331070e+02,
    1.25260658e+02, 2.04811279e+02, 1.36900909e+02, 2.13371460e+02,
    7.20794449e+01, 1.82510803e+02, 8.32230072e+01, 1.90997498e+02,
    9.46175995e+01, 1.99399261e+02, 1.05981316e+02, 2.07906631e+02,
    1.17466866e+02, 2.16393646e+02, 1.28998825e+02, 2.24924377e+02,
    6.45400543e+01, 1.94111588e+02, 7.57170410e+01, 2.02496613e+02,
    8.68245544e+01, 2.10997543e+02, 9.81450119e+01, 2.19449188e+02,
    1.09440125e+02, 2.27934937e+02, 1.20966278e+02, 2.36456528e+02 ]
