%YAML:1.0
---
points: [ 2.30066010e+02, 3.82488342e+02, 2.68443451e+02, 3.81610107e+02,
    3.06772583e+02, 3.80722961e+02, 3.45239410e+02, 3.79799896e+02,
    3.84270477e+02, 3.78802307e+02, 4.23186890e+02, 3.77970459e+02,
    2.29755035e+02, 4.21820129e+02, 2.68131470e+02, 4.20929688e+02,
    3.06549591e+02, 4.20001984e+02, 3.45007751e+02, 4.19302826e+02,
    3.84088776e+02, 4.18425842e+02, 4.23062866e+02, 4.17661652e+02,
    2.29517395e+02, 4.61294952e+02, 2.67916931e+02, 4.60504852e+02,
    3.06359039e+02, 4.59712921e+02, 3.44772522e+02, 4.58901947e+02,
    3.83611267e+02, 4.58228210e+02, 4.22760986e+02, 4.57312653e+02,
    2.29395645e+02, 5.00934937e+02, 2.67800598e+02, 5.00211487e+02,
    3.06281738e+02, 4.99386047e+02, 3.44813995e+02, 4.98622498e+02,
    3.83889069e+02, 4.97929352e+02, 4.22990692e+02, 4.97378448e+02,
    2.29252472e+02, 5.40441406e+02, 2.67693756e+02, 5.39756897e+02,
    3.06242401e+02, 5.39255859e+02, 3.44753082e+02, 5.38567017e+02,
    3.83791840e+02, 5.37867859e+02, 4.22991760e+02, 5.37291016e+02,
    2.28885208e+02, 5.79976929e+02, 2.67455536e+02, 5.79462769e+02,
    3.06177795e+02, 5.78886475e+02, 3.44894958e+02, 5.78310120e+02,
    3.84023254e+02, 5.77657593e+02, 4.23156464e+02, 5.77228943e+02,
    2.28503189e+02, 6.19534546e+02, 2.66961731e+02, 6.19182190e+02,
    3.05679840e+02, 6.18622437e+02, 3.44437714e+02, 6.18272156e+02,
    3.83421417e+02, 6.17745056e+02, 4.22657379e+02, 6.17379578e+02,
    2.27822235e+02, 6.59596436e+02, 2.65985565e+02, 6.59306824e+02,
    3.04514465e+02, 6.58837646e+02, 3.43290771e+02, 6.58501343e+02,
    3.82068268e+02, 6.58146240e+02, 4.21625763e+02, 6.57632874e+02 ]
