%YAML:1.0
---
points: [ 1.22373792e+03, 5.39487305e+02, 1.27303491e+03, 5.35269348e+02,
    1.32189026e+03, 5.31103149e+02, 1.37064539e+03, 5.27076965e+02,
    1.41945264e+03, 5.23046204e+02, 1.46835095e+03, 5.18794983e+02,
    1.22624463e+03, 5.88484314e+02, 1.27484229e+03, 5.84254333e+02,
    1.32356104e+03, 5.80149658e+02, 1.37209668e+03, 5.75902100e+02,
    1.42080298e+03, 5.71627319e+02, 1.46931677e+03, 5.67509644e+02,
    1.22821423e+03, 6.37163269e+02, 1.27664624e+03, 6.32782898e+02,
    1.32529663e+03, 6.28424438e+02, 1.37377698e+03, 6.24303162e+02,
    1.42211255e+03, 6.20168762e+02, 1.47021924e+03, 6.16150635e+02,
    1.23030103e+03, 6.85108215e+02, 1.27865845e+03, 6.80605957e+02,
    1.32684875e+03, 6.76299194e+02, 1.37482104e+03, 6.71921509e+02,
    1.42267273e+03, 6.67753540e+02, 1.47065259e+03, 6.63628174e+02,
    1.23245813e+03, 7.32468933e+02, 1.28048376e+03, 7.27869324e+02,
    1.32845312e+03, 7.23535461e+02, 1.37598315e+03, 7.19074219e+02,
    1.42372266e+03, 7.14872437e+02, 1.47118323e+03, 7.10691345e+02,
    1.23449622e+03, 7.79218201e+02, 1.28237756e+03, 7.74605835e+02,
    1.32988464e+03, 7.70239258e+02, 1.37719690e+03, 7.65812805e+02,
    1.42454163e+03, 7.61407654e+02, 1.47178040e+03, 7.57130554e+02,
    1.23682166e+03, 8.25472168e+02, 1.28444727e+03, 8.21024109e+02,
    1.33183545e+03, 8.16605591e+02, 1.37895728e+03, 8.12270996e+02,
    1.42621094e+03, 8.07737000e+02, 1.47324060e+03, 8.03459473e+02,
    1.23922327e+03, 8.71692566e+02, 1.28655725e+03, 8.67402283e+02,
    1.33393091e+03, 8.63147339e+02, 1.38095471e+03, 8.58768311e+02,
    1.42825513e+03, 8.54524353e+02, 1.47486157e+03, 8.49880981e+02 ]
