%YAML:1.0
---
points: [ 3.83033813e+02, 2.03558044e+02, 4.00049408e+02, 2.01795074e+02,
    4.16924988e+02, 2.00261276e+02, 4.33680389e+02, 1.98655411e+02,
    4.50066376e+02, 1.97139069e+02, 4.66264893e+02, 1.95601395e+02,
    3.83656708e+02, 2.20608337e+02, 4.00613373e+02, 2.19044556e+02,
    4.17543030e+02, 2.17292862e+02, 4.34096680e+02, 2.15724335e+02,
    4.50438690e+02, 2.14058105e+02, 4.66614044e+02, 2.12522369e+02,
    3.84406372e+02, 2.37608368e+02, 4.01293640e+02, 2.35867554e+02,
    4.17903656e+02, 2.34330994e+02, 4.34570648e+02, 2.32589386e+02,
    4.50808380e+02, 2.30959656e+02, 4.66724213e+02, 2.29135513e+02,
    3.85168793e+02, 2.54181412e+02, 4.01898743e+02, 2.52507126e+02,
    4.18445831e+02, 2.50755676e+02, 4.34737000e+02, 2.49210251e+02,
    4.50859619e+02, 2.47378326e+02, 4.66749298e+02, 2.45720856e+02,
    3.85785278e+02, 2.70757996e+02, 4.02396820e+02, 2.68919098e+02,
    4.18807831e+02, 2.67281464e+02, 4.34925018e+02, 2.65456665e+02,
    4.50950256e+02, 2.63747070e+02, 4.66661041e+02, 2.61791473e+02,
    3.86485626e+02, 2.86919617e+02, 4.02894440e+02, 2.85265320e+02,
    4.19232635e+02, 2.83403687e+02, 4.35227173e+02, 2.81473358e+02,
    4.50976044e+02, 2.79645905e+02, 4.66606842e+02, 2.77911377e+02,
    3.87144409e+02, 3.02994263e+02, 4.03509094e+02, 3.01202454e+02,
    4.19636963e+02, 2.99435028e+02, 4.35630707e+02, 2.97497681e+02,
    4.51243927e+02, 2.95604340e+02, 4.66668335e+02, 2.93552185e+02,
    3.87867645e+02, 3.18999603e+02, 4.04111816e+02, 3.17239899e+02,
    4.20146820e+02, 3.15305664e+02, 4.35955933e+02, 3.13444916e+02,
    4.51668671e+02, 3.11410004e+02, 4.66796814e+02, 3.09436554e+02 ]
