%YAML:1.0
---
points: [ 3.88359344e+02, 9.21526489e+01, 4.05583099e+02, 9.06950150e+01,
    4.22552246e+02, 8.94713058e+01, 4.39108582e+02, 8.82818146e+01,
    4.55573029e+02, 8.73879776e+01, 4.71573761e+02, 8.64098740e+01,
    3.89048462e+02, 1.09993340e+02, 4.06237488e+02, 1.08692024e+02,
    4.23189392e+02, 1.07230667e+02, 4.39871185e+02, 1.05964043e+02,
    4.56140808e+02, 1.04671326e+02, 4.72182800e+02, 1.03873787e+02,
    3.89732758e+02, 1.27919075e+02, 4.06792542e+02, 1.26409981e+02,
    4.23706146e+02, 1.24978600e+02, 4.40463440e+02, 1.23612549e+02,
    4.56796265e+02, 1.22436035e+02, 4.72835571e+02, 1.21044212e+02,
    3.90312927e+02, 1.45433975e+02, 4.07379089e+02, 1.43920898e+02,
    4.24219879e+02, 1.42473740e+02, 4.40783539e+02, 1.41067795e+02,
    4.57115112e+02, 1.39625320e+02, 4.73098816e+02, 1.38610184e+02,
    3.90842621e+02, 1.62871948e+02, 4.07788605e+02, 1.61201096e+02,
    4.24603546e+02, 1.59742554e+02, 4.41109375e+02, 1.58215302e+02,
    4.57530884e+02, 1.56872162e+02, 4.73401031e+02, 1.55503494e+02,
    3.91412689e+02, 1.79787247e+02, 4.08373657e+02, 1.78277588e+02,
    4.24993530e+02, 1.76720963e+02, 4.41500214e+02, 1.75269348e+02,
    4.57657104e+02, 1.73703949e+02, 4.73614380e+02, 1.72490707e+02,
    3.92132141e+02, 1.96753555e+02, 4.08865845e+02, 1.95029984e+02,
    4.25493835e+02, 1.93623215e+02, 4.41751770e+02, 1.91979858e+02,
    4.57982819e+02, 1.90618927e+02, 4.73862549e+02, 1.88972626e+02,
    3.92789978e+02, 2.13369507e+02, 4.09509766e+02, 2.11858994e+02,
    4.26133148e+02, 2.10239212e+02, 4.42571442e+02, 2.08748108e+02,
    4.58642059e+02, 2.07231033e+02, 4.74408752e+02, 2.05790817e+02 ]
