%YAML:1.0
---
points: [ 1.14169815e+02, 1.76496887e+02, 1.25789124e+02, 1.85200775e+02,
    1.37513840e+02, 1.93862106e+02, 1.49113617e+02, 2.02543182e+02,
    1.60842010e+02, 2.11250702e+02, 1.72528122e+02, 2.19996353e+02,
    1.06259689e+02, 1.88243286e+02, 1.17869324e+02, 1.96877777e+02,
    1.29422531e+02, 2.05548813e+02, 1.41004120e+02, 2.14220383e+02,
    1.52655640e+02, 2.22883591e+02, 1.64277603e+02, 2.31628159e+02,
    9.85174103e+01, 1.99864929e+02, 1.09942734e+02, 2.08470840e+02,
    1.21425735e+02, 2.17156174e+02, 1.32864517e+02, 2.25789841e+02,
    1.44525024e+02, 2.34364761e+02, 1.56018417e+02, 2.43153595e+02,
    9.07771988e+01, 2.11450638e+02, 1.02191032e+02, 2.20024261e+02,
    1.13544952e+02, 2.28621246e+02, 1.24936272e+02, 2.37296051e+02,
    1.36417694e+02, 2.45899963e+02, 1.47902557e+02, 2.54623993e+02,
    8.32626266e+01, 2.22829544e+02, 9.44267120e+01, 2.31403946e+02,
    1.05791176e+02, 2.40035278e+02, 1.17054306e+02, 2.48614410e+02,
    1.28472977e+02, 2.57252075e+02, 1.39892090e+02, 2.65872406e+02,
    7.57448654e+01, 2.34173630e+02, 8.69426422e+01, 2.42682892e+02,
    9.81025467e+01, 2.51305923e+02, 1.09330643e+02, 2.59835266e+02,
    1.20652771e+02, 2.68534546e+02, 1.31956055e+02, 2.77125366e+02,
    6.84409256e+01, 2.45258087e+02, 7.93921890e+01, 2.53834274e+02,
    9.05269928e+01, 2.62380096e+02, 1.01604279e+02, 2.71045441e+02,
    1.12814705e+02, 2.79610748e+02, 1.24010201e+02, 2.88260071e+02,
    6.10289459e+01, 2.56271698e+02, 7.20020599e+01, 2.64884735e+02,
    8.27248993e+01, 2.73458527e+02, 9.37550125e+01, 2.82142578e+02,
    1.04780312e+02, 2.90786713e+02, 1.16000633e+02, 2.99458069e+02 ]
