%YAML:1.0
---
points: [ 1.24152637e+03, 2.19652863e+02, 1.29171631e+03, 2.15609955e+02,
    1.34201855e+03, 2.11755386e+02, 1.39206018e+03, 2.07728210e+02,
    1.44214233e+03, 2.03690765e+02, 1.49199548e+03, 1.99762878e+02,
    1.24344910e+03, 2.71562256e+02, 1.29329175e+03, 2.67500671e+02,
    1.34339062e+03, 2.63539062e+02, 1.39292578e+03, 2.59582825e+02,
    1.44270813e+03, 2.55525299e+02, 1.49240564e+03, 2.51555847e+02,
    1.24522961e+03, 3.22919434e+02, 1.29486584e+03, 3.18751129e+02,
    1.34438684e+03, 3.14655914e+02, 1.39403748e+03, 3.10700684e+02,
    1.44360706e+03, 3.06692657e+02, 1.49298132e+03, 3.02656342e+02,
    1.24711169e+03, 3.73354065e+02, 1.29634363e+03, 3.69448303e+02,
    1.34549719e+03, 3.65330292e+02, 1.39475452e+03, 3.61077484e+02,
    1.44380957e+03, 3.57140961e+02, 1.49284412e+03, 3.53206604e+02,
    1.24881274e+03, 4.23161072e+02, 1.29769580e+03, 4.18921539e+02,
    1.34674890e+03, 4.14810730e+02, 1.39550049e+03, 4.10912872e+02,
    1.44425830e+03, 4.06901337e+02, 1.49292261e+03, 4.02857178e+02,
    1.25066492e+03, 4.71801239e+02, 1.29929285e+03, 4.67699677e+02,
    1.34784937e+03, 4.63762817e+02, 1.39610559e+03, 4.59829041e+02,
    1.44451160e+03, 4.55627289e+02, 1.49299744e+03, 4.51683197e+02,
    1.25277612e+03, 5.19975098e+02, 1.30100513e+03, 5.16099548e+02,
    1.34920740e+03, 5.12154419e+02, 1.39733057e+03, 5.08078644e+02,
    1.44560657e+03, 5.04018188e+02, 1.49395288e+03, 5.00245087e+02,
    1.25473682e+03, 5.67871216e+02, 1.30299609e+03, 5.64115479e+02,
    1.35104468e+03, 5.60175964e+02, 1.39918860e+03, 5.55994263e+02,
    1.44745667e+03, 5.52254944e+02, 1.49519189e+03, 5.48448425e+02 ]
