%YAML:1.0
---
points: [ 1.24151953e+03, 2.19653763e+02, 1.29167688e+03, 2.15656433e+02,
    1.34195959e+03, 2.11786469e+02, 1.39207666e+03, 2.07763489e+02,
    1.44215942e+03, 2.03684891e+02, 1.49203662e+03, 1.99741714e+02,
    1.24346216e+03, 2.71596832e+02, 1.29331055e+03, 2.67467957e+02,
    1.34337988e+03, 2.63539307e+02, 1.39291284e+03, 2.59636017e+02,
    1.44270325e+03, 2.55556061e+02, 1.49241565e+03, 2.51532730e+02,
    1.24523877e+03, 3.22956329e+02, 1.29487732e+03, 3.18818756e+02,
    1.34443457e+03, 3.14636047e+02, 1.39402612e+03, 3.10710358e+02,
    1.44360962e+03, 3.06735046e+02, 1.49295422e+03, 3.02640167e+02,
    1.24710522e+03, 3.73367706e+02, 1.29633691e+03, 3.69444702e+02,
    1.34548425e+03, 3.65319550e+02, 1.39474719e+03, 3.61130188e+02,
    1.44380371e+03, 3.57140015e+02, 1.49283655e+03, 3.53214020e+02,
    1.24885657e+03, 4.23181305e+02, 1.29770837e+03, 4.19011475e+02,
    1.34672974e+03, 4.14801147e+02, 1.39549988e+03, 4.10881470e+02,
    1.44425647e+03, 4.06881744e+02, 1.49292273e+03, 4.02856995e+02,
    1.25068091e+03, 4.71818787e+02, 1.29930078e+03, 4.67694977e+02,
    1.34784155e+03, 4.63799225e+02, 1.39614429e+03, 4.59838715e+02,
    1.44454883e+03, 4.55671509e+02, 1.49302271e+03, 4.51696686e+02,
    1.25275208e+03, 5.20015625e+02, 1.30098242e+03, 5.16099243e+02,
    1.34918323e+03, 5.12119995e+02, 1.39732239e+03, 5.08104462e+02,
    1.44562561e+03, 5.04020416e+02, 1.49397998e+03, 5.00259521e+02,
    1.25471387e+03, 5.67878174e+02, 1.30297327e+03, 5.64147888e+02,
    1.35103845e+03, 5.60196655e+02, 1.39922278e+03, 5.56011719e+02,
    1.44744226e+03, 5.52262085e+02, 1.49515588e+03, 5.48422363e+02 ]
