%YAML:1.0
---
points: [ 3.88389740e+02, 9.21245499e+01, 4.05571045e+02, 9.07061310e+01,
    4.22551056e+02, 8.95015259e+01, 4.39117310e+02, 8.82766495e+01,
    4.55559021e+02, 8.73771896e+01, 4.71601196e+02, 8.64112930e+01,
    3.89074005e+02, 1.10031296e+02, 4.06237183e+02, 1.08730186e+02,
    4.23179504e+02, 1.07226288e+02, 4.39874481e+02, 1.05944214e+02,
    4.56127869e+02, 1.04647224e+02, 4.72199860e+02, 1.03893364e+02,
    3.89765839e+02, 1.27887878e+02, 4.06799835e+02, 1.26407150e+02,
    4.23713654e+02, 1.24985329e+02, 4.40455017e+02, 1.23614761e+02,
    4.56830383e+02, 1.22442513e+02, 4.72837280e+02, 1.21062920e+02,
    3.90296967e+02, 1.45460999e+02, 4.07349640e+02, 1.43948059e+02,
    4.24227844e+02, 1.42454147e+02, 4.40789429e+02, 1.41054855e+02,
    4.57136841e+02, 1.39657166e+02, 4.73116852e+02, 1.38576614e+02,
    3.90892517e+02, 1.62858994e+02, 4.07773132e+02, 1.61209946e+02,
    4.24643005e+02, 1.59728851e+02, 4.41100922e+02, 1.58228622e+02,
    4.57547638e+02, 1.56898438e+02, 4.73389862e+02, 1.55511688e+02,
    3.91448029e+02, 1.79811020e+02, 4.08345245e+02, 1.78292526e+02,
    4.25051056e+02, 1.76717285e+02, 4.41477478e+02, 1.75295822e+02,
    4.57659973e+02, 1.73718384e+02, 4.73626007e+02, 1.72507980e+02,
    3.92141357e+02, 1.96745209e+02, 4.08851074e+02, 1.95079254e+02,
    4.25525299e+02, 1.93611176e+02, 4.41780518e+02, 1.91950882e+02,
    4.58019012e+02, 1.90574417e+02, 4.73875092e+02, 1.88991028e+02,
    3.92792603e+02, 2.13349380e+02, 4.09499054e+02, 2.11871323e+02,
    4.26161774e+02, 2.10285858e+02, 4.42548645e+02, 2.08767349e+02,
    4.58640350e+02, 2.07224930e+02, 4.74390320e+02, 2.05801270e+02 ]
