%YAML:1.0
---
points: [ 1.40051587e+03, 2.70089417e+02, 1.43149731e+03, 2.67557098e+02,
    1.46243799e+03, 2.65542847e+02, 1.49311426e+03, 2.63371643e+02,
    1.52372302e+03, 2.61165009e+02, 1.55443201e+03, 2.59157745e+02,
    1.40086072e+03, 3.02398071e+02, 1.43181262e+03, 2.99957092e+02,
    1.46268152e+03, 2.97709381e+02, 1.49321399e+03, 2.95629730e+02,
    1.52372205e+03, 2.93353943e+02, 1.55438098e+03, 2.91212311e+02,
    1.40131079e+03, 3.34499237e+02, 1.43219519e+03, 3.32293365e+02,
    1.46275842e+03, 3.29805084e+02, 1.49334985e+03, 3.27632843e+02,
    1.52398279e+03, 3.25277649e+02, 1.55444543e+03, 3.23256836e+02,
    1.40158264e+03, 3.66310516e+02, 1.43236462e+03, 3.64094513e+02,
    1.46285059e+03, 3.61593689e+02, 1.49331067e+03, 3.59439209e+02,
    1.52363110e+03, 3.57068512e+02, 1.55396851e+03, 3.54886536e+02,
    1.40189880e+03, 3.97879852e+02, 1.43248938e+03, 3.95593811e+02,
    1.46290271e+03, 3.93084656e+02, 1.49320898e+03, 3.90887238e+02,
    1.52350732e+03, 3.88478088e+02, 1.55370337e+03, 3.86346588e+02,
    1.40229492e+03, 4.29162659e+02, 1.43263635e+03, 4.26744720e+02,
    1.46302832e+03, 4.24391937e+02, 1.49316846e+03, 4.22134430e+02,
    1.52333826e+03, 4.19629395e+02, 1.55349695e+03, 4.17458588e+02,
    1.40266174e+03, 4.60069611e+02, 1.43308923e+03, 4.57597809e+02,
    1.46337952e+03, 4.55234467e+02, 1.49340796e+03, 4.52938873e+02,
    1.52353455e+03, 4.50572723e+02, 1.55360730e+03, 4.48404297e+02,
    1.40342126e+03, 4.90876404e+02, 1.43377832e+03, 4.88420258e+02,
    1.46421936e+03, 4.86201050e+02, 1.49434021e+03, 4.83646271e+02,
    1.52441235e+03, 4.81422241e+02, 1.55418311e+03, 4.79104584e+02 ]
