%YAML:1.0
---
points: [ 4.30409729e+02, 1.09662277e+02, 4.40734100e+02, 1.08778755e+02,
    4.50824890e+02, 1.08266266e+02, 4.60888092e+02, 1.07638496e+02,
    4.70774536e+02, 1.07138725e+02, 4.80629150e+02, 1.06580421e+02,
    4.30749481e+02, 1.20687584e+02, 4.40974396e+02, 1.19937157e+02,
    4.51275604e+02, 1.19286819e+02, 4.61323334e+02, 1.18694084e+02,
    4.71150879e+02, 1.17880936e+02, 4.80887299e+02, 1.17579605e+02,
    4.30897797e+02, 1.31860626e+02, 4.41313416e+02, 1.30959122e+02,
    4.51679779e+02, 1.30381866e+02, 4.61645111e+02, 1.29627167e+02,
    4.71614258e+02, 1.29004791e+02, 4.81269653e+02, 1.28337173e+02,
    4.31141937e+02, 1.42723053e+02, 4.41635254e+02, 1.42061127e+02,
    4.51770355e+02, 1.41253189e+02, 4.61770325e+02, 1.40620575e+02,
    4.71696106e+02, 1.39721680e+02, 4.81476532e+02, 1.39233826e+02,
    4.31436371e+02, 1.53856003e+02, 4.41757416e+02, 1.52878815e+02,
    4.51817749e+02, 1.52190109e+02, 4.61829742e+02, 1.51420898e+02,
    4.71804657e+02, 1.50738953e+02, 4.81670746e+02, 1.49784454e+02,
    4.31653656e+02, 1.64601624e+02, 4.41814240e+02, 1.63775925e+02,
    4.51988495e+02, 1.62852783e+02, 4.61878418e+02, 1.62196365e+02,
    4.71846375e+02, 1.61351440e+02, 4.81653534e+02, 1.60694199e+02,
    4.31784485e+02, 1.75507858e+02, 4.42039673e+02, 1.74564117e+02,
    4.52313721e+02, 1.73687195e+02, 4.62233002e+02, 1.72759674e+02,
    4.71998169e+02, 1.72035416e+02, 4.81780090e+02, 1.71118698e+02,
    4.32043854e+02, 1.86042374e+02, 4.42539124e+02, 1.85266556e+02,
    4.52567871e+02, 1.84323288e+02, 4.62734161e+02, 1.83496201e+02,
    4.72508667e+02, 1.82568649e+02, 4.82098175e+02, 1.81796097e+02 ]
