%YAML:1.0
---
points: [ 4.30452301e+02, 1.09613655e+02, 4.40743866e+02, 1.08755798e+02,
    4.50835510e+02, 1.08173935e+02, 4.60916565e+02, 1.07605476e+02,
    4.70775940e+02, 1.07115631e+02, 4.80634979e+02, 1.06560951e+02,
    4.30750244e+02, 1.20662590e+02, 4.40983887e+02, 1.19909538e+02,
    4.51296509e+02, 1.19219322e+02, 4.61377960e+02, 1.18658234e+02,
    4.71161530e+02, 1.17820862e+02, 4.80903107e+02, 1.17539658e+02,
    4.30913818e+02, 1.31827774e+02, 4.41325592e+02, 1.30889236e+02,
    4.51696533e+02, 1.30334229e+02, 4.61673981e+02, 1.29594254e+02,
    4.71638306e+02, 1.28954666e+02, 4.81276825e+02, 1.28298843e+02,
    4.31142944e+02, 1.42718506e+02, 4.41659821e+02, 1.42009277e+02,
    4.51748779e+02, 1.41195038e+02, 4.61777039e+02, 1.40562805e+02,
    4.71712738e+02, 1.39713272e+02, 4.81512939e+02, 1.39226410e+02,
    4.31485199e+02, 1.53831741e+02, 4.41765503e+02, 1.52831619e+02,
    4.51835846e+02, 1.52130203e+02, 4.61860596e+02, 1.51383331e+02,
    4.71782288e+02, 1.50709290e+02, 4.81717682e+02, 1.49740555e+02,
    4.31665070e+02, 1.64581757e+02, 4.41842438e+02, 1.63764282e+02,
    4.52016907e+02, 1.62842453e+02, 4.61914764e+02, 1.62135086e+02,
    4.71852203e+02, 1.61280914e+02, 4.81696350e+02, 1.60635300e+02,
    4.31796265e+02, 1.75451172e+02, 4.42080017e+02, 1.74535553e+02,
    4.52370300e+02, 1.73648666e+02, 4.62234375e+02, 1.72721390e+02,
    4.72009125e+02, 1.71988953e+02, 4.81784393e+02, 1.71095016e+02,
    4.32101379e+02, 1.86000916e+02, 4.42552856e+02, 1.85215988e+02,
    4.52553162e+02, 1.84240189e+02, 4.62727844e+02, 1.83449982e+02,
    4.72523834e+02, 1.82555191e+02, 4.82109894e+02, 1.81781052e+02 ]
