%YAML:1.0
---
points: [ 1.40057788e+03, 2.69871246e+02, 1.43152698e+03, 2.67474945e+02,
    1.46251379e+03, 2.65409851e+02, 1.49308984e+03, 2.63209747e+02,
    1.52370654e+03, 2.61014038e+02, 1.55447974e+03, 2.58898712e+02,
    1.40093372e+03, 3.02309326e+02, 1.43185620e+03, 2.99810242e+02,
    1.46268884e+03, 2.97623016e+02, 1.49324438e+03, 2.95549347e+02,
    1.52376868e+03, 2.93221191e+02, 1.55441272e+03, 2.91077393e+02,
    1.40134338e+03, 3.34423157e+02, 1.43221179e+03, 3.32122681e+02,
    1.46278076e+03, 3.29690399e+02, 1.49338147e+03, 3.27585999e+02,
    1.52409692e+03, 3.25092865e+02, 1.55447363e+03, 3.23119476e+02,
    1.40162012e+03, 3.66286469e+02, 1.43236536e+03, 3.63942963e+02,
    1.46292505e+03, 3.61492676e+02, 1.49334778e+03, 3.59334595e+02,
    1.52370251e+03, 3.56922089e+02, 1.55404578e+03, 3.54744720e+02,
    1.40190186e+03, 3.97759918e+02, 1.43252405e+03, 3.95498993e+02,
    1.46295630e+03, 3.92996735e+02, 1.49326758e+03, 3.90757599e+02,
    1.52353796e+03, 3.88401428e+02, 1.55372144e+03, 3.86248291e+02,
    1.40234460e+03, 4.28972565e+02, 1.43267529e+03, 4.26594116e+02,
    1.46307104e+03, 4.24260223e+02, 1.49322656e+03, 4.21958557e+02,
    1.52335486e+03, 4.19530090e+02, 1.55351245e+03, 4.17371124e+02,
    1.40266821e+03, 4.59899139e+02, 1.43317090e+03, 4.57484375e+02,
    1.46341626e+03, 4.55102478e+02, 1.49344238e+03, 4.52798920e+02,
    1.52356213e+03, 4.50468719e+02, 1.55363269e+03, 4.48290039e+02,
    1.40348230e+03, 4.90728882e+02, 1.43381458e+03, 4.88294495e+02,
    1.46425122e+03, 4.86050232e+02, 1.49441235e+03, 4.83563385e+02,
    1.52444385e+03, 4.81323883e+02, 1.55421802e+03, 4.78915344e+02 ]
