%YAML:1.0
---
points: [ 2.49502960e+02, 6.42285309e+01, 2.62003998e+02, 7.39760132e+01,
    2.74092499e+02, 8.35160599e+01, 2.85964050e+02, 9.27843475e+01,
    2.97560913e+02, 1.01935562e+02, 3.09102722e+02, 1.10879013e+02,
    2.41068176e+02, 7.69538727e+01, 2.53487213e+02, 8.66273346e+01,
    2.65771973e+02, 9.60285492e+01, 2.77719788e+02, 1.05227501e+02,
    2.89463196e+02, 1.14223907e+02, 3.00936218e+02, 1.23121338e+02,
    2.32593765e+02, 8.97467957e+01, 2.45126892e+02, 9.92619324e+01,
    2.57418518e+02, 1.08573120e+02, 2.69477112e+02, 1.17637810e+02,
    2.81313263e+02, 1.26545357e+02, 2.92934265e+02, 1.35282120e+02,
    2.24025085e+02, 1.02556129e+02, 2.36723907e+02, 1.11949554e+02,
    2.49083008e+02, 1.21143036e+02, 2.61226715e+02, 1.30111267e+02,
    2.73109772e+02, 1.38872696e+02, 2.84803833e+02, 1.47495087e+02,
    2.15492188e+02, 1.15345703e+02, 2.28266342e+02, 1.24593384e+02,
    2.40690735e+02, 1.33666580e+02, 2.52957260e+02, 1.42464279e+02,
    2.64948151e+02, 1.51159286e+02, 2.76735809e+02, 1.59642899e+02,
    2.07009354e+02, 1.28043808e+02, 2.19805283e+02, 1.37251953e+02,
    2.32450546e+02, 1.46210358e+02, 2.44728851e+02, 1.54877365e+02,
    2.56834015e+02, 1.63450836e+02, 2.68660309e+02, 1.71821304e+02,
    1.98440994e+02, 1.40741714e+02, 2.11491394e+02, 1.49813187e+02,
    2.24108185e+02, 1.58662079e+02, 2.36521484e+02, 1.67237762e+02,
    2.48714096e+02, 1.75705032e+02, 2.60673553e+02, 1.83985611e+02,
    1.89986191e+02, 1.53515396e+02, 2.02936874e+02, 1.62475662e+02,
    2.15837097e+02, 1.71130737e+02, 2.28320984e+02, 1.79676071e+02,
    2.40627487e+02, 1.88017792e+02, 2.52629181e+02, 1.96182419e+02 ]
