%YAML:1.0
---
points: [ 2.49838684e+02, 3.81725037e+02, 2.87319794e+02, 3.81186859e+02,
    3.25195496e+02, 3.80502472e+02, 3.62940033e+02, 3.79814697e+02,
    4.01219391e+02, 3.79159454e+02, 4.39398102e+02, 3.78396637e+02,
    2.49300354e+02, 4.20308014e+02, 2.86734955e+02, 4.19644501e+02,
    3.24475800e+02, 4.19154968e+02, 3.62418915e+02, 4.18521454e+02,
    4.00608734e+02, 4.17938660e+02, 4.38842560e+02, 4.17492981e+02,
    2.48666504e+02, 4.59270264e+02, 2.86285645e+02, 4.58694397e+02,
    3.24032166e+02, 4.58180481e+02, 3.61734314e+02, 4.57521881e+02,
    3.99928070e+02, 4.56911957e+02, 4.38398499e+02, 4.56471954e+02,
    2.48332932e+02, 4.98039490e+02, 2.85833099e+02, 4.97565796e+02,
    3.23696289e+02, 4.97198944e+02, 3.61477814e+02, 4.96707123e+02,
    3.99820404e+02, 4.96307007e+02, 4.38325104e+02, 4.95780792e+02,
    2.47805954e+02, 5.37026001e+02, 2.85518616e+02, 5.36605164e+02,
    3.23327057e+02, 5.36195923e+02, 3.61107117e+02, 5.35738098e+02,
    3.99476044e+02, 5.35399902e+02, 4.38030334e+02, 5.35006226e+02,
    2.47128586e+02, 5.75853210e+02, 2.85050385e+02, 5.75589844e+02,
    3.22877869e+02, 5.75355896e+02, 3.60912231e+02, 5.74946655e+02,
    3.99278839e+02, 5.74726013e+02, 4.37774017e+02, 5.74424500e+02,
    2.46364777e+02, 6.14685181e+02, 2.84283417e+02, 6.14562805e+02,
    3.22302277e+02, 6.14398743e+02, 3.60221466e+02, 6.14180481e+02,
    3.98396301e+02, 6.14058350e+02, 4.37043365e+02, 6.13791077e+02,
    2.45212158e+02, 6.54055725e+02, 2.82755554e+02, 6.54041931e+02,
    3.20661194e+02, 6.53931152e+02, 3.58656311e+02, 6.53829956e+02,
    3.96833191e+02, 6.53741455e+02, 4.35539154e+02, 6.53590393e+02 ]
