%YAML:1.0
---
points: [ 1.43798669e+03, 1.59042328e+02, 1.47039453e+03, 1.56487946e+02,
    1.50247070e+03, 1.54227417e+02, 1.53452698e+03, 1.51570557e+02,
    1.56658923e+03, 1.49386078e+02, 1.59860437e+03, 1.46859039e+02,
    1.43850244e+03, 1.92732101e+02, 1.47064893e+03, 1.90408783e+02,
    1.50270667e+03, 1.87792374e+02, 1.53469043e+03, 1.85498550e+02,
    1.56657153e+03, 1.82996964e+02, 1.59851489e+03, 1.80733093e+02,
    1.43885425e+03, 2.26501740e+02, 1.47092505e+03, 2.23921249e+02,
    1.50284241e+03, 2.21482498e+02, 1.53475696e+03, 2.18900055e+02,
    1.56673853e+03, 2.16521454e+02, 1.59856909e+03, 2.14119873e+02,
    1.43913696e+03, 2.59814178e+02, 1.47110339e+03, 2.57214203e+02,
    1.50293774e+03, 2.54713379e+02, 1.53463477e+03, 2.52157883e+02,
    1.56642444e+03, 2.49700638e+02, 1.59798450e+03, 2.47287872e+02,
    1.43930603e+03, 2.92756470e+02, 1.47122876e+03, 2.90403015e+02,
    1.50287891e+03, 2.87674133e+02, 1.53454822e+03, 2.85424805e+02,
    1.56617969e+03, 2.82685944e+02, 1.59756360e+03, 2.80414093e+02,
    1.43954651e+03, 3.25373657e+02, 1.47134851e+03, 3.22942535e+02,
    1.50290063e+03, 3.20338226e+02, 1.53436938e+03, 3.17828217e+02,
    1.56577625e+03, 3.15314880e+02, 1.59728455e+03, 3.12825958e+02,
    1.44005115e+03, 3.57641632e+02, 1.47160706e+03, 3.55258362e+02,
    1.50314282e+03, 3.52603699e+02, 1.53456433e+03, 3.50151001e+02,
    1.56592224e+03, 3.47614349e+02, 1.59738647e+03, 3.45195129e+02,
    1.44068433e+03, 3.89730957e+02, 1.47237866e+03, 3.87153564e+02,
    1.50387634e+03, 3.84638702e+02, 1.53529968e+03, 3.82199463e+02,
    1.56675134e+03, 3.79707642e+02, 1.59774597e+03, 3.77195953e+02 ]
