%YAML:1.0
---
points: [ 1.02568153e+02, 3.83214569e+02, 1.33787354e+02, 3.81347748e+02,
    1.65923111e+02, 3.80149597e+02, 1.98068268e+02, 3.78266113e+02,
    2.31330795e+02, 3.76428894e+02, 2.64683014e+02, 3.75085480e+02,
    1.01605812e+02, 4.20460999e+02, 1.33350113e+02, 4.19094116e+02,
    1.64846298e+02, 4.17680969e+02, 1.97397995e+02, 4.16287262e+02,
    2.30474686e+02, 4.15002167e+02, 2.64233582e+02, 4.13382690e+02,
    1.01363785e+02, 4.58258118e+02, 1.32529129e+02, 4.56901855e+02,
    1.64516891e+02, 4.55575806e+02, 1.96611359e+02, 4.54384125e+02,
    2.29721436e+02, 4.53473969e+02, 2.63328278e+02, 4.52509521e+02,
    1.00517372e+02, 4.95655945e+02, 1.32369247e+02, 4.95001190e+02,
    1.63863388e+02, 4.93745331e+02, 1.96567078e+02, 4.92905731e+02,
    2.29483444e+02, 4.91884155e+02, 2.63372437e+02, 4.91199829e+02,
    1.00396248e+02, 5.33330994e+02, 1.31578171e+02, 5.32492432e+02,
    1.63814514e+02, 5.32147766e+02, 1.95952606e+02, 5.31349365e+02,
    2.29225052e+02, 5.30668030e+02, 2.62742157e+02, 5.29872192e+02,
    9.94733353e+01, 5.70679688e+02, 1.31400467e+02, 5.70431763e+02,
    1.63222427e+02, 5.70018616e+02, 1.96099228e+02, 5.69901611e+02,
    2.28910126e+02, 5.69335938e+02, 2.62810760e+02, 5.69116699e+02,
    9.88099823e+01, 6.08393066e+02, 1.30200348e+02, 6.08175110e+02,
    1.62607712e+02, 6.08340088e+02, 1.94837585e+02, 6.08143250e+02,
    2.28257263e+02, 6.08168213e+02, 2.61473785e+02, 6.08048157e+02,
    9.74355621e+01, 6.46178650e+02, 1.29126495e+02, 6.46582581e+02,
    1.60563583e+02, 6.46543335e+02, 1.93149994e+02, 6.47135742e+02,
    2.25856094e+02, 6.47175537e+02, 2.60096588e+02, 6.47327454e+02 ]
