%YAML:1.0
---
points: [ 4.42309998e+02, 7.18717880e+01, 4.52860718e+02, 7.14609833e+01,
    4.62994049e+02, 7.08966370e+01, 4.73153687e+02, 7.05389709e+01,
    4.82972961e+02, 7.03848953e+01, 4.92660034e+02, 6.98798599e+01,
    4.42868317e+02, 8.33867798e+01, 4.53307434e+02, 8.27659149e+01,
    4.63774567e+02, 8.21953125e+01, 4.73714447e+02, 8.17764130e+01,
    4.83715607e+02, 8.13189774e+01, 4.93290405e+02, 8.11830750e+01,
    4.43244385e+02, 9.47885742e+01, 4.53794373e+02, 9.40640869e+01,
    4.64040222e+02, 9.35452957e+01, 4.74227112e+02, 9.27984009e+01,
    4.84293365e+02, 9.26047058e+01, 4.93993713e+02, 9.19432526e+01,
    4.43712128e+02, 1.06160652e+02, 4.54069031e+02, 1.05539627e+02,
    4.64558014e+02, 1.04696213e+02, 4.74712341e+02, 1.04249741e+02,
    4.84658997e+02, 1.03547073e+02, 4.94513824e+02, 1.03175812e+02,
    4.43837708e+02, 1.17608940e+02, 4.54455933e+02, 1.16670975e+02,
    4.64811096e+02, 1.15922005e+02, 4.74842041e+02, 1.15287621e+02,
    4.84858307e+02, 1.14808434e+02, 4.94713654e+02, 1.14060921e+02,
    4.44176178e+02, 1.28639404e+02, 4.54757874e+02, 1.27920830e+02,
    4.65018951e+02, 1.27095894e+02, 4.75240479e+02, 1.26516281e+02,
    4.85212036e+02, 1.25636627e+02, 4.94916077e+02, 1.25189857e+02,
    4.44594818e+02, 1.39850006e+02, 4.54894257e+02, 1.38909836e+02,
    4.65475922e+02, 1.38251755e+02, 4.75610474e+02, 1.37500870e+02,
    4.85659119e+02, 1.36793381e+02, 4.95445435e+02, 1.35964966e+02,
    4.44776337e+02, 1.50837311e+02, 4.55538330e+02, 1.50142990e+02,
    4.65803894e+02, 1.49276993e+02, 4.75897369e+02, 1.48585388e+02,
    4.85997925e+02, 1.47598465e+02, 4.95804443e+02, 1.46938446e+02 ]
