%YAML:1.0
---
points: [ 1.43799939e+03, 1.59009354e+02, 1.47038745e+03, 1.56484879e+02,
    1.50248120e+03, 1.54213409e+02, 1.53454358e+03, 1.51594421e+02,
    1.56661194e+03, 1.49350632e+02, 1.59861096e+03, 1.46884186e+02,
    1.43849341e+03, 1.92683411e+02, 1.47071741e+03, 1.90412430e+02,
    1.50273633e+03, 1.87816818e+02, 1.53469446e+03, 1.85498032e+02,
    1.56656616e+03, 1.83026718e+02, 1.59851123e+03, 1.80699890e+02,
    1.43894385e+03, 2.26489136e+02, 1.47086890e+03, 2.24005081e+02,
    1.50287488e+03, 2.21478394e+02, 1.53477502e+03, 2.18864807e+02,
    1.56674487e+03, 2.16547531e+02, 1.59855225e+03, 2.14165909e+02,
    1.43915100e+03, 2.59817139e+02, 1.47112256e+03, 2.57225067e+02,
    1.50297510e+03, 2.54705399e+02, 1.53466943e+03, 2.52192062e+02,
    1.56642419e+03, 2.49728989e+02, 1.59808362e+03, 2.47293091e+02,
    1.43931409e+03, 2.92751038e+02, 1.47125305e+03, 2.90353607e+02,
    1.50297961e+03, 2.87661835e+02, 1.53455029e+03, 2.85383301e+02,
    1.56621069e+03, 2.82699707e+02, 1.59758350e+03, 2.80430206e+02,
    1.43955969e+03, 3.25388458e+02, 1.47135718e+03, 3.22917511e+02,
    1.50292480e+03, 3.20330322e+02, 1.53437671e+03, 3.17833221e+02,
    1.56577209e+03, 3.15350189e+02, 1.59730957e+03, 3.12842010e+02,
    1.44009485e+03, 3.57650970e+02, 1.47160315e+03, 3.55253967e+02,
    1.50318994e+03, 3.52592010e+02, 1.53454773e+03, 3.50168274e+02,
    1.56595667e+03, 3.47628204e+02, 1.59739209e+03, 3.45183655e+02,
    1.44072009e+03, 3.89708984e+02, 1.47239490e+03, 3.87190430e+02,
    1.50390747e+03, 3.84636475e+02, 1.53531055e+03, 3.82171082e+02,
    1.56677112e+03, 3.79657898e+02, 1.59778198e+03, 3.77129517e+02 ]
