%YAML:1.0
---
points: [ 2.86347046e+02, 9.35891571e+01, 2.98394135e+02, 1.02982178e+02,
    3.10295441e+02, 1.12107231e+02, 3.21989105e+02, 1.21165413e+02,
    3.33559998e+02, 1.30113251e+02, 3.45022217e+02, 1.38828568e+02,
    2.77506927e+02, 1.06359917e+02, 2.89527557e+02, 1.15609261e+02,
    3.01570831e+02, 1.24690964e+02, 3.13293732e+02, 1.33581467e+02,
    3.24924774e+02, 1.42422989e+02, 3.36370087e+02, 1.51079468e+02,
    2.68744019e+02, 1.19041046e+02, 2.80867920e+02, 1.28189850e+02,
    2.92817169e+02, 1.37159073e+02, 3.04636230e+02, 1.45930557e+02,
    3.16262848e+02, 1.54582504e+02, 3.27801727e+02, 1.63163010e+02,
    2.60009216e+02, 1.31597733e+02, 2.72138977e+02, 1.40653137e+02,
    2.84216461e+02, 1.49515671e+02, 2.95977020e+02, 1.58178986e+02,
    3.07637970e+02, 1.66692322e+02, 3.19180542e+02, 1.75262680e+02,
    2.51327438e+02, 1.44195694e+02, 2.63512634e+02, 1.53004959e+02,
    2.75543579e+02, 1.61810791e+02, 2.87427124e+02, 1.70405334e+02,
    2.99097961e+02, 1.78823975e+02, 3.10668152e+02, 1.87170700e+02,
    2.42769226e+02, 1.56556442e+02, 2.54946869e+02, 1.65377686e+02,
    2.67019318e+02, 1.73967804e+02, 2.78861938e+02, 1.82499542e+02,
    2.90585236e+02, 1.90816910e+02, 3.02205383e+02, 1.99139221e+02,
    2.34051041e+02, 1.69046127e+02, 2.46488708e+02, 1.77527069e+02,
    2.58547638e+02, 1.86136429e+02, 2.70423645e+02, 1.94476151e+02,
    2.82236206e+02, 2.02777084e+02, 2.93870087e+02, 2.11028870e+02,
    2.25631561e+02, 1.81171143e+02, 2.37923492e+02, 1.89822800e+02,
    2.50089951e+02, 1.98248886e+02, 2.62081268e+02, 2.06567200e+02,
    2.73894897e+02, 2.14816238e+02, 2.85567078e+02, 2.22954651e+02 ]
