%YAML:1.0
---
points: [ 4.42325287e+02, 7.18501740e+01, 4.52840759e+02, 7.14876785e+01,
    4.62964844e+02, 7.09045334e+01, 4.73183807e+02, 7.05380478e+01,
    4.82986725e+02, 7.03855515e+01, 4.92689178e+02, 6.98591614e+01,
    4.42880554e+02, 8.33950958e+01, 4.53305817e+02, 8.27567596e+01,
    4.63765747e+02, 8.22076797e+01, 4.73695587e+02, 8.17961502e+01,
    4.83720306e+02, 8.13424072e+01, 4.93277222e+02, 8.11910477e+01,
    4.43252502e+02, 9.47698288e+01, 4.53784943e+02, 9.40539398e+01,
    4.64069794e+02, 9.35380020e+01, 4.74251312e+02, 9.27934494e+01,
    4.84302277e+02, 9.25718002e+01, 4.93963989e+02, 9.19430923e+01,
    4.43724182e+02, 1.06160347e+02, 4.54116150e+02, 1.05537994e+02,
    4.64569794e+02, 1.04692482e+02, 4.74748871e+02, 1.04234268e+02,
    4.84679230e+02, 1.03578453e+02, 4.94471527e+02, 1.03179878e+02,
    4.43852325e+02, 1.17602844e+02, 4.54504456e+02, 1.16666222e+02,
    4.64823242e+02, 1.15935005e+02, 4.74866791e+02, 1.15297325e+02,
    4.84863617e+02, 1.14801163e+02, 4.94697540e+02, 1.14090309e+02,
    4.44201447e+02, 1.28658493e+02, 4.54754364e+02, 1.27919548e+02,
    4.65066589e+02, 1.27159660e+02, 4.75205170e+02, 1.26539642e+02,
    4.85219208e+02, 1.25636536e+02, 4.94947052e+02, 1.25190575e+02,
    4.44602081e+02, 1.39864395e+02, 4.54891296e+02, 1.38924362e+02,
    4.65503265e+02, 1.38222046e+02, 4.75595673e+02, 1.37440292e+02,
    4.85638885e+02, 1.36784271e+02, 4.95507538e+02, 1.35950684e+02,
    4.44771698e+02, 1.50844437e+02, 4.55545135e+02, 1.50116150e+02,
    4.65812683e+02, 1.49299606e+02, 4.75915100e+02, 1.48578461e+02,
    4.86003357e+02, 1.47583862e+02, 4.95831787e+02, 1.46911148e+02 ]
