%YAML:1.0
---
points: [ 1.09983765e+02, 3.89169891e+02, 1.44428909e+02, 3.88009308e+02,
    1.79519913e+02, 3.86909576e+02, 2.14416016e+02, 3.85951569e+02,
    2.50193588e+02, 3.84818726e+02, 2.86150574e+02, 3.83753418e+02,
    1.09022865e+02, 4.26616669e+02, 1.43646759e+02, 4.25518890e+02,
    1.78468979e+02, 4.24649933e+02, 2.13502548e+02, 4.23619537e+02,
    2.49397034e+02, 4.22801025e+02, 2.85455261e+02, 4.21823395e+02,
    1.08296638e+02, 4.64249451e+02, 1.42993362e+02, 4.63260559e+02,
    1.77678452e+02, 4.62428070e+02, 2.12890625e+02, 4.61597626e+02,
    2.48516281e+02, 4.60677399e+02, 2.84634064e+02, 4.59983795e+02,
    1.07664322e+02, 5.01895081e+02, 1.42384232e+02, 5.01255219e+02,
    1.77216003e+02, 5.00460327e+02, 2.12443695e+02, 4.99642303e+02,
    2.48319473e+02, 4.98934448e+02, 2.84371613e+02, 4.98414856e+02,
    1.07113152e+02, 5.39483521e+02, 1.41676132e+02, 5.38963135e+02,
    1.76599106e+02, 5.38453918e+02, 2.11939651e+02, 5.37826172e+02,
    2.47778519e+02, 5.37407166e+02, 2.83944489e+02, 5.36803589e+02,
    1.06360443e+02, 5.77138489e+02, 1.41041992e+02, 5.76668396e+02,
    1.76207321e+02, 5.76330627e+02, 2.11595154e+02, 5.75945129e+02,
    2.47496475e+02, 5.75630493e+02, 2.83602478e+02, 5.75295654e+02,
    1.05429047e+02, 6.14782715e+02, 1.40136566e+02, 6.14624512e+02,
    1.75359924e+02, 6.14439270e+02, 2.10647751e+02, 6.14189087e+02,
    2.46452194e+02, 6.13938904e+02, 2.82446991e+02, 6.13714600e+02,
    1.04085915e+02, 6.52997620e+02, 1.38610092e+02, 6.52971985e+02,
    1.73529434e+02, 6.52894653e+02, 2.08561234e+02, 6.52843323e+02,
    2.44432373e+02, 6.52746094e+02, 2.80791107e+02, 6.52633240e+02 ]
