%YAML:1.0
---
points: [ 2.83491394e+02, 1.76863876e+02, 2.95208191e+02, 1.85316101e+02,
    3.06741150e+02, 1.93757309e+02, 3.18205841e+02, 2.02091644e+02,
    3.29510925e+02, 2.10325180e+02, 3.40799225e+02, 2.18528900e+02,
    2.75010986e+02, 1.88846390e+02, 2.86682434e+02, 1.97259613e+02,
    2.98289490e+02, 2.05574799e+02, 3.09742767e+02, 2.13849777e+02,
    3.21107666e+02, 2.22063782e+02, 3.32383179e+02, 2.30154297e+02,
    2.66460693e+02, 2.00831543e+02, 2.78221161e+02, 2.09153397e+02,
    2.89811829e+02, 2.17441727e+02, 3.01322968e+02, 2.25645203e+02,
    3.12723633e+02, 2.33722458e+02, 3.24029266e+02, 2.41791931e+02,
    2.57963837e+02, 2.12692917e+02, 2.69704529e+02, 2.21057678e+02,
    2.81368042e+02, 2.29189865e+02, 2.92919556e+02, 2.37322647e+02,
    3.04316620e+02, 2.45312851e+02, 3.15679626e+02, 2.53359756e+02,
    2.49388474e+02, 2.24664154e+02, 2.61301849e+02, 2.32850876e+02,
    2.72979492e+02, 2.40963776e+02, 2.84526062e+02, 2.48920746e+02,
    2.95988281e+02, 2.56950134e+02, 3.07369415e+02, 2.64867035e+02,
    2.41023529e+02, 2.36414536e+02, 2.52853912e+02, 2.44628983e+02,
    2.64574463e+02, 2.52630051e+02, 2.76109955e+02, 2.60626953e+02,
    2.87674622e+02, 2.68530884e+02, 2.99028320e+02, 2.76340942e+02,
    2.32598480e+02, 2.48338425e+02, 2.44519653e+02, 2.56362030e+02,
    2.56247406e+02, 2.64361572e+02, 2.67850342e+02, 2.72301910e+02,
    2.79376312e+02, 2.80148254e+02, 2.90803741e+02, 2.87925903e+02,
    2.24128784e+02, 2.60231201e+02, 2.36082184e+02, 2.68315186e+02,
    2.47897507e+02, 2.76212219e+02, 2.59598419e+02, 2.84145142e+02,
    2.71169525e+02, 2.91950958e+02, 2.82674438e+02, 2.99670227e+02 ]
