%YAML:1.0
---
points: [ 2.79136383e+02, 4.75562988e+02, 2.78509460e+02, 5.13836060e+02,
    2.77851440e+02, 5.52385498e+02, 2.77281311e+02, 5.90902893e+02,
    2.76699493e+02, 6.29543274e+02, 2.76174103e+02, 6.68464539e+02,
    2.43166260e+02, 4.76254425e+02, 2.42456650e+02, 5.14407166e+02,
    2.41700912e+02, 5.52794617e+02, 2.40856934e+02, 5.91251343e+02,
    2.40329575e+02, 6.29671021e+02, 2.39705231e+02, 6.68509583e+02,
    2.07336121e+02, 4.76784637e+02, 2.06587814e+02, 5.14916016e+02,
    2.06017746e+02, 5.53197021e+02, 2.05083664e+02, 5.91479248e+02,
    2.04235977e+02, 6.29811279e+02, 2.03396988e+02, 6.68583069e+02,
    1.72194305e+02, 4.77457184e+02, 1.71333389e+02, 5.15537231e+02,
    1.70570557e+02, 5.53637146e+02, 1.69726517e+02, 5.91676086e+02,
    1.69048965e+02, 6.29904419e+02, 1.68273300e+02, 6.68552734e+02,
    1.37454407e+02, 4.78072968e+02, 1.36550003e+02, 5.15969299e+02,
    1.35632385e+02, 5.53998535e+02, 1.34702103e+02, 5.91949890e+02,
    1.34091812e+02, 6.29990906e+02, 1.33358231e+02, 6.68498352e+02,
    1.02917038e+02, 4.78717560e+02, 1.02236633e+02, 5.16645142e+02,
    1.01411278e+02, 5.54433289e+02, 1.00624603e+02, 5.92210144e+02,
    9.96820221e+01, 6.30156616e+02, 9.87991104e+01, 6.68440247e+02,
    6.88400421e+01, 4.79479858e+02, 6.79671021e+01, 5.17168213e+02,
    6.69117813e+01, 5.54707336e+02, 6.59594040e+01, 5.92470764e+02,
    6.50961380e+01, 6.30229248e+02, 6.41534424e+01, 6.68469666e+02,
    3.46133194e+01, 4.80088440e+02, 3.34551926e+01, 5.17562256e+02,
    3.21654739e+01, 5.55029785e+02, 3.07405777e+01, 5.92604675e+02,
    2.95554123e+01, 6.30421936e+02, 2.88204842e+01, 6.68383972e+02 ]
