%YAML:1.0
---
points: [ 4.45821838e+02, 1.79941116e+02, 4.56499023e+02, 1.78967911e+02,
    4.66776306e+02, 1.78296570e+02, 4.77035126e+02, 1.77473984e+02,
    4.87103790e+02, 1.76751999e+02, 4.97030823e+02, 1.75773163e+02,
    4.46168518e+02, 1.90739426e+02, 4.56718689e+02, 1.89988617e+02,
    4.67043091e+02, 1.89013000e+02, 4.77323639e+02, 1.88282196e+02,
    4.87328979e+02, 1.87347534e+02, 4.97167236e+02, 1.86637589e+02,
    4.46459869e+02, 2.01702240e+02, 4.56800140e+02, 2.00700653e+02,
    4.67237274e+02, 1.99845642e+02, 4.77533386e+02, 1.98853302e+02,
    4.87590424e+02, 1.98190491e+02, 4.97410675e+02, 1.97229706e+02,
    4.46618713e+02, 2.12327530e+02, 4.56882263e+02, 2.11478928e+02,
    4.67336670e+02, 2.10478531e+02, 4.77597595e+02, 2.09680832e+02,
    4.87539856e+02, 2.08668976e+02, 4.97341705e+02, 2.07877991e+02,
    4.46740051e+02, 2.23005478e+02, 4.56939514e+02, 2.21922256e+02,
    4.67477112e+02, 2.21142426e+02, 4.77580017e+02, 2.20185104e+02,
    4.87565094e+02, 2.19410217e+02, 4.97277283e+02, 2.18389557e+02,
    4.46783813e+02, 2.33513931e+02, 4.57166931e+02, 2.32638718e+02,
    4.67592957e+02, 2.31608963e+02, 4.77507446e+02, 2.30739944e+02,
    4.87424713e+02, 2.29624344e+02, 4.97086365e+02, 2.28814789e+02,
    4.46914215e+02, 2.43967087e+02, 4.57376709e+02, 2.42893112e+02,
    4.67675568e+02, 2.42020218e+02, 4.77634674e+02, 2.40998825e+02,
    4.87500305e+02, 2.40160767e+02, 4.97136963e+02, 2.39049759e+02,
    4.47249237e+02, 2.54306595e+02, 4.57662964e+02, 2.53450073e+02,
    4.67711792e+02, 2.52435776e+02, 4.77847534e+02, 2.51548141e+02,
    4.87650177e+02, 2.50446579e+02, 4.97314331e+02, 2.49483200e+02 ]
