%YAML:1.0
---
points: [ 1.44310266e+03, 4.73360352e+02, 1.47458813e+03, 4.71038788e+02,
    1.50597021e+03, 4.68670563e+02, 1.53729675e+03, 4.66358887e+02,
    1.56868213e+03, 4.64140137e+02, 1.60004004e+03, 4.61658264e+02,
    1.44368506e+03, 5.04520508e+02, 1.47497986e+03, 5.02386353e+02,
    1.50641565e+03, 4.99920593e+02, 1.53754236e+03, 4.97689392e+02,
    1.56883667e+03, 4.95422974e+02, 1.60001099e+03, 4.92974274e+02,
    1.44422778e+03, 5.35608948e+02, 1.47541956e+03, 5.33403687e+02,
    1.50651074e+03, 5.30953430e+02, 1.53772852e+03, 5.28754883e+02,
    1.56912280e+03, 5.26450684e+02, 1.60042883e+03, 5.24197388e+02,
    1.44452100e+03, 5.66507629e+02, 1.47572961e+03, 5.64303040e+02,
    1.50671765e+03, 5.61840759e+02, 1.53792944e+03, 5.59625305e+02,
    1.56896545e+03, 5.57326355e+02, 1.60004980e+03, 5.55153442e+02,
    1.44495374e+03, 5.97127319e+02, 1.47611719e+03, 5.94768372e+02,
    1.50694507e+03, 5.92522949e+02, 1.53800452e+03, 5.90342163e+02,
    1.56900696e+03, 5.87842712e+02, 1.59982788e+03, 5.85755066e+02,
    1.44552490e+03, 6.27480042e+02, 1.47644080e+03, 6.25005188e+02,
    1.50725793e+03, 6.22795532e+02, 1.53808350e+03, 6.20533386e+02,
    1.56886169e+03, 6.18342712e+02, 1.59960193e+03, 6.16142639e+02,
    1.44619849e+03, 6.57465393e+02, 1.47687573e+03, 6.55192383e+02,
    1.50775269e+03, 6.53101685e+02, 1.53844678e+03, 6.50714233e+02,
    1.56920776e+03, 6.48607666e+02, 1.60005762e+03, 6.46345032e+02,
    1.44704541e+03, 6.87552917e+02, 1.47790234e+03, 6.85457886e+02,
    1.50849146e+03, 6.83265625e+02, 1.53935718e+03, 6.81251404e+02,
    1.57021082e+03, 6.79055542e+02, 1.60058142e+03, 6.76635864e+02 ]
