%YAML:1.0
---
points: [ 4.45826111e+02, 1.79910721e+02, 4.56513367e+02, 1.78933716e+02,
    4.66799988e+02, 1.78228607e+02, 4.77046661e+02, 1.77393082e+02,
    4.87087799e+02, 1.76745239e+02, 4.97108246e+02, 1.75754089e+02,
    4.46148163e+02, 1.90700546e+02, 4.56709900e+02, 1.89910812e+02,
    4.67046753e+02, 1.88938751e+02, 4.77271271e+02, 1.88247223e+02,
    4.87350006e+02, 1.87313828e+02, 4.97220032e+02, 1.86588425e+02,
    4.46453064e+02, 2.01664932e+02, 4.56798828e+02, 2.00658646e+02,
    4.67284302e+02, 1.99810638e+02, 4.77512634e+02, 1.98767487e+02,
    4.87545380e+02, 1.98175140e+02, 4.97495422e+02, 1.97206955e+02,
    4.46623993e+02, 2.12306519e+02, 4.56885468e+02, 2.11488449e+02,
    4.67319183e+02, 2.10423126e+02, 4.77618103e+02, 2.09626053e+02,
    4.87545258e+02, 2.08630569e+02, 4.97299164e+02, 2.07825058e+02,
    4.46720123e+02, 2.22951035e+02, 4.56924316e+02, 2.21881454e+02,
    4.67442047e+02, 2.21136124e+02, 4.77585724e+02, 2.20117386e+02,
    4.87565155e+02, 2.19378510e+02, 4.97281219e+02, 2.18382416e+02,
    4.46799438e+02, 2.33419083e+02, 4.57177612e+02, 2.32594910e+02,
    4.67589050e+02, 2.31563171e+02, 4.77510712e+02, 2.30706024e+02,
    4.87485229e+02, 2.29587204e+02, 4.97086792e+02, 2.28786636e+02,
    4.46942413e+02, 2.43909958e+02, 4.57398987e+02, 2.42839874e+02,
    4.67668640e+02, 2.41977631e+02, 4.77598846e+02, 2.40945709e+02,
    4.87478516e+02, 2.40078995e+02, 4.97112701e+02, 2.39019196e+02,
    4.47256653e+02, 2.54265701e+02, 4.57675537e+02, 2.53387238e+02,
    4.67707001e+02, 2.52388321e+02, 4.77834534e+02, 2.51494873e+02,
    4.87642212e+02, 2.50389999e+02, 4.97405731e+02, 2.49444214e+02 ]
