%YAML:1.0
---
points: [ 1.41834763e+02, 9.25383362e+02, 1.43006165e+02, 8.88389221e+02,
    1.44533478e+02, 8.51425842e+02, 1.46076538e+02, 8.14581299e+02,
    1.47900833e+02, 7.77874023e+02, 1.49488083e+02, 7.41231812e+02,
    1.74764053e+02, 9.27250366e+02, 1.76209000e+02, 8.89852539e+02,
    1.77492111e+02, 8.52780884e+02, 1.79035110e+02, 8.15984253e+02,
    1.80333084e+02, 7.79135315e+02, 1.81575760e+02, 7.42281799e+02,
    2.07265289e+02, 9.28836914e+02, 2.08523544e+02, 8.91549683e+02,
    2.09991013e+02, 8.54190796e+02, 2.11272064e+02, 8.17199097e+02,
    2.12556000e+02, 7.80183472e+02, 2.13720169e+02, 7.43157776e+02,
    2.39717728e+02, 9.30831787e+02, 2.40749481e+02, 8.93292725e+02,
    2.42199356e+02, 8.55719604e+02, 2.43588364e+02, 8.18404724e+02,
    2.44899857e+02, 7.81185059e+02, 2.46259720e+02, 7.43944336e+02,
    2.72385986e+02, 9.33048401e+02, 2.73854645e+02, 8.95181335e+02,
    2.75101013e+02, 8.57358276e+02, 2.76319061e+02, 8.19634094e+02,
    2.77680969e+02, 7.82291687e+02, 2.79019470e+02, 7.44800232e+02,
    3.05683533e+02, 9.34967224e+02, 3.06804535e+02, 8.96934143e+02,
    3.08059082e+02, 8.58889099e+02, 3.09533966e+02, 8.21137146e+02,
    3.10990326e+02, 7.83316406e+02, 3.12273254e+02, 7.45644775e+02,
    3.39639404e+02, 9.36943054e+02, 3.40870422e+02, 8.98445862e+02,
    3.42239258e+02, 8.60353882e+02, 3.43445343e+02, 8.22420837e+02,
    3.44614288e+02, 7.84496643e+02, 3.45877655e+02, 7.46552429e+02,
    3.74242950e+02, 9.38636047e+02, 3.75251282e+02, 9.00090271e+02,
    3.76316284e+02, 8.61584961e+02, 3.77634613e+02, 8.23549133e+02,
    3.79052002e+02, 7.85532288e+02, 3.80028473e+02, 7.47416260e+02 ]
