%YAML:1.0
---
points: [ 1.44311072e+03, 4.73310303e+02, 1.47457568e+03, 4.70852539e+02,
    1.50600989e+03, 4.68533081e+02, 1.53729492e+03, 4.66292267e+02,
    1.56870361e+03, 4.63998016e+02, 1.60005237e+03, 4.61582275e+02,
    1.44365686e+03, 5.04416504e+02, 1.47495435e+03, 5.02277802e+02,
    1.50642993e+03, 4.99774780e+02, 1.53755713e+03, 4.97522614e+02,
    1.56871753e+03, 4.95372223e+02, 1.60007263e+03, 4.92853455e+02,
    1.44421765e+03, 5.35533508e+02, 1.47543787e+03, 5.33341125e+02,
    1.50652478e+03, 5.30822327e+02, 1.53780566e+03, 5.28700195e+02,
    1.56911133e+03, 5.26463440e+02, 1.60038306e+03, 5.24159302e+02,
    1.44449609e+03, 5.66395569e+02, 1.47573718e+03, 5.64224487e+02,
    1.50671423e+03, 5.61705505e+02, 1.53790723e+03, 5.59568237e+02,
    1.56899915e+03, 5.57213379e+02, 1.60007361e+03, 5.54979431e+02,
    1.44499500e+03, 5.97092102e+02, 1.47614062e+03, 5.94658264e+02,
    1.50697620e+03, 5.92379639e+02, 1.53800024e+03, 5.90282410e+02,
    1.56893823e+03, 5.87787720e+02, 1.59981763e+03, 5.85655212e+02,
    1.44553674e+03, 6.27375488e+02, 1.47641919e+03, 6.24883789e+02,
    1.50727747e+03, 6.22725769e+02, 1.53815442e+03, 6.20445435e+02,
    1.56888062e+03, 6.18225830e+02, 1.59960925e+03, 6.16113953e+02,
    1.44620154e+03, 6.57372925e+02, 1.47691174e+03, 6.55073914e+02,
    1.50774902e+03, 6.52999939e+02, 1.53845886e+03, 6.50650146e+02,
    1.56924329e+03, 6.48552612e+02, 1.60002527e+03, 6.46245911e+02,
    1.44712231e+03, 6.87507507e+02, 1.47782214e+03, 6.85421082e+02,
    1.50849915e+03, 6.83194153e+02, 1.53930713e+03, 6.81204773e+02,
    1.57019763e+03, 6.78825378e+02, 1.60063245e+03, 6.76542969e+02 ]
