%YAML:1.0
---
points: [ 4.46836792e+02, 1.21824982e+02, 4.57620117e+02, 1.20873207e+02,
    4.67860046e+02, 1.20215767e+02, 4.78294098e+02, 1.19472290e+02,
    4.88347565e+02, 1.18802513e+02, 4.98283112e+02, 1.18111778e+02,
    4.47227814e+02, 1.32832001e+02, 4.57797668e+02, 1.32151413e+02,
    4.68268494e+02, 1.31317871e+02, 4.78635437e+02, 1.30603012e+02,
    4.88675323e+02, 1.29652908e+02, 4.98610229e+02, 1.29184814e+02,
    4.47563416e+02, 1.44143906e+02, 4.57932312e+02, 1.43195282e+02,
    4.68608643e+02, 1.42419907e+02, 4.78809540e+02, 1.41600952e+02,
    4.88812195e+02, 1.40899475e+02, 4.98837738e+02, 1.39953247e+02,
    4.47685699e+02, 1.55078247e+02, 4.58231445e+02, 1.54311203e+02,
    4.68697754e+02, 1.53367401e+02, 4.78925629e+02, 1.52566742e+02,
    4.89026306e+02, 1.51662476e+02, 4.98889526e+02, 1.50953354e+02,
    4.47815094e+02, 1.66117111e+02, 4.58507263e+02, 1.65130737e+02,
    4.68796326e+02, 1.64288132e+02, 4.79045227e+02, 1.63471664e+02,
    4.89085785e+02, 1.62695511e+02, 4.99005737e+02, 1.61701920e+02,
    4.47944031e+02, 1.76813904e+02, 4.58601898e+02, 1.76012192e+02,
    4.68862457e+02, 1.74984222e+02, 4.79063751e+02, 1.74223633e+02,
    4.89149994e+02, 1.73239471e+02, 4.99007874e+02, 1.72580673e+02,
    4.48196808e+02, 1.87723190e+02, 4.58708679e+02, 1.86717972e+02,
    4.69062164e+02, 1.85832092e+02, 4.79317505e+02, 1.84804459e+02,
    4.89378052e+02, 1.84075623e+02, 4.99257751e+02, 1.83074112e+02,
    4.48532227e+02, 1.98312714e+02, 4.58879913e+02, 1.97466110e+02,
    4.69357697e+02, 1.96476181e+02, 4.79677063e+02, 1.95621658e+02,
    4.89629669e+02, 1.94621292e+02, 4.99583435e+02, 1.93856155e+02 ]
