%YAML:1.0
---
points: [ 1.44826245e+03, 3.05225128e+02, 1.48028906e+03, 3.02578766e+02,
    1.51232642e+03, 2.99798096e+02, 1.54438770e+03, 2.97344299e+02,
    1.57637317e+03, 2.94539886e+02, 1.60847534e+03, 2.91978851e+02,
    1.44858105e+03, 3.37746582e+02, 1.48052930e+03, 3.34789917e+02,
    1.51251978e+03, 3.32452423e+02, 1.54445227e+03, 3.29615112e+02,
    1.57624219e+03, 3.27252533e+02, 1.60822571e+03, 3.24487579e+02,
    1.44903088e+03, 3.69945892e+02, 1.48067139e+03, 3.67198395e+02,
    1.51260986e+03, 3.64595032e+02, 1.54442371e+03, 3.61853333e+02,
    1.57637610e+03, 3.59460938e+02, 1.60816492e+03, 3.56751038e+02,
    1.44927271e+03, 4.01837463e+02, 1.48089380e+03, 3.99153442e+02,
    1.51259924e+03, 3.96582428e+02, 1.54427832e+03, 3.93827484e+02,
    1.57578870e+03, 3.91419312e+02, 1.60754578e+03, 3.88634674e+02,
    1.44941321e+03, 4.33459259e+02, 1.48092139e+03, 4.30666840e+02,
    1.51258459e+03, 4.28354187e+02, 1.54405066e+03, 4.25544830e+02,
    1.57557422e+03, 4.23178467e+02, 1.60721521e+03, 4.20440735e+02,
    1.44961243e+03, 4.64673584e+02, 1.48114392e+03, 4.61927368e+02,
    1.51253198e+03, 4.59514984e+02, 1.54381775e+03, 4.56770203e+02,
    1.57536584e+03, 4.54425629e+02, 1.60673914e+03, 4.51747101e+02,
    1.45012830e+03, 4.95543579e+02, 1.48141956e+03, 4.92901764e+02,
    1.51279370e+03, 4.90537689e+02, 1.54409167e+03, 4.87916870e+02,
    1.57542371e+03, 4.85538635e+02, 1.60683105e+03, 4.82976959e+02,
    1.45066895e+03, 5.26390442e+02, 1.48208020e+03, 5.23988953e+02,
    1.51343347e+03, 5.21536865e+02, 1.54476245e+03, 5.18975220e+02,
    1.57605090e+03, 5.16670288e+02, 1.60725256e+03, 5.14068359e+02 ]
