%YAML:1.0
---
points: [ 1.44827771e+03, 3.05273743e+02, 1.48029199e+03, 3.02542084e+02,
    1.51238403e+03, 2.99739960e+02, 1.54440210e+03, 2.97281525e+02,
    1.57634253e+03, 2.94527710e+02, 1.60844983e+03, 2.91955872e+02,
    1.44861792e+03, 3.37640228e+02, 1.48053491e+03, 3.34870056e+02,
    1.51253369e+03, 3.32458954e+02, 1.54443494e+03, 3.29638092e+02,
    1.57620703e+03, 3.27231049e+02, 1.60827869e+03, 3.24475555e+02,
    1.44904724e+03, 3.69926056e+02, 1.48067407e+03, 3.67191803e+02,
    1.51256653e+03, 3.64597717e+02, 1.54440613e+03, 3.61864014e+02,
    1.57638782e+03, 3.59431549e+02, 1.60811487e+03, 3.56702118e+02,
    1.44925916e+03, 4.01770691e+02, 1.48083716e+03, 3.99143982e+02,
    1.51258948e+03, 3.96584961e+02, 1.54428503e+03, 3.93858154e+02,
    1.57580359e+03, 3.91428497e+02, 1.60753162e+03, 3.88605133e+02,
    1.44939600e+03, 4.33453156e+02, 1.48095312e+03, 4.30662323e+02,
    1.51255835e+03, 4.28317596e+02, 1.54403027e+03, 4.25536438e+02,
    1.57558936e+03, 4.23190552e+02, 1.60722778e+03, 4.20418365e+02,
    1.44959924e+03, 4.64631653e+02, 1.48113477e+03, 4.61979187e+02,
    1.51254688e+03, 4.59480164e+02, 1.54384729e+03, 4.56840454e+02,
    1.57534021e+03, 4.54411530e+02, 1.60674377e+03, 4.51756622e+02,
    1.45015149e+03, 4.95561859e+02, 1.48142175e+03, 4.92875336e+02,
    1.51277673e+03, 4.90514893e+02, 1.54405615e+03, 4.87901794e+02,
    1.57545459e+03, 4.85547394e+02, 1.60680872e+03, 4.82916840e+02,
    1.45066406e+03, 5.26364868e+02, 1.48205872e+03, 5.24017273e+02,
    1.51340344e+03, 5.21505066e+02, 1.54476331e+03, 5.19014832e+02,
    1.57600867e+03, 5.16631531e+02, 1.60724561e+03, 5.14064270e+02 ]
