%YAML:1.0
---
points: [ 3.32639343e+02, 5.48622498e+02, 3.32032898e+02, 5.86590149e+02,
    3.31268585e+02, 6.24623352e+02, 3.30439728e+02, 6.62707275e+02,
    3.29653503e+02, 7.01151428e+02, 3.28886383e+02, 7.39558899e+02,
    2.97386047e+02, 5.48759949e+02, 2.96687622e+02, 5.86600220e+02,
    2.95796173e+02, 6.24531311e+02, 2.95093445e+02, 6.62509216e+02,
    2.94191742e+02, 7.00690979e+02, 2.93462952e+02, 7.39028259e+02,
    2.62429138e+02, 5.48897156e+02, 2.61572052e+02, 5.86598022e+02,
    2.60721100e+02, 6.24404663e+02, 2.59779724e+02, 6.62208740e+02,
    2.58880035e+02, 7.00382080e+02, 2.58168732e+02, 7.38605469e+02,
    2.28137497e+02, 5.49077148e+02, 2.27239243e+02, 5.86630493e+02,
    2.26423477e+02, 6.24285095e+02, 2.25319061e+02, 6.61833130e+02,
    2.24478790e+02, 6.99757263e+02, 2.23577957e+02, 7.37809814e+02,
    1.93842102e+02, 5.49212036e+02, 1.93068130e+02, 5.86567139e+02,
    1.92147385e+02, 6.24036560e+02, 1.91270096e+02, 6.61596863e+02,
    1.90340881e+02, 6.99267761e+02, 1.89560135e+02, 7.37200684e+02,
    1.60190414e+02, 5.49364746e+02, 1.59393738e+02, 5.86581421e+02,
    1.58565872e+02, 6.23805786e+02, 1.57737915e+02, 6.61292847e+02,
    1.56679932e+02, 6.98690002e+02, 1.55894852e+02, 7.36380493e+02,
    1.26780373e+02, 5.49431641e+02, 1.25852501e+02, 5.86560608e+02,
    1.24809227e+02, 6.23693054e+02, 1.23817215e+02, 6.60861145e+02,
    1.22860397e+02, 6.98281067e+02, 1.21931343e+02, 7.35762573e+02,
    9.32648849e+01, 5.49522156e+02, 9.19524078e+01, 5.86491455e+02,
    9.07465591e+01, 6.23491455e+02, 8.95744934e+01, 6.60592834e+02,
    8.83318710e+01, 6.97816650e+02, 8.75107193e+01, 7.35295959e+02 ]
