%YAML:1.0
---
points: [ 4.46829254e+02, 1.21815445e+02, 4.57599121e+02, 1.20852180e+02,
    4.67850372e+02, 1.20236237e+02, 4.78261017e+02, 1.19450806e+02,
    4.88361145e+02, 1.18806114e+02, 4.98281616e+02, 1.18119041e+02,
    4.47225525e+02, 1.32835159e+02, 4.57789703e+02, 1.32161545e+02,
    4.68287018e+02, 1.31297150e+02, 4.78664886e+02, 1.30595245e+02,
    4.88660126e+02, 1.29646942e+02, 4.98640961e+02, 1.29192230e+02,
    4.47540161e+02, 1.44141617e+02, 4.57937683e+02, 1.43183212e+02,
    4.68621643e+02, 1.42430573e+02, 4.78802399e+02, 1.41573151e+02,
    4.88829468e+02, 1.40865128e+02, 4.98849304e+02, 1.39961578e+02,
    4.47695160e+02, 1.55077805e+02, 4.58204590e+02, 1.54302246e+02,
    4.68704132e+02, 1.53363297e+02, 4.78906006e+02, 1.52522919e+02,
    4.88974945e+02, 1.51673935e+02, 4.98909454e+02, 1.50898560e+02,
    4.47792175e+02, 1.66123886e+02, 4.58473083e+02, 1.65111526e+02,
    4.68773682e+02, 1.64273148e+02, 4.79024506e+02, 1.63470703e+02,
    4.89077362e+02, 1.62676178e+02, 4.99001282e+02, 1.61667923e+02,
    4.47932251e+02, 1.76809769e+02, 4.58605286e+02, 1.75976822e+02,
    4.68842499e+02, 1.74984497e+02, 4.79091034e+02, 1.74200623e+02,
    4.89128876e+02, 1.73244797e+02, 4.99018738e+02, 1.72556671e+02,
    4.48195740e+02, 1.87717346e+02, 4.58705292e+02, 1.86710037e+02,
    4.69044464e+02, 1.85820831e+02, 4.79303284e+02, 1.84800934e+02,
    4.89365967e+02, 1.84035004e+02, 4.99241791e+02, 1.83052444e+02,
    4.48560760e+02, 1.98323227e+02, 4.58891937e+02, 1.97476913e+02,
    4.69348846e+02, 1.96469055e+02, 4.79675903e+02, 1.95617889e+02,
    4.89626465e+02, 1.94589386e+02, 4.99600708e+02, 1.93854660e+02 ]
