%YAML:1.0
---
points: [ 4.48555176e+02, 1.07620087e+02, 4.57791656e+02, 1.15832123e+02,
    4.66651642e+02, 1.23849655e+02, 4.75553375e+02, 1.31816788e+02,
    4.84029388e+02, 1.39617371e+02, 4.92573273e+02, 1.47424683e+02,
    4.41001434e+02, 1.18288895e+02, 4.50146484e+02, 1.26311226e+02,
    4.59299713e+02, 1.34269608e+02, 4.68144409e+02, 1.42160080e+02,
    4.76991028e+02, 1.49938232e+02, 4.85360596e+02, 1.57639175e+02,
    4.33226807e+02, 1.28993942e+02, 4.42513123e+02, 1.36911591e+02,
    4.51678589e+02, 1.44857162e+02, 4.60787109e+02, 1.52598129e+02,
    4.69569336e+02, 1.60309662e+02, 4.78397369e+02, 1.67866272e+02,
    4.25301147e+02, 1.39778122e+02, 4.34657684e+02, 1.47590714e+02,
    4.44070648e+02, 1.55349960e+02, 4.53078796e+02, 1.63086731e+02,
    4.62105225e+02, 1.70640762e+02, 4.70792603e+02, 1.78217056e+02,
    4.17387299e+02, 1.50457611e+02, 4.26872803e+02, 1.58224640e+02,
    4.36174377e+02, 1.65968185e+02, 4.45453186e+02, 1.73504120e+02,
    4.54377411e+02, 1.81077271e+02, 4.63378510e+02, 1.88400604e+02,
    4.09442230e+02, 1.61118805e+02, 4.18982391e+02, 1.68845078e+02,
    4.28443939e+02, 1.76416428e+02, 4.37625702e+02, 1.83972031e+02,
    4.46865387e+02, 1.91308548e+02, 4.55712402e+02, 1.98780655e+02,
    4.01488892e+02, 1.71783569e+02, 4.11182800e+02, 1.79362747e+02,
    4.20695068e+02, 1.86962738e+02, 4.30054779e+02, 1.94374939e+02,
    4.39200500e+02, 2.01757431e+02, 4.48340668e+02, 2.09009521e+02,
    3.93762970e+02, 1.82374268e+02, 4.03422791e+02, 1.89971146e+02,
    4.13110443e+02, 1.97395004e+02, 4.22563599e+02, 2.04847519e+02,
    4.31891449e+02, 2.12098755e+02, 4.40901978e+02, 2.19449387e+02 ]
