%YAML:1.0
---
points: [ 1.40929907e+03, 1.56097137e+02, 1.44084900e+03, 1.53637894e+02,
    1.47223572e+03, 1.51153946e+02, 1.50340613e+03, 1.48738571e+02,
    1.53464441e+03, 1.46251709e+02, 1.56576929e+03, 1.44081558e+02,
    1.40988879e+03, 1.89231018e+02, 1.44123523e+03, 1.86730118e+02,
    1.47256226e+03, 1.84245514e+02, 1.50360486e+03, 1.81713928e+02,
    1.53466028e+03, 1.79380997e+02, 1.56572620e+03, 1.76845108e+02,
    1.41037671e+03, 2.21963181e+02, 1.44152698e+03, 2.19450821e+02,
    1.47274329e+03, 2.16929352e+02, 1.50377271e+03, 2.14438568e+02,
    1.53493066e+03, 2.11894958e+02, 1.56583203e+03, 2.09460724e+02,
    1.41064771e+03, 2.54526199e+02, 1.44180103e+03, 2.51857452e+02,
    1.47290771e+03, 2.49461655e+02, 1.50368750e+03, 2.46796722e+02,
    1.53462585e+03, 2.44450226e+02, 1.56549341e+03, 2.41849121e+02,
    1.41087708e+03, 2.86706970e+02, 1.44211267e+03, 2.84143585e+02,
    1.47295288e+03, 2.81633789e+02, 1.50364807e+03, 2.79010651e+02,
    1.53451489e+03, 2.76542419e+02, 1.56525806e+03, 2.74025024e+02,
    1.41140137e+03, 3.18476318e+02, 1.44236890e+03, 3.15889374e+02,
    1.47311060e+03, 3.13343628e+02, 1.50357678e+03, 3.10853668e+02,
    1.53424951e+03, 3.08368195e+02, 1.56496912e+03, 3.05858246e+02,
    1.41193323e+03, 3.49890289e+02, 1.44262305e+03, 3.47387451e+02,
    1.47336975e+03, 3.44817139e+02, 1.50390930e+03, 3.42353241e+02,
    1.53446191e+03, 3.39761139e+02, 1.56524231e+03, 3.37376160e+02,
    1.41244177e+03, 3.81341461e+02, 1.44330896e+03, 3.78549408e+02,
    1.47421240e+03, 3.76137573e+02, 1.50470508e+03, 3.73516418e+02,
    1.53528162e+03, 3.71052673e+02, 1.56556226e+03, 3.68535309e+02 ]
