%YAML:1.0
---
points: [ 4.32268646e+02, 7.07509460e+01, 4.42737457e+02, 7.01331711e+01,
    4.52733826e+02, 6.96880417e+01, 4.62827789e+02, 6.90930862e+01,
    4.72582123e+02, 6.88369293e+01, 4.82282898e+02, 6.85470047e+01,
    4.32830841e+02, 8.18594055e+01, 4.43025269e+02, 8.12925720e+01,
    4.53376251e+02, 8.06413956e+01, 4.63324799e+02, 8.01188049e+01,
    4.73166260e+02, 7.96054153e+01, 4.82849640e+02, 7.92845306e+01,
    4.33139832e+02, 9.31183014e+01, 4.43632172e+02, 9.24419479e+01,
    4.53758698e+02, 9.17690353e+01, 4.63836365e+02, 9.10408249e+01,
    4.73721405e+02, 9.07083435e+01, 4.83459686e+02, 8.99457626e+01,
    4.33634186e+02, 1.04225197e+02, 4.43840454e+02, 1.03541000e+02,
    4.54055145e+02, 1.02703979e+02, 4.64125671e+02, 1.02065826e+02,
    4.73955872e+02, 1.01475426e+02, 4.83789764e+02, 1.00995438e+02,
    4.33758820e+02, 1.15407227e+02, 4.44165405e+02, 1.14543694e+02,
    4.54412933e+02, 1.13788925e+02, 4.64568207e+02, 1.12980049e+02,
    4.74378906e+02, 1.12520020e+02, 4.83980743e+02, 1.11656265e+02,
    4.34085754e+02, 1.26261345e+02, 4.44500183e+02, 1.25526802e+02,
    4.54720795e+02, 1.24648285e+02, 4.64754333e+02, 1.23837280e+02,
    4.74636169e+02, 1.23133026e+02, 4.84329041e+02, 1.22660751e+02,
    4.34462341e+02, 1.37203186e+02, 4.44774445e+02, 1.36316620e+02,
    4.54891449e+02, 1.35586731e+02, 4.64920898e+02, 1.34679932e+02,
    4.74831024e+02, 1.33930817e+02, 4.84686279e+02, 1.33113831e+02,
    4.34752716e+02, 1.47852371e+02, 4.45075104e+02, 1.47116821e+02,
    4.55370697e+02, 1.46174484e+02, 4.65576752e+02, 1.45423752e+02,
    4.75380798e+02, 1.44570541e+02, 4.85060211e+02, 1.43946136e+02 ]
