%YAML:1.0
---
points: [ 4.32271210e+02, 7.07366943e+01, 4.42739441e+02, 7.01330643e+01,
    4.52756042e+02, 6.97155991e+01, 4.62839111e+02, 6.91255188e+01,
    4.72547394e+02, 6.88415070e+01, 4.82241150e+02, 6.84662323e+01,
    4.32849274e+02, 8.18628387e+01, 4.43042328e+02, 8.12777710e+01,
    4.53359497e+02, 8.06225967e+01, 4.63313171e+02, 8.01480713e+01,
    4.73160431e+02, 7.95830383e+01, 4.82804840e+02, 7.93567047e+01,
    4.33140961e+02, 9.31359253e+01, 4.43622040e+02, 9.23873138e+01,
    4.53754700e+02, 9.17590027e+01, 4.63825348e+02, 9.10651627e+01,
    4.73741241e+02, 9.06804123e+01, 4.83484436e+02, 8.99903259e+01,
    4.33628479e+02, 1.04239815e+02, 4.43836426e+02, 1.03523270e+02,
    4.54000946e+02, 1.02699120e+02, 4.64126617e+02, 1.02068512e+02,
    4.73969696e+02, 1.01441689e+02, 4.83740356e+02, 1.00972496e+02,
    4.33774292e+02, 1.15417679e+02, 4.44150970e+02, 1.14538116e+02,
    4.54435486e+02, 1.13792770e+02, 4.64598663e+02, 1.12959641e+02,
    4.74370026e+02, 1.12500763e+02, 4.84026947e+02, 1.11640915e+02,
    4.34078003e+02, 1.26262451e+02, 4.44536743e+02, 1.25499908e+02,
    4.54705658e+02, 1.24661621e+02, 4.64747437e+02, 1.23854477e+02,
    4.74641571e+02, 1.23138733e+02, 4.84309174e+02, 1.22676666e+02,
    4.34454865e+02, 1.37221710e+02, 4.44801025e+02, 1.36330276e+02,
    4.54881897e+02, 1.35605972e+02, 4.64935669e+02, 1.34667877e+02,
    4.74847290e+02, 1.33940521e+02, 4.84665161e+02, 1.33099167e+02,
    4.34764313e+02, 1.47858414e+02, 4.45095856e+02, 1.47122467e+02,
    4.55369446e+02, 1.46183014e+02, 4.65600220e+02, 1.45415710e+02,
    4.75394592e+02, 1.44565109e+02, 4.85090942e+02, 1.43965790e+02 ]
