%YAML:1.0
---
points: [ 7.18480469e+02, 4.67186981e+02, 7.18600830e+02, 5.06258575e+02,
    7.18646851e+02, 5.45201416e+02, 7.18753357e+02, 5.84108337e+02,
    7.18847351e+02, 6.23305664e+02, 7.18919250e+02, 6.62574524e+02,
    6.80863281e+02, 4.67929321e+02, 6.80937622e+02, 5.06860291e+02,
    6.80901245e+02, 5.45593811e+02, 6.81003235e+02, 5.84509644e+02,
    6.80998718e+02, 6.23479309e+02, 6.81044983e+02, 6.62695068e+02,
    6.43442505e+02, 4.68785065e+02, 6.43476318e+02, 5.07500061e+02,
    6.43433777e+02, 5.46068176e+02, 6.43360901e+02, 5.84829834e+02,
    6.43244812e+02, 6.23698120e+02, 6.43148621e+02, 6.62867493e+02,
    6.06305237e+02, 4.69564606e+02, 6.06281616e+02, 5.07936584e+02,
    6.06187073e+02, 5.46566467e+02, 6.06011047e+02, 5.85290405e+02,
    6.05882141e+02, 6.23970764e+02, 6.05763000e+02, 6.62982727e+02,
    5.69286011e+02, 4.70307373e+02, 5.69278870e+02, 5.08577057e+02,
    5.69104614e+02, 5.47032593e+02, 5.68882507e+02, 5.85635193e+02,
    5.68703613e+02, 6.24291443e+02, 5.68562317e+02, 6.63098511e+02,
    5.32572449e+02, 4.70888336e+02, 5.32518677e+02, 5.09188324e+02,
    5.32415710e+02, 5.47639099e+02, 5.32267822e+02, 5.85941650e+02,
    5.31988831e+02, 6.24458740e+02, 5.31721069e+02, 6.63229248e+02,
    4.95996094e+02, 4.71627136e+02, 4.95850952e+02, 5.09745667e+02,
    4.95667206e+02, 5.48196289e+02, 4.95457672e+02, 5.86416687e+02,
    4.95009674e+02, 6.24701355e+02, 4.94580353e+02, 6.63445801e+02,
    4.59436554e+02, 4.72260529e+02, 4.58976868e+02, 5.10354034e+02,
    4.58587311e+02, 5.48625793e+02, 4.58164490e+02, 5.86661926e+02,
    4.57519409e+02, 6.24942871e+02, 4.57214966e+02, 6.63661133e+02 ]
