%YAML:1.0
---
points: [ 1.40935510e+03, 1.56170090e+02, 1.44087817e+03, 1.53651108e+02,
    1.47223242e+03, 1.51168365e+02, 1.50339856e+03, 1.48801117e+02,
    1.53461340e+03, 1.46296310e+02, 1.56578601e+03, 1.44132675e+02,
    1.40987061e+03, 1.89255463e+02, 1.44127710e+03, 1.86748138e+02,
    1.47259973e+03, 1.84251877e+02, 1.50361719e+03, 1.81742554e+02,
    1.53467480e+03, 1.79405487e+02, 1.56574548e+03, 1.76858215e+02,
    1.41041260e+03, 2.21971344e+02, 1.44154529e+03, 2.19440109e+02,
    1.47281641e+03, 2.16932526e+02, 1.50376147e+03, 2.14412170e+02,
    1.53494507e+03, 2.11932068e+02, 1.56585229e+03, 2.09440308e+02,
    1.41065442e+03, 2.54516876e+02, 1.44186157e+03, 2.51848434e+02,
    1.47289661e+03, 2.49490845e+02, 1.50369800e+03, 2.46831100e+02,
    1.53465369e+03, 2.44454941e+02, 1.56548450e+03, 2.41881104e+02,
    1.41093054e+03, 2.86725555e+02, 1.44205603e+03, 2.84187500e+02,
    1.47295569e+03, 2.81645813e+02, 1.50369128e+03, 2.79091217e+02,
    1.53452820e+03, 2.76572845e+02, 1.56525317e+03, 2.74092621e+02,
    1.41139771e+03, 3.18478699e+02, 1.44234912e+03, 3.15880035e+02,
    1.47307996e+03, 3.13354675e+02, 1.50358081e+03, 3.10840271e+02,
    1.53430493e+03, 3.08362793e+02, 1.56496558e+03, 3.05845428e+02,
    1.41189417e+03, 3.49884338e+02, 1.44262231e+03, 3.47396210e+02,
    1.47336047e+03, 3.44837860e+02, 1.50388879e+03, 3.42355011e+02,
    1.53446997e+03, 3.39738281e+02, 1.56525244e+03, 3.37359772e+02,
    1.41244055e+03, 3.81347412e+02, 1.44330627e+03, 3.78556427e+02,
    1.47420532e+03, 3.76189911e+02, 1.50471570e+03, 3.73532135e+02,
    1.53526880e+03, 3.71057739e+02, 1.56557068e+03, 3.68568970e+02 ]
