%YAML:1.0
---
points: [ 4.32348206e+02, 7.07563934e+01, 4.42783203e+02, 7.01382599e+01,
    4.52775940e+02, 6.96969986e+01, 4.62903351e+02, 6.91094360e+01,
    4.72596344e+02, 6.88505707e+01, 4.82355896e+02, 6.84437332e+01,
    4.32842743e+02, 8.18645630e+01, 4.43151093e+02, 8.12994537e+01,
    4.53457947e+02, 8.06530304e+01, 4.63410675e+02, 8.01306458e+01,
    4.73214966e+02, 7.95978317e+01, 4.82828918e+02, 7.93531265e+01,
    4.33205139e+02, 9.31565094e+01, 4.43692322e+02, 9.24638672e+01,
    4.53767944e+02, 9.17661819e+01, 4.63880371e+02, 9.10703049e+01,
    4.73768341e+02, 9.06926041e+01, 4.83518463e+02, 8.99575348e+01,
    4.33679871e+02, 1.04269585e+02, 4.43870392e+02, 1.03573433e+02,
    4.54128601e+02, 1.02713242e+02, 4.64229919e+02, 1.02091034e+02,
    4.74013214e+02, 1.01516670e+02, 4.83815430e+02, 1.01041718e+02,
    4.33830688e+02, 1.15447159e+02, 4.44234100e+02, 1.14566551e+02,
    4.54514191e+02, 1.13852913e+02, 4.64644714e+02, 1.12991585e+02,
    4.74492218e+02, 1.12528893e+02, 4.84108978e+02, 1.11602135e+02,
    4.34165833e+02, 1.26306007e+02, 4.44566956e+02, 1.25535057e+02,
    4.54740387e+02, 1.24659927e+02, 4.64794922e+02, 1.23876648e+02,
    4.74689697e+02, 1.23143028e+02, 4.84410797e+02, 1.22700661e+02,
    4.34529205e+02, 1.37259659e+02, 4.44813385e+02, 1.36355911e+02,
    4.54969055e+02, 1.35599686e+02, 4.65027832e+02, 1.34686356e+02,
    4.74922089e+02, 1.33959763e+02, 4.84710510e+02, 1.33110291e+02,
    4.34794647e+02, 1.47878052e+02, 4.45153229e+02, 1.47136948e+02,
    4.55460999e+02, 1.46191040e+02, 4.65631836e+02, 1.45468933e+02,
    4.75502747e+02, 1.44567856e+02, 4.85167236e+02, 1.43979431e+02 ]
