%YAML:1.0
---
points: [ 1.40950049e+03, 1.56162491e+02, 1.44109607e+03, 1.53691742e+02,
    1.47239832e+03, 1.51194397e+02, 1.50351929e+03, 1.48842880e+02,
    1.53479199e+03, 1.46312302e+02, 1.56596033e+03, 1.44152039e+02,
    1.41012854e+03, 1.89263138e+02, 1.44141956e+03, 1.86766098e+02,
    1.47271448e+03, 1.84295563e+02, 1.50378601e+03, 1.81792252e+02,
    1.53485828e+03, 1.79410187e+02, 1.56593811e+03, 1.76839890e+02,
    1.41053357e+03, 2.21999390e+02, 1.44166577e+03, 2.19475723e+02,
    1.47294458e+03, 2.16962265e+02, 1.50403516e+03, 2.14463486e+02,
    1.53508972e+03, 2.11941833e+02, 1.56609424e+03, 2.09471848e+02,
    1.41070728e+03, 2.54581100e+02, 1.44203894e+03, 2.51928894e+02,
    1.47309277e+03, 2.49477020e+02, 1.50393652e+03, 2.46818665e+02,
    1.53479822e+03, 2.44493530e+02, 1.56557336e+03, 2.41915710e+02,
    1.41108630e+03, 2.86794891e+02, 1.44225781e+03, 2.84213440e+02,
    1.47311902e+03, 2.81689301e+02, 1.50390405e+03, 2.79107452e+02,
    1.53464185e+03, 2.76594818e+02, 1.56539758e+03, 2.74163300e+02,
    1.41152478e+03, 3.18493774e+02, 1.44248401e+03, 3.15932800e+02,
    1.47326636e+03, 3.13393951e+02, 1.50373413e+03, 3.10902649e+02,
    1.53442859e+03, 3.08431335e+02, 1.56521753e+03, 3.05948181e+02,
    1.41212756e+03, 3.49954590e+02, 1.44272046e+03, 3.47408875e+02,
    1.47352734e+03, 3.44839142e+02, 1.50417432e+03, 3.42359192e+02,
    1.53463440e+03, 3.39813965e+02, 1.56538379e+03, 3.37395447e+02,
    1.41251941e+03, 3.81384918e+02, 1.44343298e+03, 3.78622192e+02,
    1.47436182e+03, 3.76194122e+02, 1.50486108e+03, 3.73577667e+02,
    1.53539636e+03, 3.71160004e+02, 1.56568518e+03, 3.68659668e+02 ]
