%YAML:1.0
---
points: [ 4.32374084e+02, 7.07376862e+01, 4.42795563e+02, 7.01520767e+01,
    4.52761749e+02, 6.97281723e+01, 4.62883240e+02, 6.91527557e+01,
    4.72598083e+02, 6.88930054e+01, 4.82367981e+02, 6.84889603e+01,
    4.32886566e+02, 8.18649673e+01, 4.43157745e+02, 8.13242874e+01,
    4.53432281e+02, 8.06466370e+01, 4.63437561e+02, 8.01507492e+01,
    4.73207153e+02, 7.96173325e+01, 4.82864716e+02, 7.93415146e+01,
    4.33229492e+02, 9.31502380e+01, 4.43666016e+02, 9.24425278e+01,
    4.53784943e+02, 9.17710876e+01, 4.63869080e+02, 9.10853577e+01,
    4.73780029e+02, 9.06944199e+01, 4.83589691e+02, 8.99885330e+01,
    4.33667969e+02, 1.04267265e+02, 4.43888214e+02, 1.03570129e+02,
    4.54109589e+02, 1.02694641e+02, 4.64239075e+02, 1.02078018e+02,
    4.74001587e+02, 1.01535843e+02, 4.83830505e+02, 1.00989014e+02,
    4.33808136e+02, 1.15433945e+02, 4.44263550e+02, 1.14558548e+02,
    4.54481323e+02, 1.13824638e+02, 4.64660522e+02, 1.12994553e+02,
    4.74459961e+02, 1.12529976e+02, 4.84126617e+02, 1.11607033e+02,
    4.34147064e+02, 1.26294868e+02, 4.44574921e+02, 1.25520454e+02,
    4.54725983e+02, 1.24651627e+02, 4.64780975e+02, 1.23871918e+02,
    4.74700348e+02, 1.23169014e+02, 4.84429626e+02, 1.22694969e+02,
    4.34529968e+02, 1.37259674e+02, 4.44806671e+02, 1.36344574e+02,
    4.54952728e+02, 1.35627106e+02, 4.65013092e+02, 1.34693893e+02,
    4.74929504e+02, 1.33965942e+02, 4.84724060e+02, 1.33131714e+02,
    4.34805756e+02, 1.47881943e+02, 4.45166443e+02, 1.47145813e+02,
    4.55488586e+02, 1.46218079e+02, 4.65649017e+02, 1.45451202e+02,
    4.75477631e+02, 1.44574692e+02, 4.85168365e+02, 1.44005280e+02 ]
