%YAML:1.0
---
points: [ 1.40947119e+03, 1.56190842e+02, 1.44108057e+03, 1.53684769e+02,
    1.47244360e+03, 1.51204514e+02, 1.50353552e+03, 1.48825821e+02,
    1.53477148e+03, 1.46312576e+02, 1.56593408e+03, 1.44158524e+02,
    1.41010181e+03, 1.89303192e+02, 1.44139124e+03, 1.86773132e+02,
    1.47270898e+03, 1.84319885e+02, 1.50377075e+03, 1.81764343e+02,
    1.53480334e+03, 1.79429459e+02, 1.56586499e+03, 1.76868164e+02,
    1.41055066e+03, 2.22031143e+02, 1.44166663e+03, 2.19487854e+02,
    1.47289001e+03, 2.16930054e+02, 1.50398108e+03, 2.14451782e+02,
    1.53510864e+03, 2.12041580e+02, 1.56609790e+03, 2.09481216e+02,
    1.41072729e+03, 2.54572174e+02, 1.44204065e+03, 2.51896790e+02,
    1.47311060e+03, 2.49490601e+02, 1.50392383e+03, 2.46864075e+02,
    1.53481653e+03, 2.44491074e+02, 1.56561707e+03, 2.41944321e+02,
    1.41110608e+03, 2.86777557e+02, 1.44227356e+03, 2.84202240e+02,
    1.47313867e+03, 2.81720123e+02, 1.50390601e+03, 2.79131226e+02,
    1.53463379e+03, 2.76619781e+02, 1.56538647e+03, 2.74192413e+02,
    1.41153015e+03, 3.18503296e+02, 1.44246814e+03, 3.15979218e+02,
    1.47327209e+03, 3.13394409e+02, 1.50374072e+03, 3.10946014e+02,
    1.53442969e+03, 3.08400543e+02, 1.56518127e+03, 3.05932678e+02,
    1.41205859e+03, 3.50001221e+02, 1.44272607e+03, 3.47419128e+02,
    1.47350793e+03, 3.44846222e+02, 1.50415710e+03, 3.42392731e+02,
    1.53464722e+03, 3.39829346e+02, 1.56535376e+03, 3.37411560e+02,
    1.41253430e+03, 3.81402008e+02, 1.44344397e+03, 3.78627380e+02,
    1.47434521e+03, 3.76233551e+02, 1.50488538e+03, 3.73587311e+02,
    1.53539661e+03, 3.71173920e+02, 1.56571289e+03, 3.68637177e+02 ]
