%YAML:1.0
---
points: [ 3.83237091e+02, 8.73045578e+01, 3.89276550e+02, 9.26922226e+01,
    3.95275299e+02, 9.81516800e+01, 4.01246063e+02, 1.02759033e+02,
    4.06968140e+02, 1.08670914e+02, 4.12913055e+02, 1.13991867e+02,
    3.78276917e+02, 9.42303467e+01, 3.84362732e+02, 9.96150208e+01,
    3.90418945e+02, 1.04993706e+02, 3.96371155e+02, 1.10215416e+02,
    4.02261414e+02, 1.15417801e+02, 4.07994843e+02, 1.20481049e+02,
    3.73148499e+02, 1.01249489e+02, 3.79366211e+02, 1.06507355e+02,
    3.85424683e+02, 1.11800522e+02, 3.91436798e+02, 1.17053291e+02,
    3.97426849e+02, 1.22215500e+02, 4.03297821e+02, 1.27320045e+02,
    3.68289795e+02, 1.08199509e+02, 3.74350616e+02, 1.13494774e+02,
    3.80525391e+02, 1.18722527e+02, 3.86483368e+02, 1.23915276e+02,
    3.92486176e+02, 1.29026276e+02, 3.98388428e+02, 1.34101974e+02,
    3.63126740e+02, 1.15236084e+02, 3.69362091e+02, 1.20368866e+02,
    3.75502289e+02, 1.25600952e+02, 3.81567902e+02, 1.30724396e+02,
    3.87514648e+02, 1.35843750e+02, 3.93461792e+02, 1.40932388e+02,
    3.58230896e+02, 1.22059929e+02, 3.64376404e+02, 1.27333565e+02,
    3.70537476e+02, 1.32480850e+02, 3.76571075e+02, 1.37561813e+02,
    3.82623352e+02, 1.42625565e+02, 3.88577972e+02, 1.47616806e+02,
    3.53198395e+02, 1.29123779e+02, 3.59423950e+02, 1.34148514e+02,
    3.65632294e+02, 1.39341339e+02, 3.71644104e+02, 1.44376877e+02,
    3.77737946e+02, 1.49489517e+02, 3.83732697e+02, 1.54438202e+02,
    3.48310516e+02, 1.35950302e+02, 3.54445221e+02, 1.41131409e+02,
    3.60781921e+02, 1.46255402e+02, 3.66855988e+02, 1.51219986e+02,
    3.73012268e+02, 1.56205475e+02, 3.79039856e+02, 1.61090195e+02 ]
