%YAML:1.0
---
points: [ 1.21106445e+03, 1.58141144e+02, 1.24513257e+03, 1.54408340e+02,
    1.27963647e+03, 1.50449371e+02, 1.31402612e+03, 1.46584244e+02,
    1.34884631e+03, 1.42769501e+02, 1.38387451e+03, 1.38845673e+02,
    1.21280029e+03, 1.92840546e+02, 1.24696582e+03, 1.89241180e+02,
    1.28117139e+03, 1.85598770e+02, 1.31552930e+03, 1.81673370e+02,
    1.35015076e+03, 1.77764313e+02, 1.38516162e+03, 1.74072067e+02,
    1.21460449e+03, 2.27569809e+02, 1.24861426e+03, 2.23902481e+02,
    1.28264685e+03, 2.20173660e+02, 1.31686609e+03, 2.16539780e+02,
    1.35161084e+03, 2.12809280e+02, 1.38623975e+03, 2.09066101e+02,
    1.21649280e+03, 2.61667847e+02, 1.25021375e+03, 2.58269897e+02,
    1.28430115e+03, 2.54629440e+02, 1.31820300e+03, 2.50953476e+02,
    1.35265930e+03, 2.47401947e+02, 1.38714917e+03, 2.43837067e+02,
    1.21821069e+03, 2.95621155e+02, 1.25188806e+03, 2.92165802e+02,
    1.28559338e+03, 2.88545685e+02, 1.31957446e+03, 2.85304749e+02,
    1.35376282e+03, 2.81685242e+02, 1.38817249e+03, 2.78096985e+02,
    1.22008667e+03, 3.28889893e+02, 1.25350439e+03, 3.25514618e+02,
    1.28705750e+03, 3.22355042e+02, 1.32081091e+03, 3.18840363e+02,
    1.35483655e+03, 3.15492584e+02, 1.38914612e+03, 3.12184082e+02,
    1.22185999e+03, 3.61748993e+02, 1.25511401e+03, 3.58714478e+02,
    1.28857092e+03, 3.55512756e+02, 1.32225757e+03, 3.52265289e+02,
    1.35627429e+03, 3.49111328e+02, 1.39046509e+03, 3.45617462e+02,
    1.22372681e+03, 3.94691772e+02, 1.25698804e+03, 3.91636749e+02,
    1.29037085e+03, 3.88434357e+02, 1.32380457e+03, 3.85442444e+02,
    1.35785071e+03, 3.82290253e+02, 1.39177563e+03, 3.79129700e+02 ]
