%YAML:1.0
---
points: [ 3.66026550e+02, 7.08962784e+01, 3.77884216e+02, 6.95627747e+01,
    3.89646027e+02, 6.83043671e+01, 4.01565033e+02, 6.69216919e+01,
    4.13197266e+02, 6.58856583e+01, 4.24963776e+02, 6.46244888e+01,
    3.66843048e+02, 8.28965530e+01, 3.78657043e+02, 8.16086502e+01,
    3.90466370e+02, 8.02804489e+01, 4.02166199e+02, 7.90695190e+01,
    4.13929169e+02, 7.77753296e+01, 4.25697357e+02, 7.67168961e+01,
    3.67510406e+02, 9.48814011e+01, 3.79285889e+02, 9.35704575e+01,
    3.91082764e+02, 9.22676620e+01, 4.02874573e+02, 9.09245605e+01,
    4.14704193e+02, 8.97936783e+01, 4.26464752e+02, 8.85606995e+01,
    3.68195801e+02, 1.06735840e+02, 3.79924347e+02, 1.05458397e+02,
    3.91685944e+02, 1.04115326e+02, 4.03553558e+02, 1.02796532e+02,
    4.15236664e+02, 1.01660645e+02, 4.26885315e+02, 1.00576836e+02,
    3.68827209e+02, 1.18556473e+02, 3.80519440e+02, 1.17261276e+02,
    3.92271149e+02, 1.15999878e+02, 4.03931610e+02, 1.14678810e+02,
    4.15773102e+02, 1.13534363e+02, 4.27490173e+02, 1.12278778e+02,
    3.69412720e+02, 1.30202194e+02, 3.81179413e+02, 1.28946838e+02,
    3.92788208e+02, 1.27644325e+02, 4.04561371e+02, 1.26486252e+02,
    4.16266144e+02, 1.25263733e+02, 4.27849762e+02, 1.24110207e+02,
    3.70125366e+02, 1.41726364e+02, 3.81685181e+02, 1.40457108e+02,
    3.93413330e+02, 1.39285324e+02, 4.05125519e+02, 1.38001770e+02,
    4.16830505e+02, 1.36834351e+02, 4.28548859e+02, 1.35665131e+02,
    3.70735718e+02, 1.53127319e+02, 3.82412415e+02, 1.51919357e+02,
    3.94142029e+02, 1.50722656e+02, 4.05731049e+02, 1.49643845e+02,
    4.17502869e+02, 1.48480591e+02, 4.29116516e+02, 1.47311493e+02 ]
