%YAML:1.0
---
points: [ 3.66039764e+02, 7.08783798e+01, 3.77859985e+02, 6.95834732e+01,
    3.89622406e+02, 6.83122711e+01, 4.01583130e+02, 6.69272461e+01,
    4.13208282e+02, 6.58671417e+01, 4.24950348e+02, 6.46343613e+01,
    3.66798553e+02, 8.28837433e+01, 3.78631348e+02, 8.16030350e+01,
    3.90460785e+02, 8.02452316e+01, 4.02197662e+02, 7.90624313e+01,
    4.13911011e+02, 7.77782364e+01, 4.25687683e+02, 7.67408218e+01,
    3.67493774e+02, 9.48763275e+01, 3.79250519e+02, 9.35632477e+01,
    3.91080994e+02, 9.22825775e+01, 4.02864471e+02, 9.09588242e+01,
    4.14695160e+02, 8.97841034e+01, 4.26426331e+02, 8.85208817e+01,
    3.68140625e+02, 1.06725853e+02, 3.79912018e+02, 1.05473778e+02,
    3.91689514e+02, 1.04148804e+02, 4.03568298e+02, 1.02792557e+02,
    4.15218628e+02, 1.01680534e+02, 4.26849701e+02, 1.00562790e+02,
    3.68811829e+02, 1.18587929e+02, 3.80495789e+02, 1.17235832e+02,
    3.92283478e+02, 1.15992393e+02, 4.03943146e+02, 1.14663887e+02,
    4.15756836e+02, 1.13536835e+02, 4.27484802e+02, 1.12307846e+02,
    3.69353333e+02, 1.30131531e+02, 3.81172974e+02, 1.28932892e+02,
    3.92772064e+02, 1.27621300e+02, 4.04552917e+02, 1.26431305e+02,
    4.16240479e+02, 1.25230400e+02, 4.27841644e+02, 1.24103661e+02,
    3.70092865e+02, 1.41735260e+02, 3.81686829e+02, 1.40465179e+02,
    3.93417267e+02, 1.39273651e+02, 4.05080505e+02, 1.37993500e+02,
    4.16795654e+02, 1.36838806e+02, 4.28527802e+02, 1.35662537e+02,
    3.70755280e+02, 1.53136795e+02, 3.82417328e+02, 1.51884125e+02,
    3.94100403e+02, 1.50748749e+02, 4.05705139e+02, 1.49669571e+02,
    4.17481659e+02, 1.48427734e+02, 4.29093964e+02, 1.47324295e+02 ]
