%YAML:1.0
---
points: [ 1.21102820e+03, 1.58167252e+02, 1.24513635e+03, 1.54413986e+02,
    1.27964392e+03, 1.50464371e+02, 1.31402966e+03, 1.46538116e+02,
    1.34883508e+03, 1.42797226e+02, 1.38389636e+03, 1.38845642e+02,
    1.21272888e+03, 1.92837585e+02, 1.24694678e+03, 1.89241028e+02,
    1.28120251e+03, 1.85534027e+02, 1.31554688e+03, 1.81641541e+02,
    1.35010144e+03, 1.77763992e+02, 1.38510767e+03, 1.74075684e+02,
    1.21459485e+03, 2.27553772e+02, 1.24861328e+03, 2.23923645e+02,
    1.28265662e+03, 2.20142120e+02, 1.31684558e+03, 2.16560211e+02,
    1.35157996e+03, 2.12797592e+02, 1.38621692e+03, 2.09038193e+02,
    1.21648901e+03, 2.61655029e+02, 1.25017273e+03, 2.58274872e+02,
    1.28428027e+03, 2.54639709e+02, 1.31814160e+03, 2.50985703e+02,
    1.35261548e+03, 2.47391113e+02, 1.38712769e+03, 2.43804047e+02,
    1.21814990e+03, 2.95613831e+02, 1.25184985e+03, 2.92103119e+02,
    1.28555591e+03, 2.88546173e+02, 1.31954456e+03, 2.85308014e+02,
    1.35374475e+03, 2.81660889e+02, 1.38817712e+03, 2.78058868e+02,
    1.22006934e+03, 3.28872131e+02, 1.25345789e+03, 3.25485870e+02,
    1.28694177e+03, 3.22365601e+02, 1.32081201e+03, 3.18859558e+02,
    1.35483191e+03, 3.15498932e+02, 1.38909888e+03, 3.12165924e+02,
    1.22180579e+03, 3.61781647e+02, 1.25510364e+03, 3.58678741e+02,
    1.28855383e+03, 3.55521423e+02, 1.32224512e+03, 3.52269440e+02,
    1.35620862e+03, 3.49097504e+02, 1.39046387e+03, 3.45629639e+02,
    1.22368994e+03, 3.94695404e+02, 1.25689954e+03, 3.91627808e+02,
    1.29034497e+03, 3.88434845e+02, 1.32378870e+03, 3.85460358e+02,
    1.35788611e+03, 3.82320038e+02, 1.39178381e+03, 3.79146576e+02 ]
