%YAML:1.0
---
points: [ 3.82060333e+02, 1.52650818e+02, 3.87968964e+02, 1.57531921e+02,
    3.93866516e+02, 1.62613937e+02, 3.99777893e+02, 1.67564819e+02,
    4.05534576e+02, 1.72503754e+02, 4.11226990e+02, 1.77282440e+02,
    3.77187653e+02, 1.59199036e+02, 3.83089294e+02, 1.64243652e+02,
    3.89042023e+02, 1.69212860e+02, 3.94869171e+02, 1.74127518e+02,
    4.00786987e+02, 1.79018127e+02, 4.06459839e+02, 1.83784897e+02,
    3.72030243e+02, 1.66031708e+02, 3.78163788e+02, 1.70908524e+02,
    3.84175842e+02, 1.75893906e+02, 3.90078613e+02, 1.80729630e+02,
    3.96000610e+02, 1.85579742e+02, 4.01669128e+02, 1.90378708e+02,
    3.67237335e+02, 1.72580643e+02, 3.73218719e+02, 1.77666840e+02,
    3.79264038e+02, 1.82499329e+02, 3.85157654e+02, 1.87359451e+02,
    3.91014954e+02, 1.92180267e+02, 3.96930573e+02, 1.96873596e+02,
    3.62158783e+02, 1.79424484e+02, 3.68331696e+02, 1.84290176e+02,
    3.74248138e+02, 1.89127243e+02, 3.80304596e+02, 1.94007812e+02,
    3.86169891e+02, 1.98760956e+02, 3.91912964e+02, 2.03435089e+02,
    3.57390625e+02, 1.86041885e+02, 3.63332184e+02, 1.90964951e+02,
    3.69421631e+02, 1.95679092e+02, 3.75324188e+02, 2.00483185e+02,
    3.81349579e+02, 2.05305695e+02, 3.87140472e+02, 2.09970993e+02,
    3.52312561e+02, 1.92770187e+02, 3.58488129e+02, 1.97518173e+02,
    3.64574127e+02, 2.02403534e+02, 3.70519531e+02, 2.07089478e+02,
    3.76475586e+02, 2.11858490e+02, 3.82376312e+02, 2.16612381e+02,
    3.47628601e+02, 1.99367447e+02, 3.53633209e+02, 2.04095734e+02,
    3.59824615e+02, 2.08991394e+02, 3.65829010e+02, 2.13691193e+02,
    3.71917053e+02, 2.18484467e+02, 3.77694336e+02, 2.22973206e+02 ]
