%YAML:1.0
---
points: [ 7.04854858e+02, 4.63665375e+02, 7.05064087e+02, 5.01529938e+02,
    7.05132568e+02, 5.39265137e+02, 7.05160156e+02, 5.76845154e+02,
    7.05254211e+02, 6.14835876e+02, 7.05299194e+02, 6.53090454e+02,
    6.68244446e+02, 4.64314484e+02, 6.68301331e+02, 5.01963348e+02,
    6.68274475e+02, 5.39577393e+02, 6.68273438e+02, 5.77268250e+02,
    6.68296448e+02, 6.15132080e+02, 6.68263184e+02, 6.53165894e+02,
    6.31585693e+02, 4.64884308e+02, 6.31610596e+02, 5.02461700e+02,
    6.31608398e+02, 5.39921509e+02, 6.31512268e+02, 5.77495911e+02,
    6.31385376e+02, 6.15362610e+02, 6.31304199e+02, 6.53345032e+02,
    5.95254089e+02, 4.65523193e+02, 5.95271057e+02, 5.02799103e+02,
    5.95166565e+02, 5.40440857e+02, 5.95003784e+02, 5.77866150e+02,
    5.94853760e+02, 6.15532776e+02, 5.94773987e+02, 6.53416992e+02,
    5.59163147e+02, 4.66013580e+02, 5.59179016e+02, 5.03425751e+02,
    5.59003479e+02, 5.40754517e+02, 5.58805786e+02, 5.78117371e+02,
    5.58695496e+02, 6.15780518e+02, 5.58538086e+02, 6.53486694e+02,
    5.23184570e+02, 4.66577545e+02, 5.23125610e+02, 5.03860443e+02,
    5.23023315e+02, 5.41206421e+02, 5.22915527e+02, 5.78432617e+02,
    5.22692932e+02, 6.15980164e+02, 5.22525574e+02, 6.53595276e+02,
    4.87409302e+02, 4.67119843e+02, 4.87345337e+02, 5.04309662e+02,
    4.87155609e+02, 5.41586121e+02, 4.86881042e+02, 5.78758484e+02,
    4.86592651e+02, 6.16249756e+02, 4.86276367e+02, 6.53711487e+02,
    4.51615631e+02, 4.67549561e+02, 4.51196960e+02, 5.04768768e+02,
    4.50707550e+02, 5.41883118e+02, 4.50288757e+02, 5.79110291e+02,
    4.49831451e+02, 6.16512390e+02, 4.49671326e+02, 6.53911438e+02 ]
