%YAML:1.0
---
points: [ 3.70098816e+02, 1.22821396e+02, 3.81760529e+02, 1.21271866e+02,
    3.93562408e+02, 1.19875778e+02, 4.05241333e+02, 1.18333336e+02,
    4.16985138e+02, 1.17011963e+02, 4.28807465e+02, 1.15462090e+02,
    3.70935303e+02, 1.34355545e+02, 3.82647064e+02, 1.32963959e+02,
    3.94361633e+02, 1.31447327e+02, 4.06039917e+02, 1.30104294e+02,
    4.17819275e+02, 1.28610779e+02, 4.29662903e+02, 1.27204826e+02,
    3.71832916e+02, 1.45933243e+02, 3.83433838e+02, 1.44469269e+02,
    3.95198792e+02, 1.43114731e+02, 4.06800171e+02, 1.41613541e+02,
    4.18637024e+02, 1.40297165e+02, 4.30362274e+02, 1.38810760e+02,
    3.72629242e+02, 1.57332214e+02, 3.84340088e+02, 1.55917633e+02,
    3.95952820e+02, 1.54566727e+02, 4.07602478e+02, 1.53192169e+02,
    4.19272064e+02, 1.51738373e+02, 4.30969818e+02, 1.50419128e+02,
    3.73407043e+02, 1.68691376e+02, 3.85082367e+02, 1.67301712e+02,
    3.96683960e+02, 1.65938965e+02, 4.08300385e+02, 1.64601944e+02,
    4.19907684e+02, 1.63233063e+02, 4.31644135e+02, 1.61789871e+02,
    3.74343140e+02, 1.79802475e+02, 3.85869965e+02, 1.78546753e+02,
    3.97457825e+02, 1.77193466e+02, 4.09000977e+02, 1.75901596e+02,
    4.20629272e+02, 1.74550629e+02, 4.32270294e+02, 1.73326889e+02,
    3.75249237e+02, 1.90989944e+02, 3.86667908e+02, 1.89649857e+02,
    3.98298431e+02, 1.88349197e+02, 4.09720551e+02, 1.87051773e+02,
    4.21329559e+02, 1.85895401e+02, 4.32922791e+02, 1.84482819e+02,
    3.76072784e+02, 2.01943695e+02, 3.87599030e+02, 2.00730499e+02,
    3.99160065e+02, 1.99479187e+02, 4.10702637e+02, 1.98250702e+02,
    4.22204315e+02, 1.96964111e+02, 4.33771820e+02, 1.95875076e+02 ]
