%YAML:1.0
---
points: [ 1.22170386e+03, 3.07737885e+02, 1.25525793e+03, 3.03643921e+02,
    1.28916162e+03, 2.99551636e+02, 1.32306909e+03, 2.95624817e+02,
    1.35731323e+03, 2.91499237e+02, 1.39176331e+03, 2.87267731e+02,
    1.22419507e+03, 3.40863983e+02, 1.25770300e+03, 3.37184784e+02,
    1.29135950e+03, 3.33360718e+02, 1.32510095e+03, 3.29267303e+02,
    1.35912219e+03, 3.25145630e+02, 1.39364233e+03, 3.21204651e+02,
    1.22664087e+03, 3.74145752e+02, 1.25987292e+03, 3.70378571e+02,
    1.29340308e+03, 3.66464569e+02, 1.32717419e+03, 3.62493134e+02,
    1.36122559e+03, 3.58701813e+02, 1.39551428e+03, 3.54848755e+02,
    1.22903113e+03, 4.06782593e+02, 1.26228381e+03, 4.03169525e+02,
    1.29556543e+03, 3.99335358e+02, 1.32908337e+03, 3.95742981e+02,
    1.36306519e+03, 3.91820343e+02, 1.39718347e+03, 3.88098572e+02,
    1.23147864e+03, 4.39315857e+02, 1.26446484e+03, 4.35546906e+02,
    1.29761768e+03, 4.32217560e+02, 1.33129272e+03, 4.28486145e+02,
    1.36478601e+03, 4.24708557e+02, 1.39878540e+03, 4.21158386e+02,
    1.23376624e+03, 4.71344879e+02, 1.26655652e+03, 4.67701263e+02,
    1.29985645e+03, 4.64439209e+02, 1.33297034e+03, 4.60760895e+02,
    1.36653442e+03, 4.57282196e+02, 1.40051331e+03, 4.53868683e+02,
    1.23628442e+03, 5.02912659e+02, 1.26917090e+03, 4.99660248e+02,
    1.30187903e+03, 4.96476318e+02, 1.33500439e+03, 4.93014008e+02,
    1.36865015e+03, 4.89642334e+02, 1.40238171e+03, 4.86351044e+02,
    1.23860071e+03, 5.34656372e+02, 1.27137268e+03, 5.31582031e+02,
    1.30450354e+03, 5.28407532e+02, 1.33752271e+03, 5.25147339e+02,
    1.37085498e+03, 5.22030334e+02, 1.40447717e+03, 5.18581604e+02 ]
