%YAML:1.0
---
points: [ 1.22163269e+03, 3.07724213e+02, 1.25527209e+03, 3.03621735e+02,
    1.28916321e+03, 2.99589447e+02, 1.32307312e+03, 2.95618683e+02,
    1.35729187e+03, 2.91513794e+02, 1.39175757e+03, 2.87286041e+02,
    1.22412305e+03, 3.40869263e+02, 1.25769202e+03, 3.37136658e+02,
    1.29131775e+03, 3.33356750e+02, 1.32510022e+03, 3.29273071e+02,
    1.35907275e+03, 3.25177826e+02, 1.39359363e+03, 3.21191437e+02,
    1.22667310e+03, 3.74146820e+02, 1.25986450e+03, 3.70414093e+02,
    1.29339026e+03, 3.66428528e+02, 1.32718420e+03, 3.62540314e+02,
    1.36121350e+03, 3.58713806e+02, 1.39554639e+03, 3.54804291e+02,
    1.22898047e+03, 4.06803467e+02, 1.26225281e+03, 4.03189056e+02,
    1.29555554e+03, 3.99392700e+02, 1.32909143e+03, 3.95693237e+02,
    1.36307556e+03, 3.91883850e+02, 1.39711377e+03, 3.88117188e+02,
    1.23146582e+03, 4.39295929e+02, 1.26445203e+03, 4.35519867e+02,
    1.29759497e+03, 4.32208923e+02, 1.33129883e+03, 4.28504761e+02,
    1.36475598e+03, 4.24749481e+02, 1.39876636e+03, 4.21156494e+02,
    1.23377429e+03, 4.71339661e+02, 1.26654846e+03, 4.67699921e+02,
    1.29981885e+03, 4.64460236e+02, 1.33300366e+03, 4.60759796e+02,
    1.36651111e+03, 4.57268890e+02, 1.40051074e+03, 4.53859558e+02,
    1.23627405e+03, 5.02879395e+02, 1.26910742e+03, 4.99675537e+02,
    1.30191223e+03, 4.96457947e+02, 1.33497571e+03, 4.92946320e+02,
    1.36863928e+03, 4.89630585e+02, 1.40237598e+03, 4.86328766e+02,
    1.23859790e+03, 5.34665894e+02, 1.27134937e+03, 5.31571472e+02,
    1.30452258e+03, 5.28401184e+02, 1.33750464e+03, 5.25132812e+02,
    1.37080273e+03, 5.21972900e+02, 1.40446375e+03, 5.18571594e+02 ]
