%YAML:1.0
---
points: [ 3.70109467e+02, 1.22812271e+02, 3.81768585e+02, 1.21267380e+02,
    3.93552887e+02, 1.19855789e+02, 4.05264343e+02, 1.18326385e+02,
    4.16951294e+02, 1.16986938e+02, 4.28803955e+02, 1.15479118e+02,
    3.70916534e+02, 1.34359161e+02, 3.82630951e+02, 1.32940155e+02,
    3.94386963e+02, 1.31472717e+02, 4.06072754e+02, 1.30124008e+02,
    4.17789551e+02, 1.28617386e+02, 4.29648102e+02, 1.27226021e+02,
    3.71858765e+02, 1.45926743e+02, 3.83432587e+02, 1.44469055e+02,
    3.95200134e+02, 1.43106812e+02, 4.06797058e+02, 1.41590576e+02,
    4.18639313e+02, 1.40302750e+02, 4.30387482e+02, 1.38824615e+02,
    3.72599213e+02, 1.57309006e+02, 3.84309296e+02, 1.55947556e+02,
    3.95938629e+02, 1.54573120e+02, 4.07601898e+02, 1.53194855e+02,
    4.19245728e+02, 1.51720108e+02, 4.30950378e+02, 1.50418106e+02,
    3.73436737e+02, 1.68677567e+02, 3.85062042e+02, 1.67281998e+02,
    3.96683075e+02, 1.65931671e+02, 4.08306244e+02, 1.64585083e+02,
    4.19903870e+02, 1.63263321e+02, 4.31643982e+02, 1.61821945e+02,
    3.74341125e+02, 1.79834366e+02, 3.85899750e+02, 1.78553009e+02,
    3.97471710e+02, 1.77167679e+02, 4.08985291e+02, 1.75915131e+02,
    4.20594879e+02, 1.74508133e+02, 4.32214905e+02, 1.73322266e+02,
    3.75199371e+02, 1.90980927e+02, 3.86671844e+02, 1.89665176e+02,
    3.98290802e+02, 1.88344284e+02, 4.09740448e+02, 1.87028809e+02,
    4.21358887e+02, 1.85858627e+02, 4.32926788e+02, 1.84516296e+02,
    3.76100311e+02, 2.01983795e+02, 3.87592621e+02, 2.00741226e+02,
    3.99137695e+02, 1.99430237e+02, 4.10737366e+02, 1.98238800e+02,
    4.22211823e+02, 1.96957626e+02, 4.33778290e+02, 1.95893097e+02 ]
