%YAML:1.0
---
points: [ 1.22438232e+03, 4.76725006e+02, 1.25744702e+03, 4.73415588e+02,
    1.29049963e+03, 4.70210297e+02, 1.32367712e+03, 4.66734589e+02,
    1.35739856e+03, 4.63426208e+02, 1.39128821e+03, 4.60131073e+02,
    1.22689478e+03, 5.08698608e+02, 1.25965820e+03, 5.05574005e+02,
    1.29261389e+03, 5.02424408e+02, 1.32593530e+03, 4.99081818e+02,
    1.35934448e+03, 4.95937805e+02, 1.39309839e+03, 4.92583923e+02,
    1.22922327e+03, 5.40575317e+02, 1.26192224e+03, 5.37530151e+02,
    1.29487793e+03, 5.34378601e+02, 1.32810510e+03, 5.31234985e+02,
    1.36144409e+03, 5.28235413e+02, 1.39516113e+03, 5.24867737e+02,
    1.23155945e+03, 5.72190247e+02, 1.26426123e+03, 5.69363770e+02,
    1.29677441e+03, 5.66181946e+02, 1.32982910e+03, 5.63184631e+02,
    1.36331726e+03, 5.60180420e+02, 1.39675110e+03, 5.56985291e+02,
    1.23385852e+03, 6.03506592e+02, 1.26634778e+03, 6.00633911e+02,
    1.29920142e+03, 5.97669006e+02, 1.33202246e+03, 5.94775574e+02,
    1.36514172e+03, 5.91895935e+02, 1.39844861e+03, 5.88796265e+02,
    1.23635376e+03, 6.34554810e+02, 1.26868176e+03, 6.31685059e+02,
    1.30133350e+03, 6.28899170e+02, 1.33375574e+03, 6.26146973e+02,
    1.36680676e+03, 6.23288025e+02, 1.40032361e+03, 6.20463440e+02,
    1.23850659e+03, 6.65428894e+02, 1.27084631e+03, 6.62670349e+02,
    1.30335779e+03, 6.60097046e+02, 1.33622253e+03, 6.57324707e+02,
    1.36906006e+03, 6.54656067e+02, 1.40225244e+03, 6.51861023e+02,
    1.24107202e+03, 6.96396423e+02, 1.27339014e+03, 6.93689087e+02,
    1.30598828e+03, 6.91322205e+02, 1.33846960e+03, 6.88626282e+02,
    1.37141565e+03, 6.86291626e+02, 1.40442773e+03, 6.83476318e+02 ]
