%YAML:1.0
---
points: [ 3.71182465e+02, 1.81802002e+02, 3.82671936e+02, 1.80499100e+02,
    3.94291077e+02, 1.79221207e+02, 4.05977173e+02, 1.77952835e+02,
    4.17508484e+02, 1.76765518e+02, 4.29270325e+02, 1.75453735e+02,
    3.71986694e+02, 1.92944977e+02, 3.83554016e+02, 1.91762192e+02,
    3.95168060e+02, 1.90466705e+02, 4.06699158e+02, 1.89268356e+02,
    4.18288666e+02, 1.87976532e+02, 4.29902222e+02, 1.86777710e+02,
    3.72886383e+02, 2.04120270e+02, 3.84349518e+02, 2.02840317e+02,
    3.95898590e+02, 2.01651245e+02, 4.07387573e+02, 2.00432419e+02,
    4.19029236e+02, 1.99335648e+02, 4.30664062e+02, 1.98061569e+02,
    3.73695190e+02, 2.15089523e+02, 3.85193146e+02, 2.14010864e+02,
    3.96603455e+02, 2.12781326e+02, 4.08212311e+02, 2.11601166e+02,
    4.19649658e+02, 2.10311890e+02, 4.31238586e+02, 2.09241653e+02,
    3.74449127e+02, 2.26012009e+02, 3.85962646e+02, 2.24881104e+02,
    3.97401917e+02, 2.23739792e+02, 4.08816132e+02, 2.22616211e+02,
    4.20339172e+02, 2.21513260e+02, 4.31822296e+02, 2.20306763e+02,
    3.75407043e+02, 2.36835587e+02, 3.86751251e+02, 2.35750595e+02,
    3.98184265e+02, 2.34603943e+02, 4.09499298e+02, 2.33542267e+02,
    4.21016724e+02, 2.32432373e+02, 4.32478577e+02, 2.31392929e+02,
    3.76308563e+02, 2.47561584e+02, 3.87574829e+02, 2.46488785e+02,
    3.99028381e+02, 2.45452972e+02, 4.10277924e+02, 2.44391815e+02,
    4.21703430e+02, 2.43359116e+02, 4.33080261e+02, 2.42238556e+02,
    3.77193787e+02, 2.58334381e+02, 3.88454376e+02, 2.57308014e+02,
    3.99795013e+02, 2.56317413e+02, 4.11171326e+02, 2.55326111e+02,
    4.22453766e+02, 2.54216431e+02, 4.33848663e+02, 2.53191818e+02 ]
