%YAML:1.0
---
points: [ 7.62676208e+02, 9.15362915e+02, 7.63512878e+02, 8.78138367e+02,
    7.64201721e+02, 8.40925598e+02, 7.64853760e+02, 8.04212646e+02,
    7.65476379e+02, 7.67429382e+02, 7.66103027e+02, 7.30776184e+02,
    7.99425659e+02, 9.15171692e+02, 8.00087219e+02, 8.77895386e+02,
    8.00692871e+02, 8.40822815e+02, 8.01332458e+02, 8.04170471e+02,
    8.01754272e+02, 7.67461548e+02, 8.02419312e+02, 7.30936157e+02,
    8.35762695e+02, 9.15109253e+02, 8.36346313e+02, 8.77924500e+02,
    8.36764832e+02, 8.40923767e+02, 8.37302429e+02, 8.04333496e+02,
    8.37698547e+02, 7.67619690e+02, 8.38252319e+02, 7.31215881e+02,
    8.72021667e+02, 9.15411987e+02, 8.72430664e+02, 8.78251221e+02,
    8.72915710e+02, 8.41311279e+02, 8.73379761e+02, 8.04518982e+02,
    8.73710571e+02, 7.67949402e+02, 8.74080139e+02, 7.31508301e+02,
    9.08357178e+02, 9.15766602e+02, 9.08583191e+02, 8.78561584e+02,
    9.08979736e+02, 8.41613159e+02, 9.09306885e+02, 8.04817749e+02,
    9.09762146e+02, 7.68212219e+02, 9.09966431e+02, 7.31788208e+02,
    9.44744446e+02, 9.16280701e+02, 9.45064514e+02, 8.78982483e+02,
    9.45326416e+02, 8.41900513e+02, 9.45529541e+02, 8.05236572e+02,
    9.45671692e+02, 7.68602783e+02, 9.46027344e+02, 7.32123169e+02,
    9.81275940e+02, 9.16476746e+02, 9.81411682e+02, 8.79281738e+02,
    9.81517578e+02, 8.42262512e+02, 9.81643555e+02, 8.05534790e+02,
    9.81847290e+02, 7.68896667e+02, 9.82076660e+02, 7.32403687e+02,
    1.01758704e+03, 9.16720215e+02, 1.01766180e+03, 8.79594116e+02,
    1.01775769e+03, 8.42626099e+02, 1.01786774e+03, 8.05825317e+02,
    1.01796521e+03, 7.69223022e+02, 1.01819476e+03, 7.32607117e+02 ]
