%YAML:1.0
---
points: [ 3.41428864e+02, 1.09965508e+02, 3.47996002e+02, 1.15224670e+02,
    3.54552307e+02, 1.20473244e+02, 3.60958954e+02, 1.25623314e+02,
    3.67405518e+02, 1.30833694e+02, 3.73825745e+02, 1.36020157e+02,
    3.36153687e+02, 1.17013542e+02, 3.42688354e+02, 1.22285660e+02,
    3.49258728e+02, 1.27457710e+02, 3.55715851e+02, 1.32653305e+02,
    3.62217102e+02, 1.37767090e+02, 3.68649414e+02, 1.42802887e+02,
    3.30833374e+02, 1.24162155e+02, 3.37451447e+02, 1.29291794e+02,
    3.44024841e+02, 1.34461594e+02, 3.50528259e+02, 1.39602753e+02,
    3.56973206e+02, 1.44700577e+02, 3.63466003e+02, 1.49818619e+02,
    3.25691345e+02, 1.31155746e+02, 3.32218109e+02, 1.36337158e+02,
    3.38799957e+02, 1.41446686e+02, 3.45323181e+02, 1.46516876e+02,
    3.51797180e+02, 1.51571991e+02, 3.58265961e+02, 1.56639099e+02,
    3.20471191e+02, 1.38175934e+02, 3.27060150e+02, 1.43248886e+02,
    3.33593658e+02, 1.48410553e+02, 3.40109161e+02, 1.53391083e+02,
    3.46583588e+02, 1.58470718e+02, 3.53002960e+02, 1.63417892e+02,
    3.15360443e+02, 1.45084991e+02, 3.21901611e+02, 1.50210678e+02,
    3.28458008e+02, 1.55227768e+02, 3.34924011e+02, 1.60273788e+02,
    3.41453491e+02, 1.65257019e+02, 3.47883759e+02, 1.70203568e+02,
    3.10197906e+02, 1.52021469e+02, 3.16774506e+02, 1.57040802e+02,
    3.23332153e+02, 1.62067200e+02, 3.29768280e+02, 1.67078186e+02,
    3.36368622e+02, 1.72078278e+02, 3.42727539e+02, 1.76956451e+02,
    3.05168976e+02, 1.58853363e+02, 3.11709503e+02, 1.63926361e+02,
    3.18283691e+02, 1.68889069e+02, 3.24793152e+02, 1.73836823e+02,
    3.31312897e+02, 1.78767105e+02, 3.37799286e+02, 1.83708176e+02 ]
