%YAML:1.0
---
points: [ 1.22436450e+03, 4.76678802e+02, 1.25749036e+03, 4.73351349e+02,
    1.29047839e+03, 4.70129791e+02, 1.32367908e+03, 4.66656097e+02,
    1.35741553e+03, 4.63383026e+02, 1.39132068e+03, 4.59950012e+02,
    1.22689539e+03, 5.08624725e+02, 1.25964331e+03, 5.05482361e+02,
    1.29262952e+03, 5.02355103e+02, 1.32589856e+03, 4.98953705e+02,
    1.35935315e+03, 4.95806458e+02, 1.39304956e+03, 4.92498138e+02,
    1.22917651e+03, 5.40535278e+02, 1.26191772e+03, 5.37497070e+02,
    1.29480884e+03, 5.34277771e+02, 1.32805652e+03, 5.31172668e+02,
    1.36137488e+03, 5.28130493e+02, 1.39521960e+03, 5.24866516e+02,
    1.23155811e+03, 5.72133972e+02, 1.26424792e+03, 5.69255615e+02,
    1.29686218e+03, 5.66135010e+02, 1.32993347e+03, 5.63001099e+02,
    1.36332068e+03, 5.60114014e+02, 1.39664966e+03, 5.56899658e+02,
    1.23380933e+03, 6.03369202e+02, 1.26638599e+03, 6.00624390e+02,
    1.29921619e+03, 5.97626892e+02, 1.33203369e+03, 5.94685425e+02,
    1.36513757e+03, 5.91825562e+02, 1.39849878e+03, 5.88733154e+02,
    1.23633447e+03, 6.34459351e+02, 1.26863989e+03, 6.31588318e+02,
    1.30131152e+03, 6.28767151e+02, 1.33371130e+03, 6.25954895e+02,
    1.36684290e+03, 6.23158630e+02, 1.40035486e+03, 6.20373413e+02,
    1.23852649e+03, 6.65385376e+02, 1.27079077e+03, 6.62574402e+02,
    1.30339478e+03, 6.60027527e+02, 1.33618823e+03, 6.57198730e+02,
    1.36904712e+03, 6.54596130e+02, 1.40231213e+03, 6.51746643e+02,
    1.24111841e+03, 6.96295166e+02, 1.27341699e+03, 6.93587708e+02,
    1.30600427e+03, 6.91240295e+02, 1.33845142e+03, 6.88526917e+02,
    1.37141907e+03, 6.86239014e+02, 1.40445349e+03, 6.83458923e+02 ]
