%YAML:1.0
---
points: [ 3.71204132e+02, 1.81786148e+02, 3.82646729e+02, 1.80487747e+02,
    3.94299072e+02, 1.79215775e+02, 4.05952118e+02, 1.77930237e+02,
    4.17516968e+02, 1.76726120e+02, 4.29254639e+02, 1.75456451e+02,
    3.72019867e+02, 1.92924728e+02, 3.83533783e+02, 1.91734894e+02,
    3.95180573e+02, 1.90437943e+02, 4.06676788e+02, 1.89265747e+02,
    4.18291138e+02, 1.87954147e+02, 4.29896332e+02, 1.86759155e+02,
    3.72946320e+02, 2.04103470e+02, 3.84335358e+02, 2.02818237e+02,
    3.95866150e+02, 2.01647690e+02, 4.07420349e+02, 2.00411697e+02,
    4.19037262e+02, 1.99313446e+02, 4.30636536e+02, 1.98006577e+02,
    3.73707794e+02, 2.15016159e+02, 3.85231537e+02, 2.13982056e+02,
    3.96642120e+02, 2.12751770e+02, 4.08184875e+02, 2.11621292e+02,
    4.19648468e+02, 2.10298843e+02, 4.31215729e+02, 2.09215347e+02,
    3.74480774e+02, 2.25939575e+02, 3.85941406e+02, 2.24836761e+02,
    3.97423492e+02, 2.23727875e+02, 4.08832123e+02, 2.22637665e+02,
    4.20356628e+02, 2.21524216e+02, 4.31806091e+02, 2.20267136e+02,
    3.75407288e+02, 2.36766510e+02, 3.86742401e+02, 2.35768433e+02,
    3.98168488e+02, 2.34585648e+02, 4.09508942e+02, 2.33524811e+02,
    4.21006775e+02, 2.32368988e+02, 4.32444824e+02, 2.31326736e+02,
    3.76302399e+02, 2.47562332e+02, 3.87581940e+02, 2.46510513e+02,
    3.98985840e+02, 2.45436768e+02, 4.10270386e+02, 2.44367279e+02,
    4.21694458e+02, 2.43325974e+02, 4.33078827e+02, 2.42196121e+02,
    3.77176056e+02, 2.58296021e+02, 3.88461243e+02, 2.57304993e+02,
    3.99841949e+02, 2.56307922e+02, 4.11141052e+02, 2.55298416e+02,
    4.22429138e+02, 2.54192398e+02, 4.33817535e+02, 2.53208466e+02 ]
