%YAML:1.0
---
points: [ 3.52656525e+02, 7.51502609e+01, 3.59400574e+02, 8.06305161e+01,
    3.66152130e+02, 8.60411301e+01, 3.72746277e+02, 9.14114075e+01,
    3.79372589e+02, 9.67880096e+01, 3.86042725e+02, 1.02121803e+02,
    3.47323059e+02, 8.24946976e+01, 3.54072388e+02, 8.79097137e+01,
    3.60789154e+02, 9.33305893e+01, 3.67441315e+02, 9.86451340e+01,
    3.74108429e+02, 1.03944153e+02, 3.80708527e+02, 1.09251213e+02,
    3.41987335e+02, 8.97943115e+01, 3.48751770e+02, 9.52325668e+01,
    3.55372314e+02, 1.00570686e+02, 3.62144562e+02, 1.05830597e+02,
    3.68755646e+02, 1.11167267e+02, 3.75401489e+02, 1.16414268e+02,
    3.36657776e+02, 9.71277771e+01, 3.43370544e+02, 1.02438499e+02,
    3.50114105e+02, 1.07808266e+02, 3.56766632e+02, 1.13067238e+02,
    3.63394714e+02, 1.18231117e+02, 3.70030334e+02, 1.23543350e+02,
    3.31249725e+02, 1.04422203e+02, 3.38046509e+02, 1.09733414e+02,
    3.44736725e+02, 1.15010284e+02, 3.51437592e+02, 1.20210907e+02,
    3.58026581e+02, 1.25401115e+02, 3.64679260e+02, 1.30608994e+02,
    3.25995148e+02, 1.11604446e+02, 3.32724243e+02, 1.16903915e+02,
    3.39498047e+02, 1.22092941e+02, 3.46120575e+02, 1.27332092e+02,
    3.52750061e+02, 1.32432968e+02, 3.59343842e+02, 1.37605621e+02,
    3.20760254e+02, 1.18812599e+02, 3.27519409e+02, 1.23991013e+02,
    3.34255432e+02, 1.29271255e+02, 3.40858002e+02, 1.34373520e+02,
    3.47486511e+02, 1.39598434e+02, 3.54139038e+02, 1.44663635e+02,
    3.15521454e+02, 1.25933266e+02, 3.22292877e+02, 1.31133423e+02,
    3.29033173e+02, 1.36341385e+02, 3.35695007e+02, 1.41451508e+02,
    3.42405884e+02, 1.46493469e+02, 3.49015137e+02, 1.51634811e+02 ]
