%YAML:1.0
---
points: [ 9.21817383e+02, 5.04745514e+02, 9.52917542e+02, 5.01834595e+02,
    9.84238098e+02, 4.98622467e+02, 1.01560907e+03, 4.95667847e+02,
    1.04715686e+03, 4.92488892e+02, 1.07899133e+03, 4.89518982e+02,
    9.25139465e+02, 5.35631287e+02, 9.56108582e+02, 5.32820435e+02,
    9.87252625e+02, 5.29768433e+02, 1.01854395e+03, 5.27012329e+02,
    1.05004529e+03, 5.23938904e+02, 1.08175488e+03, 5.20994324e+02,
    9.28476746e+02, 5.66529846e+02, 9.59425537e+02, 5.63714050e+02,
    9.90514832e+02, 5.60802612e+02, 1.02167926e+03, 5.58080383e+02,
    1.05318481e+03, 5.55250610e+02, 1.08478442e+03, 5.52318237e+02,
    9.31858154e+02, 5.97155396e+02, 9.62703369e+02, 5.94311340e+02,
    9.93589233e+02, 5.91613342e+02, 1.02457043e+03, 5.88710083e+02,
    1.05597510e+03, 5.86242554e+02, 1.08749011e+03, 5.83305786e+02,
    9.35257019e+02, 6.27404663e+02, 9.65770691e+02, 6.24630432e+02,
    9.96739563e+02, 6.22195496e+02, 1.02767810e+03, 6.19397522e+02,
    1.05892395e+03, 6.16929688e+02, 1.09044177e+03, 6.14177368e+02,
    9.38499878e+02, 6.57311646e+02, 9.69215576e+02, 6.54750488e+02,
    9.99844666e+02, 6.52209961e+02, 1.03069580e+03, 6.49746826e+02,
    1.06174268e+03, 6.47179993e+02, 1.09325281e+03, 6.44708191e+02,
    9.41649841e+02, 6.87153381e+02, 9.72223450e+02, 6.84811646e+02,
    1.00279919e+03, 6.82305359e+02, 1.03367090e+03, 6.80089966e+02,
    1.06477319e+03, 6.77554016e+02, 1.09598071e+03, 6.75311707e+02,
    9.44773743e+02, 7.17196777e+02, 9.75283813e+02, 7.14759338e+02,
    1.00586987e+03, 7.12634583e+02, 1.03664417e+03, 7.10395874e+02,
    1.06763733e+03, 7.08253540e+02, 1.09880884e+03, 7.05881409e+02 ]
