%YAML:1.0
---
points: [ 9.94504578e+02, 5.72515137e+02, 9.94755188e+02, 6.08584473e+02,
    9.95176392e+02, 6.44806824e+02, 9.95462585e+02, 6.81016357e+02,
    9.95671326e+02, 7.17494385e+02, 9.96106323e+02, 7.54054260e+02,
    9.58557007e+02, 5.72702942e+02, 9.58810669e+02, 6.08844727e+02,
    9.59120178e+02, 6.45085632e+02, 9.59364136e+02, 6.81293701e+02,
    9.59536255e+02, 7.17720093e+02, 9.59744385e+02, 7.54365784e+02,
    9.22580994e+02, 5.73007080e+02, 9.22724487e+02, 6.09169250e+02,
    9.23045349e+02, 6.45349426e+02, 9.23276062e+02, 6.81554565e+02,
    9.23430420e+02, 7.18088257e+02, 9.23585144e+02, 7.54647339e+02,
    8.86574707e+02, 5.73321960e+02, 8.86693176e+02, 6.09386414e+02,
    8.86853699e+02, 6.45547363e+02, 8.87072754e+02, 6.81761230e+02,
    8.87192688e+02, 7.18309753e+02, 8.87319397e+02, 7.54811340e+02,
    8.50653320e+02, 5.73560669e+02, 8.50773071e+02, 6.09546509e+02,
    8.50906555e+02, 6.45751709e+02, 8.50904358e+02, 6.81948730e+02,
    8.51128052e+02, 7.18459167e+02, 8.51123047e+02, 7.55087463e+02,
    8.15049011e+02, 5.73838745e+02, 8.15140076e+02, 6.09763611e+02,
    8.15067688e+02, 6.46105347e+02, 8.15119263e+02, 6.82199402e+02,
    8.15078308e+02, 7.18634949e+02, 8.14932495e+02, 7.55366699e+02,
    7.79362976e+02, 5.74185547e+02, 7.79312622e+02, 6.10155029e+02,
    7.79198364e+02, 6.46317383e+02, 7.79146851e+02, 6.82519165e+02,
    7.78951538e+02, 7.18871277e+02, 7.78695557e+02, 7.55706909e+02,
    7.43276123e+02, 5.74390747e+02, 7.43108704e+02, 6.10405273e+02,
    7.42839661e+02, 6.46568176e+02, 7.42571045e+02, 6.82948486e+02,
    7.42346924e+02, 7.19461487e+02, 7.42143127e+02, 7.56225952e+02 ]
