%YAML:1.0
---
points: [ 2.65039551e+02, 1.92683578e+02, 2.75730164e+02, 1.91517288e+02,
    2.86748718e+02, 1.90303391e+02, 2.97634064e+02, 1.89190216e+02,
    3.08788727e+02, 1.87953094e+02, 3.19881378e+02, 1.86691757e+02,
    2.66179413e+02, 2.03339142e+02, 2.77030273e+02, 2.02190140e+02,
    2.87812592e+02, 2.01121735e+02, 2.98756897e+02, 2.00067917e+02,
    3.09806244e+02, 1.98874527e+02, 3.20923584e+02, 1.97747070e+02,
    2.67370697e+02, 2.14047028e+02, 2.78148743e+02, 2.12983444e+02,
    2.88993713e+02, 2.11882034e+02, 2.99792633e+02, 2.10780014e+02,
    3.10941467e+02, 2.09681335e+02, 3.21982849e+02, 2.08592911e+02,
    2.68616425e+02, 2.24661438e+02, 2.79317627e+02, 2.23581909e+02,
    2.90106812e+02, 2.22575058e+02, 3.00983124e+02, 2.21538162e+02,
    3.11957642e+02, 2.20420151e+02, 3.23025146e+02, 2.19422623e+02,
    2.69751343e+02, 2.35085373e+02, 2.80494965e+02, 2.34134354e+02,
    2.91226593e+02, 2.33117554e+02, 3.02060242e+02, 2.32162094e+02,
    3.13025543e+02, 2.31143921e+02, 3.24010651e+02, 2.30143524e+02,
    2.70927216e+02, 2.45484772e+02, 2.81657166e+02, 2.44518661e+02,
    2.92379150e+02, 2.43541946e+02, 3.03158630e+02, 2.42651077e+02,
    3.14078644e+02, 2.41651230e+02, 3.25086182e+02, 2.40746429e+02,
    2.72141785e+02, 2.55836441e+02, 2.82751465e+02, 2.54932007e+02,
    2.93493469e+02, 2.54046036e+02, 3.04254181e+02, 2.53148331e+02,
    3.15124542e+02, 2.52294037e+02, 3.26105347e+02, 2.51307999e+02,
    2.73257904e+02, 2.66186707e+02, 2.83920776e+02, 2.65365295e+02,
    2.94570770e+02, 2.64539581e+02, 3.05365234e+02, 2.63700989e+02,
    3.16200195e+02, 2.62836029e+02, 3.27200317e+02, 2.62010834e+02 ]
