%YAML:1.0
---
points: [ 2.82980377e+02, 7.03146896e+01, 2.90063080e+02, 7.58267288e+01,
    2.97106659e+02, 8.12371216e+01, 3.04134247e+02, 8.65475464e+01,
    3.11128998e+02, 9.19478760e+01, 3.18093201e+02, 9.72421646e+01,
    2.77728088e+02, 7.78761292e+01, 2.84774170e+02, 8.32609634e+01,
    2.91851013e+02, 8.86444473e+01, 2.98833679e+02, 9.40112076e+01,
    3.05850830e+02, 9.93434601e+01, 3.12807007e+02, 1.04650734e+02,
    2.72473541e+02, 8.53537674e+01, 2.79592041e+02, 9.08033295e+01,
    2.86627594e+02, 9.60288544e+01, 2.93659485e+02, 1.01394363e+02,
    3.00598114e+02, 1.06698799e+02, 3.07549469e+02, 1.11966537e+02,
    2.67369934e+02, 9.28223419e+01, 2.74340820e+02, 9.81545258e+01,
    2.81474670e+02, 1.03542931e+02, 2.88413879e+02, 1.08714409e+02,
    2.95377777e+02, 1.13995094e+02, 3.02315582e+02, 1.19252388e+02,
    2.62221283e+02, 1.00196671e+02, 2.69263611e+02, 1.05504845e+02,
    2.76219421e+02, 1.10788208e+02, 2.83260925e+02, 1.16020073e+02,
    2.90170471e+02, 1.21267136e+02, 2.97093750e+02, 1.26443626e+02,
    2.57123657e+02, 1.07612549e+02, 2.64133881e+02, 1.12822296e+02,
    2.71234070e+02, 1.18065559e+02, 2.78112457e+02, 1.23321983e+02,
    2.85120514e+02, 1.28498901e+02, 2.91971985e+02, 1.33665604e+02,
    2.52023895e+02, 1.14786209e+02, 2.59085693e+02, 1.20057716e+02,
    2.66132050e+02, 1.25334557e+02, 2.73038666e+02, 1.30422485e+02,
    2.79944458e+02, 1.35644943e+02, 2.86866028e+02, 1.40769623e+02,
    2.47131119e+02, 1.21980598e+02, 2.53959259e+02, 1.27264244e+02,
    2.61108185e+02, 1.32437881e+02, 2.67898163e+02, 1.37560684e+02,
    2.74994690e+02, 1.42697357e+02, 2.81829163e+02, 1.47771515e+02 ]
