%YAML:1.0
---
points: [ 9.21859192e+02, 5.04683746e+02, 9.52880066e+02, 5.01777466e+02,
    9.84272400e+02, 4.98614288e+02, 1.01560211e+03, 4.95651764e+02,
    1.04716199e+03, 4.92460785e+02, 1.07904443e+03, 4.89448303e+02,
    9.25138123e+02, 5.35606140e+02, 9.56148254e+02, 5.32802856e+02,
    9.87246582e+02, 5.29729553e+02, 1.01854382e+03, 5.26903625e+02,
    1.05001636e+03, 5.23926758e+02, 1.08171228e+03, 5.20899475e+02,
    9.28485718e+02, 5.66513916e+02, 9.59441711e+02, 5.63762024e+02,
    9.90524292e+02, 5.60809692e+02, 1.02167810e+03, 5.58028442e+02,
    1.05315332e+03, 5.55223938e+02, 1.08476025e+03, 5.52340759e+02,
    9.31847229e+02, 5.97081787e+02, 9.62653809e+02, 5.94280518e+02,
    9.93598022e+02, 5.91615234e+02, 1.02461853e+03, 5.88750427e+02,
    1.05595740e+03, 5.86221436e+02, 1.08751709e+03, 5.83354675e+02,
    9.35153809e+02, 6.27408325e+02, 9.65806702e+02, 6.24587463e+02,
    9.96756226e+02, 6.22157837e+02, 1.02769214e+03, 6.19441711e+02,
    1.05893311e+03, 6.16850708e+02, 1.09046802e+03, 6.14072144e+02,
    9.38466553e+02, 6.57258301e+02, 9.69171387e+02, 6.54684814e+02,
    9.99822021e+02, 6.52254883e+02, 1.03070361e+03, 6.49707825e+02,
    1.06172937e+03, 6.47218811e+02, 1.09324390e+03, 6.44684021e+02,
    9.41685364e+02, 6.87077515e+02, 9.72220276e+02, 6.84755859e+02,
    1.00280994e+03, 6.82332886e+02, 1.03361853e+03, 6.80157288e+02,
    1.06470691e+03, 6.77531433e+02, 1.09608765e+03, 6.75293030e+02,
    9.44782349e+02, 7.17208862e+02, 9.75263367e+02, 7.14700256e+02,
    1.00588220e+03, 7.12611328e+02, 1.03665381e+03, 7.10368652e+02,
    1.06764380e+03, 7.08197205e+02, 1.09876355e+03, 7.05921936e+02 ]
