%YAML:1.0
---
points: [ 2.65073517e+02, 1.92692230e+02, 2.75790466e+02, 1.91474884e+02,
    2.86756683e+02, 1.90347366e+02, 2.97651520e+02, 1.89156738e+02,
    3.08798950e+02, 1.87958740e+02, 3.19830780e+02, 1.86684341e+02,
    2.66201965e+02, 2.03326126e+02, 2.77005127e+02, 2.02217285e+02,
    2.87809021e+02, 2.01169540e+02, 2.98713806e+02, 2.00054565e+02,
    3.09791656e+02, 1.98888885e+02, 3.20966278e+02, 1.97741684e+02,
    2.67407898e+02, 2.14082016e+02, 2.78145691e+02, 2.12995514e+02,
    2.89030365e+02, 2.11873856e+02, 2.99835693e+02, 2.10766174e+02,
    3.10931458e+02, 2.09689270e+02, 3.21953796e+02, 2.08601379e+02,
    2.68595184e+02, 2.24647842e+02, 2.79309937e+02, 2.23622513e+02,
    2.90127197e+02, 2.22537369e+02, 3.00991119e+02, 2.21529373e+02,
    3.11967316e+02, 2.20442169e+02, 3.23032593e+02, 2.19403214e+02,
    2.69740540e+02, 2.35070450e+02, 2.80498474e+02, 2.34135406e+02,
    2.91222931e+02, 2.33104385e+02, 3.02069885e+02, 2.32165512e+02,
    3.13041809e+02, 2.31139526e+02, 3.24039459e+02, 2.30134933e+02,
    2.70929535e+02, 2.45487930e+02, 2.81629333e+02, 2.44561127e+02,
    2.92368713e+02, 2.43600616e+02, 3.03152252e+02, 2.42672073e+02,
    3.14058136e+02, 2.41645599e+02, 3.25064209e+02, 2.40732300e+02,
    2.72141907e+02, 2.55814194e+02, 2.82751923e+02, 2.54908813e+02,
    2.93460022e+02, 2.54054199e+02, 3.04271210e+02, 2.53145508e+02,
    3.15123932e+02, 2.52240097e+02, 3.26074280e+02, 2.51287964e+02,
    2.73260681e+02, 2.66208099e+02, 2.83960999e+02, 2.65374664e+02,
    2.94574677e+02, 2.64497406e+02, 3.05369995e+02, 2.63690582e+02,
    3.16192505e+02, 2.62851990e+02, 3.27222565e+02, 2.61942047e+02 ]
