%YAML:1.0
---
points: [ 3.42895081e+02, 1.59122787e+02, 3.50048065e+02, 1.64001053e+02,
    3.57247314e+02, 1.69054428e+02, 3.64381622e+02, 1.74007431e+02,
    3.71505310e+02, 1.79076553e+02, 3.78844452e+02, 1.84064758e+02,
    3.37771515e+02, 1.66145966e+02, 3.44688049e+02, 1.71208099e+02,
    3.51892151e+02, 1.76147324e+02, 3.58939819e+02, 1.81159943e+02,
    3.66161713e+02, 1.86082870e+02, 3.73310608e+02, 1.91159927e+02,
    3.32400208e+02, 1.73363144e+02, 3.39507690e+02, 1.78187363e+02,
    3.46515594e+02, 1.83186172e+02, 3.53670197e+02, 1.88114853e+02,
    3.60783691e+02, 1.93084763e+02, 3.67927063e+02, 1.98105515e+02,
    3.27227692e+02, 1.80261246e+02, 3.34247284e+02, 1.85222733e+02,
    3.41350677e+02, 1.90022705e+02, 3.48270966e+02, 1.95081024e+02,
    3.55402405e+02, 1.99999817e+02, 3.62512787e+02, 2.04994431e+02,
    3.21995758e+02, 1.87206680e+02, 3.29107910e+02, 1.92009674e+02,
    3.36137177e+02, 1.97021057e+02, 3.43097382e+02, 2.01805878e+02,
    3.50165375e+02, 2.06838898e+02, 3.57176544e+02, 2.11781189e+02,
    3.17119293e+02, 1.93834457e+02, 3.24007172e+02, 1.98874222e+02,
    3.31016083e+02, 2.03706955e+02, 3.37905609e+02, 2.08640747e+02,
    3.44937317e+02, 2.13542313e+02, 3.51903595e+02, 2.18537918e+02,
    3.12108795e+02, 2.00704300e+02, 3.19054077e+02, 2.05596161e+02,
    3.25949432e+02, 2.10431015e+02, 3.32841278e+02, 2.15364288e+02,
    3.39779938e+02, 2.20329910e+02, 3.46774109e+02, 2.25266022e+02,
    3.07206421e+02, 2.07249954e+02, 3.13985535e+02, 2.12211212e+02,
    3.20900238e+02, 2.17023361e+02, 3.27727325e+02, 2.22088882e+02,
    3.34788116e+02, 2.26990189e+02, 3.41650543e+02, 2.31952499e+02 ]
