%YAML:1.0
---
points: [ 9.64658813e+02, 5.06843323e+02, 9.95626343e+02, 5.03326355e+02,
    1.02686743e+03, 5.00110748e+02, 1.05833484e+03, 4.96677338e+02,
    1.08996265e+03, 4.93298126e+02, 1.12196545e+03, 4.89939178e+02,
    9.68366943e+02, 5.37656006e+02, 9.99182617e+02, 5.34437561e+02,
    1.03026917e+03, 5.31124390e+02, 1.06152820e+03, 5.27973389e+02,
    1.09320520e+03, 5.24638000e+02, 1.12524402e+03, 5.21433838e+02,
    9.71739319e+02, 5.68358032e+02, 1.00263708e+03, 5.65293396e+02,
    1.03359692e+03, 5.62168091e+02, 1.06482788e+03, 5.59107117e+02,
    1.09642297e+03, 5.55865723e+02, 1.12840771e+03, 5.52887939e+02,
    9.75367554e+02, 5.98642639e+02, 1.00623724e+03, 5.95797668e+02,
    1.03720325e+03, 5.92756897e+02, 1.06842053e+03, 5.89978455e+02,
    1.09979089e+03, 5.86818665e+02, 1.13162476e+03, 5.83849609e+02,
    9.79035706e+02, 6.28930969e+02, 1.00965051e+03, 6.26173645e+02,
    1.04046985e+03, 6.23280029e+02, 1.07142346e+03, 6.20514160e+02,
    1.10286902e+03, 6.17739502e+02, 1.13451709e+03, 6.14762390e+02,
    9.82424988e+02, 6.58927124e+02, 1.01302649e+03, 6.56190125e+02,
    1.04385144e+03, 6.53538757e+02, 1.07478137e+03, 6.50729675e+02,
    1.10628503e+03, 6.48339539e+02, 1.13777759e+03, 6.45498901e+02,
    9.85881897e+02, 6.88559875e+02, 1.01657513e+03, 6.86260620e+02,
    1.04727039e+03, 6.83592468e+02, 1.07811023e+03, 6.81234497e+02,
    1.10933130e+03, 6.78631775e+02, 1.14081775e+03, 6.76168274e+02,
    9.89463135e+02, 7.18479614e+02, 1.01974200e+03, 7.16351135e+02,
    1.05030286e+03, 7.13801331e+02, 1.08128101e+03, 7.11694336e+02,
    1.11247327e+03, 7.09309326e+02, 1.14388354e+03, 7.06954956e+02 ]
