%YAML:1.0
---
points: [ 2.79807434e+02, 1.93205994e+02, 2.90593170e+02, 1.92007294e+02,
    3.01555176e+02, 1.90691528e+02, 3.12531158e+02, 1.89358047e+02,
    3.23724731e+02, 1.88123672e+02, 3.34953125e+02, 1.86680374e+02,
    2.81037231e+02, 2.03857162e+02, 2.91920380e+02, 2.02698135e+02,
    3.02834930e+02, 2.01459656e+02, 3.13759186e+02, 2.00183212e+02,
    3.24837769e+02, 1.98956863e+02, 3.36101074e+02, 1.97775558e+02,
    2.82376892e+02, 2.14561600e+02, 2.93106903e+02, 2.13329926e+02,
    3.04021179e+02, 2.12155914e+02, 3.14849335e+02, 2.10951309e+02,
    3.26075836e+02, 2.09823456e+02, 3.37254425e+02, 2.08637024e+02,
    2.83667084e+02, 2.25152893e+02, 2.94396698e+02, 2.23921127e+02,
    3.05240356e+02, 2.22826614e+02, 3.16166290e+02, 2.21730728e+02,
    3.27212433e+02, 2.20614960e+02, 3.38478027e+02, 2.19455811e+02,
    2.84955261e+02, 2.35505920e+02, 2.95692505e+02, 2.34491013e+02,
    3.06477875e+02, 2.33435196e+02, 3.17377808e+02, 2.32379898e+02,
    3.28388916e+02, 2.31310120e+02, 3.39565155e+02, 2.30267746e+02,
    2.86171417e+02, 2.45942322e+02, 2.96893616e+02, 2.44899963e+02,
    3.07708252e+02, 2.43930588e+02, 3.18591797e+02, 2.42870499e+02,
    3.29595734e+02, 2.41885635e+02, 3.40650879e+02, 2.40912445e+02,
    2.87474823e+02, 2.56290497e+02, 2.98174286e+02, 2.55289139e+02,
    3.08966919e+02, 2.54365265e+02, 3.19792847e+02, 2.53415985e+02,
    3.30753052e+02, 2.52569122e+02, 3.41877747e+02, 2.51569290e+02,
    2.88752777e+02, 2.66613556e+02, 2.99396820e+02, 2.65809052e+02,
    3.10093323e+02, 2.64915619e+02, 3.20970703e+02, 2.64060547e+02,
    3.31936676e+02, 2.63172913e+02, 3.43104736e+02, 2.62270050e+02 ]
