%YAML:1.0
---
points: [ 2.79793182e+02, 1.93186981e+02, 2.90565948e+02, 1.91962601e+02,
    3.01586700e+02, 1.90627533e+02, 3.12519348e+02, 1.89307465e+02,
    3.23739655e+02, 1.88073364e+02, 3.34935760e+02, 1.86705292e+02,
    2.81044647e+02, 2.03894760e+02, 2.91893646e+02, 2.02693527e+02,
    3.02725739e+02, 2.01389847e+02, 3.13740692e+02, 2.00171478e+02,
    3.24829590e+02, 1.98927475e+02, 3.36111603e+02, 1.97756439e+02,
    2.82360870e+02, 2.14579971e+02, 2.93106140e+02, 2.13351578e+02,
    3.03972931e+02, 2.12195770e+02, 3.14897614e+02, 2.11017944e+02,
    3.26038177e+02, 2.09831696e+02, 3.37248505e+02, 2.08624542e+02,
    2.83627625e+02, 2.25118927e+02, 2.94398071e+02, 2.23894836e+02,
    3.05192841e+02, 2.22815002e+02, 3.16175507e+02, 2.21727203e+02,
    3.27229858e+02, 2.20596817e+02, 3.38411438e+02, 2.19485413e+02,
    2.84969666e+02, 2.35502838e+02, 2.95667938e+02, 2.34464462e+02,
    3.06482544e+02, 2.33425430e+02, 3.17348724e+02, 2.32357437e+02,
    3.28390198e+02, 2.31276764e+02, 3.39531128e+02, 2.30194443e+02,
    2.86214630e+02, 2.45955704e+02, 2.96877472e+02, 2.44910217e+02,
    3.07727875e+02, 2.43914398e+02, 3.18549408e+02, 2.42876678e+02,
    3.29610077e+02, 2.41915192e+02, 3.40685181e+02, 2.40872269e+02,
    2.87467560e+02, 2.56241211e+02, 2.98165833e+02, 2.55278900e+02,
    3.08938080e+02, 2.54389130e+02, 3.19783386e+02, 2.53433044e+02,
    3.30710876e+02, 2.52489090e+02, 3.41822662e+02, 2.51551788e+02,
    2.88731171e+02, 2.66597900e+02, 2.99444458e+02, 2.65755371e+02,
    3.10101349e+02, 2.64895935e+02, 3.20940979e+02, 2.64025116e+02,
    3.31945343e+02, 2.63194580e+02, 3.43113342e+02, 2.62238831e+02 ]
