%YAML:1.0
---
points: [ 1.16542969e+03, 9.18351929e+02, 1.16482275e+03, 8.79344177e+02,
    1.16420911e+03, 8.40362793e+02, 1.16355908e+03, 8.01911560e+02,
    1.16273401e+03, 7.63649719e+02, 1.16210181e+03, 7.25330750e+02,
    1.20331104e+03, 9.17879333e+02, 1.20245752e+03, 8.78761292e+02,
    1.20165198e+03, 8.39938232e+02, 1.20086829e+03, 8.01646545e+02,
    1.20033398e+03, 7.63435791e+02, 1.19953540e+03, 7.25236511e+02,
    1.24132117e+03, 9.17681641e+02, 1.24027295e+03, 8.78652466e+02,
    1.23935425e+03, 8.39848267e+02, 1.23849597e+03, 8.01613892e+02,
    1.23762964e+03, 7.63309570e+02, 1.23693457e+03, 7.25196533e+02,
    1.27952930e+03, 9.17808167e+02, 1.27851111e+03, 8.78825439e+02,
    1.27751758e+03, 8.39990540e+02, 1.27645715e+03, 8.01618347e+02,
    1.27546338e+03, 7.63324463e+02, 1.27457043e+03, 7.25015259e+02,
    1.31770801e+03, 9.17920837e+02, 1.31662170e+03, 8.78890991e+02,
    1.31564417e+03, 8.40093506e+02, 1.31457385e+03, 8.01643860e+02,
    1.31343677e+03, 7.63395996e+02, 1.31242346e+03, 7.25092102e+02,
    1.35626379e+03, 9.18159668e+02, 1.35516199e+03, 8.79152344e+02,
    1.35387793e+03, 8.40141907e+02, 1.35273828e+03, 8.01648682e+02,
    1.35160046e+03, 7.63460571e+02, 1.35039172e+03, 7.25143005e+02,
    1.39451245e+03, 9.18020142e+02, 1.39322437e+03, 8.78961914e+02,
    1.39208667e+03, 8.40153076e+02, 1.39075317e+03, 8.01764160e+02,
    1.38971533e+03, 7.63425842e+02, 1.38853406e+03, 7.25089844e+02,
    1.43265015e+03, 9.17880615e+02, 1.43145923e+03, 8.78987488e+02,
    1.43007141e+03, 8.40160950e+02, 1.42885559e+03, 8.01688782e+02,
    1.42765710e+03, 7.63368347e+02, 1.42649585e+03, 7.25046204e+02 ]
