%YAML:1.0
---
points: [ 2.07790314e+02, 1.55808273e+02, 2.14607712e+02, 1.60634216e+02,
    2.21471054e+02, 1.65397232e+02, 2.28156494e+02, 1.70192520e+02,
    2.34946686e+02, 1.74947571e+02, 2.41600800e+02, 1.79611465e+02,
    2.03264404e+02, 1.62589188e+02, 2.10113235e+02, 1.67389191e+02,
    2.16879181e+02, 1.72187851e+02, 2.23592087e+02, 1.76853531e+02,
    2.30372467e+02, 1.81625244e+02, 2.37139313e+02, 1.86371460e+02,
    1.98753632e+02, 1.69401855e+02, 2.05505066e+02, 1.74107651e+02,
    2.12288513e+02, 1.78892181e+02, 2.19016968e+02, 1.83619461e+02,
    2.25793503e+02, 1.88331604e+02, 2.32408386e+02, 1.93021072e+02,
    1.94253113e+02, 1.76067291e+02, 2.01030960e+02, 1.80856461e+02,
    2.07823914e+02, 1.85549866e+02, 2.14490906e+02, 1.90240112e+02,
    2.21203278e+02, 1.94904953e+02, 2.27870667e+02, 1.99624390e+02,
    1.89770340e+02, 1.82771240e+02, 1.96594849e+02, 1.87437653e+02,
    2.03287720e+02, 1.92228424e+02, 2.10018738e+02, 1.96861893e+02,
    2.16779495e+02, 2.01559647e+02, 2.23304977e+02, 2.06254242e+02,
    1.85387650e+02, 1.89355530e+02, 1.92106018e+02, 1.94115204e+02,
    1.98874802e+02, 1.98727341e+02, 2.05583618e+02, 2.03334930e+02,
    2.12252380e+02, 2.08033813e+02, 2.18881195e+02, 2.12717072e+02,
    1.80919724e+02, 1.95946350e+02, 1.87683929e+02, 2.00596146e+02,
    1.94474869e+02, 2.05242661e+02, 2.01056763e+02, 2.09881897e+02,
    2.07729477e+02, 2.14616562e+02, 2.14284561e+02, 2.19274307e+02,
    1.76551193e+02, 2.02506348e+02, 1.83243546e+02, 2.07108490e+02,
    1.89900543e+02, 2.11855713e+02, 1.96569092e+02, 2.16427582e+02,
    2.03254913e+02, 2.21107315e+02, 2.09898361e+02, 2.25579651e+02 ]
