%YAML:1.0
---
points: [ 9.64616272e+02, 5.06816925e+02, 9.95651489e+02, 5.03325928e+02,
    1.02688672e+03, 5.00047455e+02, 1.05833484e+03, 4.96767426e+02,
    1.08996765e+03, 4.93246216e+02, 1.12200208e+03, 4.89890533e+02,
    9.68320312e+02, 5.37687134e+02, 9.99187378e+02, 5.34381897e+02,
    1.03024146e+03, 5.31158813e+02, 1.06150513e+03, 5.27927734e+02,
    1.09325745e+03, 5.24612488e+02, 1.12519507e+03, 5.21439087e+02,
    9.71665527e+02, 5.68323242e+02, 1.00256512e+03, 5.65254761e+02,
    1.03361890e+03, 5.62153137e+02, 1.06485120e+03, 5.59128540e+02,
    1.09641223e+03, 5.55823975e+02, 1.12837769e+03, 5.52809082e+02,
    9.75344727e+02, 5.98619324e+02, 1.00624805e+03, 5.95792847e+02,
    1.03718237e+03, 5.92772705e+02, 1.06838855e+03, 5.89887512e+02,
    1.09974719e+03, 5.86756836e+02, 1.13159021e+03, 5.83757324e+02,
    9.79095703e+02, 6.28832214e+02, 1.00960126e+03, 6.26122131e+02,
    1.04043262e+03, 6.23253296e+02, 1.07141528e+03, 6.20537720e+02,
    1.10285364e+03, 6.17656189e+02, 1.13449683e+03, 6.14695923e+02,
    9.82420410e+02, 6.58909607e+02, 1.01306714e+03, 6.56146240e+02,
    1.04381970e+03, 6.53561707e+02, 1.07474707e+03, 6.50728333e+02,
    1.10620740e+03, 6.48246582e+02, 1.13773596e+03, 6.45415466e+02,
    9.85931458e+02, 6.88557312e+02, 1.01653650e+03, 6.86213562e+02,
    1.04724841e+03, 6.83521057e+02, 1.07811035e+03, 6.81173767e+02,
    1.10928589e+03, 6.78580994e+02, 1.14080457e+03, 6.76123901e+02,
    9.89445374e+02, 7.18450195e+02, 1.01972839e+03, 7.16283447e+02,
    1.05033948e+03, 7.13746277e+02, 1.08125806e+03, 7.11694214e+02,
    1.11242395e+03, 7.09255554e+02, 1.14394727e+03, 7.06869629e+02 ]
