%YAML:1.0
---
points: [ 3.03061554e+02, 1.72257706e+02, 3.14188171e+02, 1.70932068e+02,
    3.25392609e+02, 1.69436371e+02, 3.37082245e+02, 1.67946228e+02,
    3.48692902e+02, 1.66611862e+02, 3.60464996e+02, 1.65102936e+02,
    3.04320831e+02, 1.83286911e+02, 3.15759888e+02, 1.81952850e+02,
    3.26668976e+02, 1.80650467e+02, 3.38275360e+02, 1.79351227e+02,
    3.49760315e+02, 1.77838333e+02, 3.61552368e+02, 1.76442734e+02,
    3.05749634e+02, 1.94202576e+02, 3.16721313e+02, 1.92940063e+02,
    3.28051910e+02, 1.91664841e+02, 3.39309296e+02, 1.90401749e+02,
    3.50922058e+02, 1.89133881e+02, 3.62684143e+02, 1.87767288e+02,
    3.06854553e+02, 2.05034561e+02, 3.17902191e+02, 2.03853516e+02,
    3.29079926e+02, 2.02591278e+02, 3.40496826e+02, 2.01417526e+02,
    3.52005280e+02, 2.00178680e+02, 3.63770233e+02, 1.98937103e+02,
    3.08052673e+02, 2.15681290e+02, 3.19159790e+02, 2.14544678e+02,
    3.30370361e+02, 2.13532791e+02, 3.41616791e+02, 2.12392700e+02,
    3.53155853e+02, 2.11271515e+02, 3.64809998e+02, 2.10072556e+02,
    3.09358521e+02, 2.26369949e+02, 3.20428467e+02, 2.25298355e+02,
    3.31580597e+02, 2.24303436e+02, 3.42835358e+02, 2.23211899e+02,
    3.54273987e+02, 2.22159760e+02, 3.65917236e+02, 2.21106186e+02,
    3.10588440e+02, 2.36860397e+02, 3.21646057e+02, 2.35976212e+02,
    3.32712128e+02, 2.34998611e+02, 3.43974365e+02, 2.34058228e+02,
    3.55423218e+02, 2.33072601e+02, 3.66985748e+02, 2.32048599e+02,
    3.11805511e+02, 2.47410126e+02, 3.22905884e+02, 2.46578568e+02,
    3.33897858e+02, 2.45776596e+02, 3.45190338e+02, 2.44887939e+02,
    3.56570190e+02, 2.43965729e+02, 3.68143707e+02, 2.43080963e+02 ]
