%YAML:1.0
---
points: [ 1.03113513e+03, 4.47412018e+02, 1.06286853e+03, 4.43822632e+02,
    1.09502124e+03, 4.39844788e+02, 1.12739612e+03, 4.36227936e+02,
    1.16022217e+03, 4.32608032e+02, 1.19350110e+03, 4.28648468e+02,
    1.03451062e+03, 4.78927795e+02, 1.06628625e+03, 4.75530823e+02,
    1.09826038e+03, 4.71904266e+02, 1.13060669e+03, 4.68442596e+02,
    1.16345288e+03, 4.64941406e+02, 1.19653259e+03, 4.61211212e+02,
    1.03824756e+03, 5.10287018e+02, 1.06969751e+03, 5.07103760e+02,
    1.10161243e+03, 5.03630859e+02, 1.13373022e+03, 5.00446655e+02,
    1.16644312e+03, 4.97129791e+02, 1.19962170e+03, 4.93557861e+02,
    1.04171436e+03, 5.41383911e+02, 1.07333960e+03, 5.38412170e+02,
    1.10511389e+03, 5.35206482e+02, 1.13730969e+03, 5.32177490e+02,
    1.16963721e+03, 5.28851196e+02, 1.20256042e+03, 5.25631775e+02,
    1.04517419e+03, 5.72386963e+02, 1.07649268e+03, 5.69608765e+02,
    1.10827576e+03, 5.66501160e+02, 1.14026465e+03, 5.63602722e+02,
    1.17273792e+03, 5.60585449e+02, 1.20567334e+03, 5.57519287e+02,
    1.04865515e+03, 6.02909851e+02, 1.08004675e+03, 6.00271851e+02,
    1.11160168e+03, 5.97525635e+02, 1.14345593e+03, 5.94698792e+02,
    1.17573633e+03, 5.91960205e+02, 1.20860474e+03, 5.89185730e+02,
    1.05216431e+03, 6.33380615e+02, 1.08335193e+03, 6.30757751e+02,
    1.11484314e+03, 6.28380920e+02, 1.14666663e+03, 6.25639587e+02,
    1.17898999e+03, 6.23292175e+02, 1.21175818e+03, 6.20631775e+02,
    1.05531128e+03, 6.63766052e+02, 1.08651147e+03, 6.61476318e+02,
    1.11787634e+03, 6.59365173e+02, 1.14972156e+03, 6.56848511e+02,
    1.18202881e+03, 6.54614563e+02, 1.21464197e+03, 6.52166321e+02 ]
