%YAML:1.0
---
points: [ 1.37829309e+03, 5.82972229e+02, 1.37936316e+03, 6.20121582e+02,
    1.38049182e+03, 6.57206604e+02, 1.38168726e+03, 6.94433777e+02,
    1.38293970e+03, 7.31993042e+02, 1.38427136e+03, 7.69556641e+02,
    1.34143188e+03, 5.83360657e+02, 1.34248193e+03, 6.20428040e+02,
    1.34357642e+03, 6.57538574e+02, 1.34477576e+03, 6.94822144e+02,
    1.34587744e+03, 7.32391663e+02, 1.34720471e+03, 7.69990906e+02,
    1.30453015e+03, 5.83656311e+02, 1.30557544e+03, 6.20768127e+02,
    1.30660193e+03, 6.58007568e+02, 1.30777136e+03, 6.95301758e+02,
    1.30889697e+03, 7.32700745e+02, 1.31020361e+03, 7.70511169e+02,
    1.26767419e+03, 5.84157104e+02, 1.26857935e+03, 6.21195312e+02,
    1.26960339e+03, 6.58387268e+02, 1.27056641e+03, 6.95580505e+02,
    1.27159692e+03, 7.33118225e+02, 1.27286365e+03, 7.70666626e+02,
    1.23088684e+03, 5.84476074e+02, 1.23172058e+03, 6.21566040e+02,
    1.23261365e+03, 6.58649170e+02, 1.23355420e+03, 6.95885071e+02,
    1.23449023e+03, 7.33443665e+02, 1.23557837e+03, 7.70981934e+02,
    1.19426807e+03, 5.84803772e+02, 1.19496790e+03, 6.21974304e+02,
    1.19575757e+03, 6.59099426e+02, 1.19651550e+03, 6.96358459e+02,
    1.19745947e+03, 7.33717896e+02, 1.19843005e+03, 7.71405212e+02,
    1.15770923e+03, 5.85286011e+02, 1.15853650e+03, 6.22409607e+02,
    1.15921741e+03, 6.59547668e+02, 1.15987476e+03, 6.96669678e+02,
    1.16059985e+03, 7.34217590e+02, 1.16149268e+03, 7.71897644e+02,
    1.12118945e+03, 5.85619446e+02, 1.12181982e+03, 6.22690063e+02,
    1.12249756e+03, 6.60018860e+02, 1.12317957e+03, 6.97329956e+02,
    1.12385107e+03, 7.34784363e+02, 1.12456445e+03, 7.72532166e+02 ]
