%YAML:1.0
---
points: [ 3.02992432e+02, 1.72246552e+02, 3.14384674e+02, 1.70786423e+02,
    3.25505920e+02, 1.69416122e+02, 3.37114868e+02, 1.67978943e+02,
    3.48730896e+02, 1.66599091e+02, 3.60488556e+02, 1.65107712e+02,
    3.04244934e+02, 1.83302628e+02, 3.15759430e+02, 1.81936462e+02,
    3.26686249e+02, 1.80668091e+02, 3.38286743e+02, 1.79340942e+02,
    3.49791656e+02, 1.77866638e+02, 3.61583282e+02, 1.76490219e+02,
    3.05734528e+02, 1.94230423e+02, 3.16729279e+02, 1.92925446e+02,
    3.28041595e+02, 1.91679016e+02, 3.39360107e+02, 1.90421982e+02,
    3.50965057e+02, 1.89073883e+02, 3.62675507e+02, 1.87801712e+02,
    3.06834412e+02, 2.05023605e+02, 3.17920410e+02, 2.03853302e+02,
    3.29099030e+02, 2.02633286e+02, 3.40495819e+02, 2.01417862e+02,
    3.52037872e+02, 2.00214066e+02, 3.63753540e+02, 1.98942917e+02,
    3.08073639e+02, 2.15677429e+02, 3.19214905e+02, 2.14531540e+02,
    3.30341217e+02, 2.13522491e+02, 3.41653107e+02, 2.12437714e+02,
    3.53145142e+02, 2.11261978e+02, 3.64827057e+02, 2.10086868e+02,
    3.09374451e+02, 2.26358826e+02, 3.20385712e+02, 2.25307159e+02,
    3.31591644e+02, 2.24306900e+02, 3.42839996e+02, 2.23228012e+02,
    3.54271179e+02, 2.22132874e+02, 3.65919739e+02, 2.21116455e+02,
    3.10636414e+02, 2.36893524e+02, 3.21634521e+02, 2.36012543e+02,
    3.32737396e+02, 2.34975601e+02, 3.43997711e+02, 2.34058807e+02,
    3.55451660e+02, 2.33096176e+02, 3.66985168e+02, 2.32050354e+02,
    3.11813446e+02, 2.47395920e+02, 3.22868530e+02, 2.46572815e+02,
    3.33916626e+02, 2.45806992e+02, 3.45154907e+02, 2.44908997e+02,
    3.56573517e+02, 2.43987396e+02, 3.68156403e+02, 2.43081451e+02 ]
