%YAML:1.0
---
points: [ 1.03122595e+03, 4.47407623e+02, 1.06298035e+03, 4.43766663e+02,
    1.09503394e+03, 4.40055511e+02, 1.12739771e+03, 4.36313324e+02,
    1.16025903e+03, 4.32614685e+02, 1.19354053e+03, 4.28643585e+02,
    1.03450537e+03, 4.78914337e+02, 1.06630017e+03, 4.75543579e+02,
    1.09829785e+03, 4.71988190e+02, 1.13064917e+03, 4.68445740e+02,
    1.16351721e+03, 4.64917786e+02, 1.19652747e+03, 4.61245453e+02,
    1.03825220e+03, 5.10368713e+02, 1.06973560e+03, 5.07122803e+02,
    1.10162500e+03, 5.03635498e+02, 1.13379541e+03, 5.00459351e+02,
    1.16648193e+03, 4.97181549e+02, 1.19971130e+03, 4.93554138e+02,
    1.04178479e+03, 5.41443542e+02, 1.07336646e+03, 5.38440918e+02,
    1.10511768e+03, 5.35231873e+02, 1.13731323e+03, 5.32277649e+02,
    1.16962878e+03, 5.28927612e+02, 1.20260730e+03, 5.25635498e+02,
    1.04519092e+03, 5.72363220e+02, 1.07652490e+03, 5.69623291e+02,
    1.10825708e+03, 5.66537537e+02, 1.14026929e+03, 5.63593628e+02,
    1.17274988e+03, 5.60620850e+02, 1.20569482e+03, 5.57577515e+02,
    1.04867053e+03, 6.02951965e+02, 1.08012073e+03, 6.00327026e+02,
    1.11165100e+03, 5.97553223e+02, 1.14347131e+03, 5.94723450e+02,
    1.17574438e+03, 5.91945801e+02, 1.20862061e+03, 5.89220459e+02,
    1.05217834e+03, 6.33409729e+02, 1.08336780e+03, 6.30720886e+02,
    1.11487402e+03, 6.28357788e+02, 1.14665747e+03, 6.25712097e+02,
    1.17908130e+03, 6.23253784e+02, 1.21183765e+03, 6.20655945e+02,
    1.05534241e+03, 6.63804810e+02, 1.08656531e+03, 6.61451538e+02,
    1.11799585e+03, 6.59401855e+02, 1.14970471e+03, 6.56822693e+02,
    1.18198071e+03, 6.54658264e+02, 1.21476685e+03, 6.52227661e+02 ]
