%YAML:1.0
---
points: [ 7.03476746e+02, 4.85194733e+02, 7.32447205e+02, 4.81881439e+02,
    7.61290955e+02, 4.78775543e+02, 7.90509827e+02, 4.75748871e+02,
    8.20012512e+02, 4.72462250e+02, 8.49808533e+02, 4.69479004e+02,
    7.07617920e+02, 5.15148865e+02, 7.36553528e+02, 5.12277161e+02,
    7.65330078e+02, 5.09170166e+02, 7.94492554e+02, 5.06352081e+02,
    8.23767212e+02, 5.03264313e+02, 8.53647888e+02, 5.00339691e+02,
    7.11816101e+02, 5.45133057e+02, 7.40468445e+02, 5.42286987e+02,
    7.69387512e+02, 5.39469910e+02, 7.98287964e+02, 5.36699097e+02,
    8.27661194e+02, 5.33849426e+02, 8.57413696e+02, 5.30876160e+02,
    7.16255615e+02, 5.74670105e+02, 7.44621765e+02, 5.72074158e+02,
    7.73454529e+02, 5.69581970e+02, 8.02361450e+02, 5.66742920e+02,
    8.31696106e+02, 5.64299255e+02, 8.61165405e+02, 5.61478210e+02,
    7.20341003e+02, 6.04188416e+02, 7.48677246e+02, 6.01688904e+02,
    7.77320007e+02, 5.99194946e+02, 8.06307922e+02, 5.96812561e+02,
    8.35447266e+02, 5.94389099e+02, 8.65086548e+02, 5.91743225e+02,
    7.24340576e+02, 6.33429932e+02, 7.52863220e+02, 6.31042480e+02,
    7.81384277e+02, 6.28735718e+02, 8.10256653e+02, 6.26471802e+02,
    8.39343018e+02, 6.24188965e+02, 8.68955627e+02, 6.21853455e+02,
    7.28314819e+02, 6.62415649e+02, 7.56624939e+02, 6.60368835e+02,
    7.85332458e+02, 6.58317566e+02, 8.13789246e+02, 6.56003479e+02,
    8.43130005e+02, 6.53925476e+02, 8.72411621e+02, 6.51711121e+02,
    7.32256531e+02, 6.91589478e+02, 7.60284912e+02, 6.89682129e+02,
    7.88731079e+02, 6.87635498e+02, 8.17399353e+02, 6.85869080e+02,
    8.46342957e+02, 6.83834167e+02, 8.75731262e+02, 6.81838379e+02 ]
