%YAML:1.0
---
points: [ 1.88574661e+02, 1.86439346e+02, 1.98684509e+02, 1.85303375e+02,
    2.08842377e+02, 1.84118790e+02, 2.19018753e+02, 1.82979980e+02,
    2.29435989e+02, 1.81739944e+02, 2.39831833e+02, 1.80604126e+02,
    1.90053375e+02, 1.96946518e+02, 2.00137985e+02, 1.95796280e+02,
    2.10275238e+02, 1.94703766e+02, 2.20522095e+02, 1.93558060e+02,
    2.30744156e+02, 1.92377060e+02, 2.41213684e+02, 1.91294281e+02,
    1.91620819e+02, 2.07254929e+02, 2.01670532e+02, 2.06252060e+02,
    2.11718506e+02, 2.05164169e+02, 2.21843231e+02, 2.04145142e+02,
    2.32139908e+02, 2.03071945e+02, 2.42559097e+02, 2.01982025e+02,
    1.93091934e+02, 2.17602737e+02, 2.03085327e+02, 2.16500122e+02,
    2.13148010e+02, 2.15559769e+02, 2.23268372e+02, 2.14581100e+02,
    2.33567749e+02, 2.13566605e+02, 2.43934494e+02, 2.12513046e+02,
    1.94606354e+02, 2.27798859e+02, 2.04612625e+02, 2.26860474e+02,
    2.14601944e+02, 2.25905212e+02, 2.24699127e+02, 2.24948486e+02,
    2.34885284e+02, 2.23998322e+02, 2.45238983e+02, 2.23037964e+02,
    1.96011337e+02, 2.37962967e+02, 2.05962372e+02, 2.37037155e+02,
    2.15935715e+02, 2.36139679e+02, 2.26124969e+02, 2.35207886e+02,
    2.36333374e+02, 2.34302963e+02, 2.46643372e+02, 2.33430054e+02,
    1.97415436e+02, 2.48019409e+02, 2.07350571e+02, 2.47171616e+02,
    2.17363358e+02, 2.46283707e+02, 2.27410400e+02, 2.45488586e+02,
    2.37577820e+02, 2.44655090e+02, 2.47851715e+02, 2.43806976e+02,
    1.98813278e+02, 2.58132904e+02, 2.08636993e+02, 2.57300049e+02,
    2.18660187e+02, 2.56559723e+02, 2.28701691e+02, 2.55821625e+02,
    2.38832031e+02, 2.55043625e+02, 2.49124924e+02, 2.54243561e+02 ]
