%YAML:1.0
---
points: [ 1.86187805e+03, 4.66006317e+02, 1.86390491e+03, 5.02407623e+02,
    1.86589258e+03, 5.38737061e+02, 1.86796912e+03, 5.75152283e+02,
    1.86979663e+03, 6.11758118e+02, 1.87152588e+03, 6.48427979e+02,
    1.82437927e+03, 4.66672638e+02, 1.82636365e+03, 5.03005066e+02,
    1.82837219e+03, 5.39399597e+02, 1.83033740e+03, 5.75714294e+02,
    1.83232861e+03, 6.12277649e+02, 1.83397729e+03, 6.48904541e+02,
    1.78652539e+03, 4.67459625e+02, 1.78852087e+03, 5.03581635e+02,
    1.79046021e+03, 5.39867432e+02, 1.79236438e+03, 5.76188904e+02,
    1.79443591e+03, 6.12745972e+02, 1.79624377e+03, 6.49429016e+02,
    1.74863647e+03, 4.68312683e+02, 1.75046680e+03, 5.04347260e+02,
    1.75248132e+03, 5.40527832e+02, 1.75424438e+03, 5.76683044e+02,
    1.75611914e+03, 6.13179749e+02, 1.75799829e+03, 6.49740295e+02,
    1.71097192e+03, 4.69210724e+02, 1.71259351e+03, 5.05110107e+02,
    1.71449500e+03, 5.41185486e+02, 1.71640515e+03, 5.77274353e+02,
    1.71799341e+03, 6.13581055e+02, 1.71974744e+03, 6.50105774e+02,
    1.67349011e+03, 4.69899384e+02, 1.67494922e+03, 5.05873749e+02,
    1.67655542e+03, 5.41780090e+02, 1.67834814e+03, 5.77748169e+02,
    1.67997119e+03, 6.14098083e+02, 1.68169055e+03, 6.50458984e+02,
    1.63631055e+03, 4.70663757e+02, 1.63775000e+03, 5.06594666e+02,
    1.63932117e+03, 5.42496521e+02, 1.64107336e+03, 5.78290771e+02,
    1.64279309e+03, 6.14469421e+02, 1.64441296e+03, 6.50759827e+02,
    1.59930579e+03, 4.71394897e+02, 1.60089062e+03, 5.07134521e+02,
    1.60249146e+03, 5.43066650e+02, 1.60430664e+03, 5.78795105e+02,
    1.60598950e+03, 6.14828613e+02, 1.60750476e+03, 6.51240540e+02 ]
