%YAML:1.0
---
points: [ 1.88538422e+02, 1.86442017e+02, 1.98686325e+02, 1.85260971e+02,
    2.08835327e+02, 1.84112106e+02, 2.19000702e+02, 1.82949982e+02,
    2.29422318e+02, 1.81715164e+02, 2.39777557e+02, 1.80554642e+02,
    1.89978897e+02, 1.96901230e+02, 2.00136047e+02, 1.95764572e+02,
    2.10258072e+02, 1.94621109e+02, 2.20457382e+02, 1.93568893e+02,
    2.30796326e+02, 1.92349136e+02, 2.41172897e+02, 1.91308044e+02,
    1.91620209e+02, 2.07214249e+02, 2.01627197e+02, 2.06216293e+02,
    2.11734314e+02, 2.05168869e+02, 2.21840332e+02, 2.04105392e+02,
    2.32143448e+02, 2.02985596e+02, 2.42601242e+02, 2.01958832e+02,
    1.93062714e+02, 2.17508530e+02, 2.03054398e+02, 2.16513443e+02,
    2.13148651e+02, 2.15485535e+02, 2.23271423e+02, 2.14556915e+02,
    2.33577042e+02, 2.13525040e+02, 2.43934341e+02, 2.12455719e+02,
    1.94607285e+02, 2.27731232e+02, 2.04585114e+02, 2.26799530e+02,
    2.14587677e+02, 2.25865845e+02, 2.24701004e+02, 2.24962967e+02,
    2.34882416e+02, 2.23960220e+02, 2.45233337e+02, 2.23020630e+02,
    1.95991455e+02, 2.37952942e+02, 2.06005676e+02, 2.36995132e+02,
    2.15949615e+02, 2.36107773e+02, 2.26097321e+02, 2.35174988e+02,
    2.36284576e+02, 2.34262177e+02, 2.46648743e+02, 2.33384369e+02,
    1.97425659e+02, 2.47959122e+02, 2.07361862e+02, 2.47173294e+02,
    2.17381638e+02, 2.46235046e+02, 2.27435410e+02, 2.45413208e+02,
    2.37628082e+02, 2.44609528e+02, 2.47831177e+02, 2.43737274e+02,
    1.98786102e+02, 2.58170441e+02, 2.08646652e+02, 2.57275391e+02,
    2.18649765e+02, 2.56509521e+02, 2.28654755e+02, 2.55809540e+02,
    2.38805038e+02, 2.55011017e+02, 2.49113373e+02, 2.54209412e+02 ]
