%YAML:1.0
---
points: [ 1.75194934e+03, 7.31232788e+02, 1.75323962e+03, 7.66268555e+02,
    1.75449048e+03, 8.01235779e+02, 1.75577698e+03, 8.36168945e+02,
    1.75721838e+03, 8.71385071e+02, 1.75837756e+03, 9.06758423e+02,
    1.71718030e+03, 7.31372498e+02, 1.71852148e+03, 7.66403198e+02,
    1.72018372e+03, 8.01408264e+02, 1.72152258e+03, 8.36366089e+02,
    1.72265527e+03, 8.71540222e+02, 1.72384656e+03, 9.06874329e+02,
    1.68258228e+03, 7.31519775e+02, 1.68403735e+03, 7.66432678e+02,
    1.68540076e+03, 8.01433777e+02, 1.68664722e+03, 8.36476379e+02,
    1.68819568e+03, 8.71656616e+02, 1.68955200e+03, 9.07223267e+02,
    1.64785535e+03, 7.31491577e+02, 1.64918103e+03, 7.66457275e+02,
    1.65047131e+03, 8.01484009e+02, 1.65195056e+03, 8.36426270e+02,
    1.65319714e+03, 8.71680420e+02, 1.65434509e+03, 9.07169006e+02,
    1.61291663e+03, 7.31560303e+02, 1.61424451e+03, 7.66436707e+02,
    1.61579468e+03, 8.01442322e+02, 1.61701147e+03, 8.36401062e+02,
    1.61818140e+03, 8.71606689e+02, 1.61939124e+03, 9.07125183e+02,
    1.57854138e+03, 7.31603943e+02, 1.57959668e+03, 7.66436035e+02,
    1.58066028e+03, 8.01397034e+02, 1.58194580e+03, 8.36347595e+02,
    1.58336145e+03, 8.71531799e+02, 1.58452478e+03, 9.06999023e+02,
    1.54390088e+03, 7.31544006e+02, 1.54511523e+03, 7.66421875e+02,
    1.54634668e+03, 8.01481445e+02, 1.54751465e+03, 8.36365295e+02,
    1.54858557e+03, 8.71543457e+02, 1.54995349e+03, 9.07134277e+02,
    1.50950427e+03, 7.31597473e+02, 1.51079248e+03, 7.66479065e+02,
    1.51195630e+03, 8.01578247e+02, 1.51328882e+03, 8.36566223e+02,
    1.51470972e+03, 8.71900452e+02, 1.51575085e+03, 9.07487061e+02 ]
