%YAML:1.0
---
points: [ 7.03503052e+02, 4.85131226e+02, 7.32449524e+02, 4.81799469e+02,
    7.61254700e+02, 4.78656219e+02, 7.90505920e+02, 4.75683411e+02,
    8.19938293e+02, 4.72394196e+02, 8.49830078e+02, 4.69387970e+02,
    7.07652954e+02, 5.14914795e+02, 7.36536255e+02, 5.12230103e+02,
    7.65333130e+02, 5.09133850e+02, 7.94474182e+02, 5.06289093e+02,
    8.23773010e+02, 5.03139648e+02, 8.53668640e+02, 5.00199799e+02,
    7.11786438e+02, 5.44927979e+02, 7.40472351e+02, 5.42193604e+02,
    7.69410522e+02, 5.39389221e+02, 7.98241882e+02, 5.36616272e+02,
    8.27659180e+02, 5.33771790e+02, 8.57423828e+02, 5.30800903e+02,
    7.16244263e+02, 5.74640503e+02, 7.44580811e+02, 5.71898071e+02,
    7.73463196e+02, 5.69500671e+02, 8.02322144e+02, 5.66683533e+02,
    8.31642090e+02, 5.64199890e+02, 8.61209900e+02, 5.61416504e+02,
    7.20291443e+02, 6.04027222e+02, 7.48680969e+02, 6.01667664e+02,
    7.77348938e+02, 5.99140686e+02, 8.06298767e+02, 5.96712524e+02,
    8.35488403e+02, 5.94266296e+02, 8.65034241e+02, 5.91702698e+02,
    7.24362854e+02, 6.33385071e+02, 7.52823120e+02, 6.30814270e+02,
    7.81388977e+02, 6.28626465e+02, 8.10257446e+02, 6.26374573e+02,
    8.39341064e+02, 6.24006348e+02, 8.68898132e+02, 6.21783936e+02,
    7.28313843e+02, 6.62345520e+02, 7.56608704e+02, 6.60298889e+02,
    7.85295166e+02, 6.58206665e+02, 8.13752136e+02, 6.55928650e+02,
    8.43143921e+02, 6.53858093e+02, 8.72404846e+02, 6.51628357e+02,
    7.32277466e+02, 6.91566345e+02, 7.60278992e+02, 6.89599121e+02,
    7.88671570e+02, 6.87594971e+02, 8.17347046e+02, 6.85727051e+02,
    8.46274048e+02, 6.83726318e+02, 8.75742126e+02, 6.81748291e+02 ]
