%YAML:1.0
---
points: [ 1.24836250e+02, 1.39797379e+02, 1.31855667e+02, 1.44522278e+02,
    1.38909119e+02, 1.49243912e+02, 1.45832611e+02, 1.53934830e+02,
    1.52896027e+02, 1.58649414e+02, 1.59864120e+02, 1.63344879e+02,
    1.20153755e+02, 1.46770447e+02, 1.27165596e+02, 1.51366959e+02,
    1.34159744e+02, 1.56208450e+02, 1.41148224e+02, 1.60899475e+02,
    1.48177307e+02, 1.65617020e+02, 1.55221786e+02, 1.70304108e+02,
    1.15364296e+02, 1.53721985e+02, 1.22362968e+02, 1.58422501e+02,
    1.29392044e+02, 1.63172729e+02, 1.36367706e+02, 1.67884705e+02,
    1.43391739e+02, 1.72596008e+02, 1.50383530e+02, 1.77344727e+02,
    1.10716034e+02, 1.60760010e+02, 1.17708344e+02, 1.65471893e+02,
    1.24683632e+02, 1.70217346e+02, 1.31653595e+02, 1.74907913e+02,
    1.38728333e+02, 1.79561111e+02, 1.45763107e+02, 1.84361328e+02,
    1.06085419e+02, 1.67732117e+02, 1.12956116e+02, 1.72406891e+02,
    1.19997231e+02, 1.77157608e+02, 1.26956543e+02, 1.81889130e+02,
    1.33994934e+02, 1.86589417e+02, 1.40925751e+02, 1.91336868e+02,
    1.01323967e+02, 1.74711868e+02, 1.08333374e+02, 1.79396286e+02,
    1.15290413e+02, 1.84178635e+02, 1.22305557e+02, 1.88863495e+02,
    1.29302368e+02, 1.93572235e+02, 1.36283142e+02, 1.98312393e+02,
    9.65985947e+01, 1.81653351e+02, 1.03551216e+02, 1.86448990e+02,
    1.10581024e+02, 1.91137497e+02, 1.17491310e+02, 1.95888428e+02,
    1.24511292e+02, 2.00540329e+02, 1.31467453e+02, 2.05287857e+02,
    9.18449478e+01, 1.88707062e+02, 9.87573395e+01, 1.93348358e+02,
    1.05685883e+02, 1.98139252e+02, 1.12641090e+02, 2.02823608e+02,
    1.19594002e+02, 2.07550064e+02, 1.26608879e+02, 2.12345673e+02 ]
