%YAML:1.0
---
points: [ 7.53681885e+02, 3.94543823e+02, 7.81754700e+02, 3.91238342e+02,
    8.10495911e+02, 3.87623840e+02, 8.39204041e+02, 3.84268738e+02,
    8.68563477e+02, 3.80771393e+02, 8.98136780e+02, 3.77138000e+02,
    7.57657043e+02, 4.24625153e+02, 7.85805542e+02, 4.21500732e+02,
    8.14213013e+02, 4.18278015e+02, 8.43015808e+02, 4.14752960e+02,
    8.72129089e+02, 4.11687683e+02, 9.01687012e+02, 4.08262299e+02,
    7.61595398e+02, 4.54622131e+02, 7.89798279e+02, 4.51476959e+02,
    8.18034302e+02, 4.48602936e+02, 8.46705322e+02, 4.45432526e+02,
    8.75692810e+02, 4.42336853e+02, 9.05343750e+02, 4.39233521e+02,
    7.65593689e+02, 4.84267303e+02, 7.93669434e+02, 4.81456757e+02,
    8.22062500e+02, 4.78558685e+02, 8.50427002e+02, 4.75731628e+02,
    8.79513977e+02, 4.72691711e+02, 9.08840332e+02, 4.69888214e+02,
    7.69697693e+02, 5.13591919e+02, 7.97525696e+02, 5.11137054e+02,
    8.25760742e+02, 5.08409088e+02, 8.54159241e+02, 5.05723999e+02,
    8.83179688e+02, 5.02939667e+02, 9.12442566e+02, 5.00394501e+02,
    7.73664917e+02, 5.42805176e+02, 8.01525146e+02, 5.40336304e+02,
    8.29492126e+02, 5.37991333e+02, 8.58061096e+02, 5.35445557e+02,
    8.86769409e+02, 5.33082764e+02, 9.16216980e+02, 5.30427307e+02,
    7.77298218e+02, 5.71688843e+02, 8.05351807e+02, 5.69578552e+02,
    8.33239685e+02, 5.67303223e+02, 8.61473877e+02, 5.65190186e+02,
    8.90341003e+02, 5.62705994e+02, 9.19401245e+02, 5.60657104e+02,
    7.81127869e+02, 6.00743835e+02, 8.08506653e+02, 5.98628967e+02,
    8.36612366e+02, 5.96749023e+02, 8.64749512e+02, 5.94752014e+02,
    8.93418396e+02, 5.92737061e+02, 9.22664368e+02, 5.90689331e+02 ]
