%YAML:1.0
---
points: [ 1.15013809e+02, 1.78302673e+02, 1.22015556e+02, 1.83265533e+02,
    1.29095657e+02, 1.88189590e+02, 1.36096848e+02, 1.93098541e+02,
    1.43161301e+02, 1.97989868e+02, 1.50113251e+02, 2.02899475e+02,
    1.09941879e+02, 1.85246368e+02, 1.16967377e+02, 1.90173676e+02,
    1.24008751e+02, 1.95132584e+02, 1.30975220e+02, 2.00038452e+02,
    1.38069733e+02, 2.04976868e+02, 1.45130890e+02, 2.09908096e+02,
    1.04934036e+02, 1.92202225e+02, 1.11905731e+02, 1.97204803e+02,
    1.18968666e+02, 2.02091583e+02, 1.25852501e+02, 2.06967209e+02,
    1.32962311e+02, 2.11932983e+02, 1.39968231e+02, 2.16882111e+02,
    9.98263550e+01, 1.99235886e+02, 1.06909683e+02, 2.04132645e+02,
    1.13841774e+02, 2.09079620e+02, 1.20898010e+02, 2.13987717e+02,
    1.27853867e+02, 2.18990128e+02, 1.34914551e+02, 2.23921967e+02,
    9.47725220e+01, 2.06174118e+02, 1.01763214e+02, 2.11157257e+02,
    1.08791573e+02, 2.16120621e+02, 1.15787361e+02, 2.21053879e+02,
    1.22843369e+02, 2.25981552e+02, 1.29810516e+02, 2.30947571e+02,
    8.97196350e+01, 2.13192459e+02, 9.66922150e+01, 2.18187027e+02,
    1.03736427e+02, 2.23167847e+02, 1.10754555e+02, 2.28053757e+02,
    1.17726311e+02, 2.33055298e+02, 1.24817513e+02, 2.37963226e+02,
    8.47365265e+01, 2.20170837e+02, 9.16005783e+01, 2.25190323e+02,
    9.86095734e+01, 2.30166336e+02, 1.05590683e+02, 2.35158432e+02,
    1.12627647e+02, 2.40087097e+02, 1.19621689e+02, 2.45046356e+02,
    7.95100021e+01, 2.27219543e+02, 8.65362396e+01, 2.32178909e+02,
    9.33745499e+01, 2.37190094e+02, 1.00406319e+02, 2.42133286e+02,
    1.07343582e+02, 2.47128647e+02, 1.14374405e+02, 2.52131897e+02 ]
