%YAML:1.0
---
points: [ 2.05372635e+02, 1.54856903e+02, 2.15349152e+02, 1.53630463e+02,
    2.25343079e+02, 1.52346588e+02, 2.35506851e+02, 1.51024124e+02,
    2.45751953e+02, 1.49750748e+02, 2.56177277e+02, 1.48361694e+02,
    2.06862747e+02, 1.65338867e+02, 2.16751953e+02, 1.64153290e+02,
    2.26798111e+02, 1.62927719e+02, 2.36848816e+02, 1.61704681e+02,
    2.47066467e+02, 1.60452026e+02, 2.57478973e+02, 1.59153473e+02,
    2.08296753e+02, 1.75719070e+02, 2.18177139e+02, 1.74614700e+02,
    2.28128235e+02, 1.73494049e+02, 2.38172287e+02, 1.72282181e+02,
    2.48370621e+02, 1.71121170e+02, 2.58737518e+02, 1.69983124e+02,
    2.09768097e+02, 1.86047699e+02, 2.19630966e+02, 1.84868973e+02,
    2.29500259e+02, 1.83899048e+02, 2.39580460e+02, 1.82767654e+02,
    2.49696518e+02, 1.81699753e+02, 2.60068390e+02, 1.80564331e+02,
    2.11195419e+02, 1.96205017e+02, 2.20965530e+02, 1.95239395e+02,
    2.30897308e+02, 1.94198212e+02, 2.40825989e+02, 1.93227097e+02,
    2.51054230e+02, 1.92174088e+02, 2.61330292e+02, 1.91173904e+02,
    2.12565186e+02, 2.06318665e+02, 2.22379135e+02, 2.05364487e+02,
    2.32249451e+02, 2.04437302e+02, 2.42162750e+02, 2.03519379e+02,
    2.52322159e+02, 2.02530289e+02, 2.62577728e+02, 2.01576065e+02,
    2.13948578e+02, 2.16320877e+02, 2.23661835e+02, 2.15451096e+02,
    2.33542191e+02, 2.14665085e+02, 2.43437988e+02, 2.13770508e+02,
    2.53615860e+02, 2.12889008e+02, 2.63800751e+02, 2.12050629e+02,
    2.15217819e+02, 2.26349228e+02, 2.24992493e+02, 2.25588577e+02,
    2.34775421e+02, 2.24857468e+02, 2.44632812e+02, 2.24044617e+02,
    2.54709946e+02, 2.23264175e+02, 2.64945953e+02, 2.22420166e+02 ]
