%YAML:1.0
---
points: [ 7.53681763e+02, 3.94606720e+02, 7.81758179e+02, 3.91285370e+02,
    8.10520569e+02, 3.87632263e+02, 8.39157532e+02, 3.84351318e+02,
    8.68582825e+02, 3.80778320e+02, 8.98149597e+02, 3.77210693e+02,
    7.57629333e+02, 4.24623260e+02, 7.85772522e+02, 4.21521851e+02,
    8.14189636e+02, 4.18318481e+02, 8.43012207e+02, 4.14788116e+02,
    8.72196289e+02, 4.11724335e+02, 9.01675476e+02, 4.08263123e+02,
    7.61586304e+02, 4.54600555e+02, 7.89802063e+02, 4.51512970e+02,
    8.18025879e+02, 4.48609100e+02, 8.46635071e+02, 4.45444458e+02,
    8.75693726e+02, 4.42362000e+02, 9.05367065e+02, 4.39293304e+02,
    7.65602539e+02, 4.84323120e+02, 7.93652161e+02, 4.81454865e+02,
    8.21954834e+02, 4.78590149e+02, 8.50429077e+02, 4.75746552e+02,
    8.79505127e+02, 4.72731903e+02, 9.08842285e+02, 4.69930237e+02,
    7.69674133e+02, 5.13591064e+02, 7.97524963e+02, 5.11153381e+02,
    8.25778503e+02, 5.08433563e+02, 8.54164551e+02, 5.05738281e+02,
    8.83063049e+02, 5.02900818e+02, 9.12507141e+02, 5.00403320e+02,
    7.73674805e+02, 5.42795532e+02, 8.01503784e+02, 5.40401001e+02,
    8.29482422e+02, 5.38100403e+02, 8.58026245e+02, 5.35440369e+02,
    8.86681885e+02, 5.33143555e+02, 9.16175598e+02, 5.30444763e+02,
    7.77339661e+02, 5.71724426e+02, 8.05334717e+02, 5.69561890e+02,
    8.33235474e+02, 5.67343262e+02, 8.61473450e+02, 5.65243469e+02,
    8.90340637e+02, 5.62796997e+02, 9.19394165e+02, 5.60661743e+02,
    7.81070007e+02, 6.00784912e+02, 8.08528381e+02, 5.98668579e+02,
    8.36604797e+02, 5.96809753e+02, 8.64766602e+02, 5.94810913e+02,
    8.93416565e+02, 5.92765930e+02, 9.22644897e+02, 5.90729248e+02 ]
