%YAML:1.0
---
points: [ 2.05390778e+02, 1.54845444e+02, 2.15344833e+02, 1.53625900e+02,
    2.25365601e+02, 1.52345230e+02, 2.35497421e+02, 1.51068848e+02,
    2.45783051e+02, 1.49765381e+02, 2.56156677e+02, 1.48387665e+02,
    2.06889511e+02, 1.65362274e+02, 2.16722626e+02, 1.64168015e+02,
    2.26776886e+02, 1.62905197e+02, 2.36857849e+02, 1.61726044e+02,
    2.47085464e+02, 1.60482620e+02, 2.57433075e+02, 1.59193069e+02,
    2.08278610e+02, 1.75718430e+02, 2.18192749e+02, 1.74620178e+02,
    2.28122604e+02, 1.73493378e+02, 2.38174606e+02, 1.72291962e+02,
    2.48339493e+02, 1.71132278e+02, 2.58742249e+02, 1.69967865e+02,
    2.09759842e+02, 1.86048203e+02, 2.19558060e+02, 1.84959396e+02,
    2.29523300e+02, 1.83908661e+02, 2.39542969e+02, 1.82804367e+02,
    2.49712479e+02, 1.81724060e+02, 2.60042511e+02, 1.80585846e+02,
    2.11191132e+02, 1.96212967e+02, 2.20955307e+02, 1.95251541e+02,
    2.30875916e+02, 1.94206131e+02, 2.40842911e+02, 1.93262497e+02,
    2.51041046e+02, 1.92166229e+02, 2.61297302e+02, 1.91179581e+02,
    2.12543640e+02, 2.06287491e+02, 2.22379883e+02, 2.05347351e+02,
    2.32225983e+02, 2.04399292e+02, 2.42181381e+02, 2.03502640e+02,
    2.52324707e+02, 2.02521759e+02, 2.62562286e+02, 2.01525818e+02,
    2.13966171e+02, 2.16327286e+02, 2.23682678e+02, 2.15510284e+02,
    2.33515976e+02, 2.14652725e+02, 2.43449783e+02, 2.13803665e+02,
    2.53583862e+02, 2.12923798e+02, 2.63771637e+02, 2.12060745e+02,
    2.15221069e+02, 2.26357269e+02, 2.24944077e+02, 2.25602173e+02,
    2.34781464e+02, 2.24837006e+02, 2.44655273e+02, 2.24092499e+02,
    2.54744659e+02, 2.23295822e+02, 2.64964752e+02, 2.22426178e+02 ]
