%YAML:1.0
---
points: [ 2.19981735e+02, 9.42233200e+01, 2.30058853e+02, 9.25238495e+01,
    2.40193527e+02, 9.07061768e+01, 2.50460251e+02, 8.88846359e+01,
    2.60991760e+02, 8.70393448e+01, 2.71732147e+02, 8.51986847e+01,
    2.21366608e+02, 1.05155029e+02, 2.31374222e+02, 1.03563957e+02,
    2.41561035e+02, 1.01868690e+02, 2.51803757e+02, 1.00131706e+02,
    2.62248932e+02, 9.84366837e+01, 2.72932861e+02, 9.66454239e+01,
    2.22844620e+02, 1.15968697e+02, 2.32785431e+02, 1.14488419e+02,
    2.42885361e+02, 1.12887428e+02, 2.53091446e+02, 1.11272545e+02,
    2.63476013e+02, 1.09635086e+02, 2.74128906e+02, 1.07936691e+02,
    2.24254730e+02, 1.26820732e+02, 2.34158722e+02, 1.25351089e+02,
    2.44239075e+02, 1.23848801e+02, 2.54391769e+02, 1.22344650e+02,
    2.64807861e+02, 1.20803833e+02, 2.75376892e+02, 1.19177635e+02,
    2.25657959e+02, 1.37444794e+02, 2.35561676e+02, 1.36087341e+02,
    2.45543854e+02, 1.34669006e+02, 2.55735123e+02, 1.33235306e+02,
    2.66084900e+02, 1.31788773e+02, 2.76599213e+02, 1.30331757e+02,
    2.27055511e+02, 1.47978775e+02, 2.36911713e+02, 1.46667328e+02,
    2.46882095e+02, 1.45342148e+02, 2.57048370e+02, 1.44032608e+02,
    2.67372070e+02, 1.42731812e+02, 2.77801300e+02, 1.41287964e+02,
    2.28428406e+02, 1.58300110e+02, 2.38213547e+02, 1.57151688e+02,
    2.48210068e+02, 1.55991455e+02, 2.58229095e+02, 1.54749832e+02,
    2.68512817e+02, 1.53542526e+02, 2.79025909e+02, 1.52204514e+02,
    2.29648254e+02, 1.68730743e+02, 2.39461746e+02, 1.67609589e+02,
    2.49366943e+02, 1.66516083e+02, 2.59376068e+02, 1.65386353e+02,
    2.69597321e+02, 1.64238251e+02, 2.80103729e+02, 1.62981445e+02 ]
