%YAML:1.0
---
points: [ 9.09110107e+01, 2.45596252e+02, 9.94572983e+01, 2.45939072e+02,
    1.07982559e+02, 2.46349136e+02, 1.16510437e+02, 2.46707916e+02,
    1.25145119e+02, 2.47041428e+02, 1.33678711e+02, 2.47496597e+02,
    9.03941269e+01, 2.54174973e+02, 9.88231049e+01, 2.54605988e+02,
    1.07459686e+02, 2.54932999e+02, 1.15930550e+02, 2.55343140e+02,
    1.24566254e+02, 2.55743820e+02, 1.33177750e+02, 2.56028870e+02,
    8.97972412e+01, 2.62727020e+02, 9.83057480e+01, 2.63159058e+02,
    1.06808533e+02, 2.63603638e+02, 1.15370636e+02, 2.63964722e+02,
    1.23935448e+02, 2.64361664e+02, 1.32522751e+02, 2.64767883e+02,
    8.92936249e+01, 2.71489594e+02, 9.77834244e+01, 2.71827240e+02,
    1.06324013e+02, 2.72240753e+02, 1.14825661e+02, 2.72671539e+02,
    1.23483040e+02, 2.73030975e+02, 1.31977859e+02, 2.73402069e+02,
    8.87781830e+01, 2.79948700e+02, 9.72799988e+01, 2.80531464e+02,
    1.05809074e+02, 2.80826294e+02, 1.14336014e+02, 2.81286987e+02,
    1.22865028e+02, 2.81648499e+02, 1.31516907e+02, 2.82181213e+02,
    8.83134155e+01, 2.88698822e+02, 9.67630692e+01, 2.89057007e+02,
    1.05275009e+02, 2.89581726e+02, 1.13795052e+02, 2.89934357e+02,
    1.22389236e+02, 2.90362488e+02, 1.30988464e+02, 2.90750793e+02,
    8.77949371e+01, 2.97181580e+02, 9.62304459e+01, 2.97749725e+02,
    1.04723328e+02, 2.98174622e+02, 1.13279327e+02, 2.98668762e+02,
    1.21859528e+02, 2.99042114e+02, 1.30397064e+02, 2.99567474e+02,
    8.72075653e+01, 3.05955536e+02, 9.56157684e+01, 3.06475952e+02,
    1.04052963e+02, 3.06879486e+02, 1.12580246e+02, 3.07393066e+02,
    1.21143692e+02, 3.07914154e+02, 1.29728363e+02, 3.08313202e+02 ]
