%YAML:1.0
---
points: [ 7.96697388e+02, 2.21314392e+02, 8.25042542e+02, 2.16617096e+02,
    8.53967285e+02, 2.11895523e+02, 8.83008362e+02, 2.07192886e+02,
    9.12769043e+02, 2.02197540e+02, 9.43156372e+02, 1.97019867e+02,
    8.00699036e+02, 2.52571198e+02, 8.28956238e+02, 2.48262222e+02,
    8.57697937e+02, 2.43689270e+02, 8.86697632e+02, 2.39199478e+02,
    9.16496582e+02, 2.34457489e+02, 9.46557800e+02, 2.29576096e+02,
    8.04624268e+02, 2.83634583e+02, 8.32849854e+02, 2.79565094e+02,
    8.61430298e+02, 2.75376221e+02, 8.90491211e+02, 2.71015594e+02,
    9.19816345e+02, 2.66477112e+02, 9.49806702e+02, 2.61950226e+02,
    8.08486755e+02, 3.14462708e+02, 8.36796631e+02, 3.10577850e+02,
    8.65287292e+02, 3.06660431e+02, 8.94249390e+02, 3.02543610e+02,
    9.23496582e+02, 2.98395355e+02, 9.53526062e+02, 2.94163239e+02,
    8.12510742e+02, 3.45025848e+02, 8.40562988e+02, 3.41338074e+02,
    8.69212524e+02, 3.37654449e+02, 8.97728943e+02, 3.33880493e+02,
    9.27222961e+02, 3.29878418e+02, 9.56997986e+02, 3.26085968e+02,
    8.16543213e+02, 3.75299835e+02, 8.44407288e+02, 3.71684326e+02,
    8.72778687e+02, 3.68310394e+02, 9.01517639e+02, 3.64817200e+02,
    9.30783997e+02, 3.61175018e+02, 9.60445007e+02, 3.57520477e+02,
    8.20119995e+02, 4.05019806e+02, 8.48152649e+02, 4.02022339e+02,
    8.76292847e+02, 3.98561462e+02, 9.05029114e+02, 3.95475342e+02,
    9.33918518e+02, 3.92150146e+02, 9.63773376e+02, 3.88653900e+02,
    8.23558105e+02, 4.34780884e+02, 8.51379700e+02, 4.31978699e+02,
    8.79609985e+02, 4.29094177e+02, 9.07904297e+02, 4.26001465e+02,
    9.37211609e+02, 4.23078522e+02, 9.66635803e+02, 4.19832642e+02 ]
