%YAML:1.0
---
points: [ 2.20000153e+02, 9.43026886e+01, 2.30051910e+02, 9.25419998e+01,
    2.40185501e+02, 9.07862701e+01, 2.50530945e+02, 8.89541855e+01,
    2.61015778e+02, 8.71181030e+01, 2.71746216e+02, 8.52317505e+01,
    2.21430725e+02, 1.05187187e+02, 2.31397476e+02, 1.03585449e+02,
    2.41558212e+02, 1.01896011e+02, 2.51819534e+02, 1.00188469e+02,
    2.62235046e+02, 9.84507751e+01, 2.72962250e+02, 9.66688766e+01,
    2.22866272e+02, 1.15971375e+02, 2.32795258e+02, 1.14592628e+02,
    2.42912903e+02, 1.12916992e+02, 2.53135757e+02, 1.11364731e+02,
    2.63523926e+02, 1.09656601e+02, 2.74151367e+02, 1.07986641e+02,
    2.24257462e+02, 1.26854393e+02, 2.34215530e+02, 1.25408745e+02,
    2.44250153e+02, 1.23853615e+02, 2.54440186e+02, 1.22404251e+02,
    2.64847412e+02, 1.20859314e+02, 2.75379120e+02, 1.19241554e+02,
    2.25662750e+02, 1.37462845e+02, 2.35584702e+02, 1.36168564e+02,
    2.45587692e+02, 1.34694611e+02, 2.55743210e+02, 1.33280502e+02,
    2.66075531e+02, 1.31823868e+02, 2.76657593e+02, 1.30399994e+02,
    2.27061096e+02, 1.48010406e+02, 2.36932007e+02, 1.46676804e+02,
    2.46897568e+02, 1.45391068e+02, 2.57064087e+02, 1.44060440e+02,
    2.67401550e+02, 1.42761963e+02, 2.77857574e+02, 1.41335510e+02,
    2.28409546e+02, 1.58343216e+02, 2.38221100e+02, 1.57186707e+02,
    2.48211563e+02, 1.56018250e+02, 2.58256378e+02, 1.54769806e+02,
    2.68540161e+02, 1.53546158e+02, 2.79001862e+02, 1.52269226e+02,
    2.29660645e+02, 1.68775742e+02, 2.39443298e+02, 1.67669296e+02,
    2.49363007e+02, 1.66541687e+02, 2.59411163e+02, 1.65399368e+02,
    2.69640717e+02, 1.64283112e+02, 2.80103455e+02, 1.62997101e+02 ]
