%YAML:1.0
---
points: [ 7.96734436e+02, 2.21391586e+02, 8.25076599e+02, 2.16712326e+02,
    8.53933228e+02, 2.12032562e+02, 8.83121094e+02, 2.07282684e+02,
    9.12810303e+02, 2.02256882e+02, 9.43193970e+02, 1.97134674e+02,
    8.00730225e+02, 2.52611969e+02, 8.28952026e+02, 2.48374252e+02,
    8.57722778e+02, 2.43794632e+02, 8.86716370e+02, 2.39251907e+02,
    9.16513733e+02, 2.34527939e+02, 9.46567871e+02, 2.29634155e+02,
    8.04703186e+02, 2.83759918e+02, 8.32884949e+02, 2.79634491e+02,
    8.61477661e+02, 2.75432800e+02, 8.90522156e+02, 2.71115814e+02,
    9.19838135e+02, 2.66556671e+02, 9.49863403e+02, 2.62163269e+02,
    8.08503052e+02, 3.14526276e+02, 8.36855713e+02, 3.10659241e+02,
    8.65302490e+02, 3.06722778e+02, 8.94278564e+02, 3.02653351e+02,
    9.23543640e+02, 2.98468536e+02, 9.53538452e+02, 2.94232941e+02,
    8.12546265e+02, 3.45144623e+02, 8.40573181e+02, 3.41414551e+02,
    8.69258301e+02, 3.37746490e+02, 8.97790527e+02, 3.34005829e+02,
    9.27236511e+02, 330., 9.57086121e+02, 3.26174225e+02, 8.16554749e+02,
    3.75405182e+02, 8.44427795e+02, 3.71750336e+02, 8.72817017e+02,
    3.68409241e+02, 9.01558105e+02, 3.64915558e+02, 9.30808167e+02,
    3.61268829e+02, 9.60456543e+02, 3.57596222e+02, 8.20166016e+02,
    4.05134491e+02, 8.48172913e+02, 4.02148468e+02, 8.76345032e+02,
    3.98691986e+02, 9.05020203e+02, 3.95594574e+02, 9.34015259e+02,
    3.92221008e+02, 9.63830200e+02, 3.88735657e+02, 8.23608154e+02,
    4.34880676e+02, 8.51437134e+02, 4.32134644e+02, 8.79636780e+02,
    4.29201904e+02, 9.07924316e+02, 4.26073792e+02, 9.37222107e+02,
    4.23166687e+02, 9.66670349e+02, 4.19905640e+02 ]
