%YAML:1.0
---
points: [ 1.98701584e+02, 2.07733215e+02, 2.08486542e+02, 2.06555771e+02,
    2.18321945e+02, 2.05275757e+02, 2.28116974e+02, 2.04039993e+02,
    2.38226791e+02, 2.02859863e+02, 2.48355835e+02, 2.01564865e+02,
    2.00283096e+02, 2.17808746e+02, 2.09935730e+02, 2.16645477e+02,
    2.19787445e+02, 2.15445923e+02, 2.29680237e+02, 2.14352570e+02,
    2.39712158e+02, 2.13190567e+02, 2.49887970e+02, 2.11929504e+02,
    2.01792038e+02, 2.27815338e+02, 2.11562805e+02, 2.26771103e+02,
    2.21270203e+02, 2.25690231e+02, 2.31147629e+02, 2.24595612e+02,
    2.41118469e+02, 2.23484772e+02, 2.51280319e+02, 2.22372681e+02,
    2.03338577e+02, 2.37882706e+02, 2.13023743e+02, 2.36790665e+02,
    2.22803299e+02, 2.35778305e+02, 2.32694641e+02, 2.34703583e+02,
    2.42679337e+02, 2.33694855e+02, 2.52734161e+02, 2.32687286e+02,
    2.04842438e+02, 2.47830811e+02, 2.14589905e+02, 2.46788315e+02,
    2.24306931e+02, 2.45819748e+02, 2.34138702e+02, 2.44838791e+02,
    2.44144440e+02, 2.43870239e+02, 2.54179260e+02, 2.42818283e+02,
    2.06429657e+02, 2.57683380e+02, 2.16000320e+02, 2.56734009e+02,
    2.25802872e+02, 2.55819122e+02, 2.35637634e+02, 2.54860306e+02,
    2.45637360e+02, 2.53927109e+02, 2.55659164e+02, 2.53030457e+02,
    2.07799072e+02, 2.67500946e+02, 2.17553940e+02, 2.66598602e+02,
    2.27209183e+02, 2.65843750e+02, 2.37026779e+02, 2.64907654e+02,
    2.47011002e+02, 2.64110504e+02, 2.57125000e+02, 2.63233704e+02,
    2.09261719e+02, 2.77354645e+02, 2.18881302e+02, 2.76552094e+02,
    2.28611816e+02, 2.75794983e+02, 2.38421127e+02, 2.75059540e+02,
    2.48343002e+02, 2.74285767e+02, 2.58440887e+02, 2.73488525e+02 ]
