%YAML:1.0
---
points: [ 7.33472168e+02, 5.46338867e+02, 7.61317261e+02, 5.43359497e+02,
    7.89475159e+02, 5.39861694e+02, 8.17605042e+02, 5.36739563e+02,
    8.46339294e+02, 5.33453186e+02, 8.75362488e+02, 5.30073120e+02,
    7.37855408e+02, 5.75476929e+02, 7.65539429e+02, 5.72383057e+02,
    7.93574036e+02, 5.69537415e+02, 8.21827576e+02, 5.66384277e+02,
    8.50364197e+02, 5.63257812e+02, 8.79476562e+02, 5.60238586e+02,
    7.42213318e+02, 6.04444214e+02, 7.69764465e+02, 6.01645569e+02,
    7.97618469e+02, 5.98636230e+02, 8.25972717e+02, 5.96072266e+02,
    8.54272644e+02, 5.92898010e+02, 8.83419556e+02, 5.90136292e+02,
    7.46498047e+02, 6.33469910e+02, 7.74247070e+02, 6.30492676e+02,
    8.02040283e+02, 6.27972412e+02, 8.29969360e+02, 6.25272705e+02,
    8.58651672e+02, 6.22507629e+02, 8.87427917e+02, 6.19665405e+02,
    7.50614014e+02, 6.61956421e+02, 7.78449829e+02, 6.59508545e+02,
    8.06228760e+02, 6.56810730e+02, 8.34158997e+02, 6.54445801e+02,
    8.62678223e+02, 6.51702942e+02, 8.91562683e+02, 6.49293091e+02,
    7.55052856e+02, 6.90557983e+02, 7.82491211e+02, 6.88160583e+02,
    8.10492737e+02, 6.85683716e+02, 8.38414368e+02, 6.83260010e+02,
    8.66714905e+02, 6.80930054e+02, 8.95678528e+02, 6.78537964e+02,
    7.59127441e+02, 7.18728821e+02, 7.86556091e+02, 7.16697083e+02,
    8.14405029e+02, 7.14425354e+02, 8.42532227e+02, 7.12352722e+02,
    8.70670105e+02, 7.10150757e+02, 8.99543945e+02, 7.08012878e+02,
    7.63173279e+02, 7.47377380e+02, 7.90504456e+02, 7.45371216e+02,
    8.18151428e+02, 7.43494995e+02, 8.45939941e+02, 7.41461121e+02,
    8.74475525e+02, 7.39504517e+02, 9.03098022e+02, 7.37474060e+02 ]
