%YAML:1.0
---
points: [ 1.98727356e+02, 2.07705093e+02, 2.08497879e+02, 2.06523499e+02,
    2.18290543e+02, 2.05282425e+02, 2.28127731e+02, 2.04049026e+02,
    2.38226242e+02, 2.02795120e+02, 2.48381424e+02, 2.01586945e+02,
    2.00278442e+02, 2.17790771e+02, 2.09967529e+02, 2.16583725e+02,
    2.19808884e+02, 2.15430939e+02, 2.29673309e+02, 2.14373444e+02,
    2.39717163e+02, 2.13226196e+02, 2.49887512e+02, 2.11899033e+02,
    2.01775757e+02, 2.27819260e+02, 2.11540619e+02, 2.26764862e+02,
    2.21284302e+02, 2.25638519e+02, 2.31146912e+02, 2.24569061e+02,
    2.41166245e+02, 2.23433777e+02, 2.51292603e+02, 2.22374481e+02,
    2.03308151e+02, 2.37848465e+02, 2.13005554e+02, 2.36785461e+02,
    2.22769394e+02, 2.35780548e+02, 2.32640579e+02, 2.34724396e+02,
    2.42674103e+02, 2.33713455e+02, 2.52741135e+02, 2.32640610e+02,
    2.04901154e+02, 2.47794281e+02, 2.14606277e+02, 2.46796097e+02,
    2.24288605e+02, 2.45807037e+02, 2.34144318e+02, 2.44825623e+02,
    2.44136520e+02, 2.43828629e+02, 2.54182709e+02, 2.42849167e+02,
    2.06397476e+02, 2.57655151e+02, 2.15978134e+02, 2.56721985e+02,
    2.25776108e+02, 2.55805435e+02, 2.35654282e+02, 2.54850113e+02,
    2.45634399e+02, 2.53937607e+02, 2.55699173e+02, 2.52987549e+02,
    2.07778931e+02, 2.67487335e+02, 2.17568756e+02, 2.66593658e+02,
    2.27227829e+02, 2.65753265e+02, 2.37028214e+02, 2.64906738e+02,
    2.47017197e+02, 2.64094208e+02, 2.57127533e+02, 2.63180908e+02,
    2.09190170e+02, 2.77318481e+02, 2.18850006e+02, 2.76577362e+02,
    2.28613403e+02, 2.75834198e+02, 2.38381729e+02, 2.75049408e+02,
    2.48329666e+02, 2.74233856e+02, 2.58413300e+02, 2.73441711e+02 ]
