%YAML:1.0
---
points: [ 7.33521301e+02, 5.46351135e+02, 7.61282104e+02, 5.43326416e+02,
    7.89470215e+02, 5.39811218e+02, 8.17633423e+02, 5.36692078e+02,
    8.46348206e+02, 5.33378235e+02, 8.75364868e+02, 5.29966064e+02,
    7.37874207e+02, 5.75495361e+02, 7.65495972e+02, 5.72374390e+02,
    7.93534546e+02, 5.69545227e+02, 8.21838135e+02, 5.66335205e+02,
    8.50350037e+02, 5.63252930e+02, 8.79474731e+02, 5.60132629e+02,
    7.42173828e+02, 6.04413574e+02, 7.69901123e+02, 6.01624878e+02,
    7.97586365e+02, 5.98608093e+02, 8.25950378e+02, 5.96031799e+02,
    8.54340637e+02, 5.92853210e+02, 8.83368896e+02, 5.90065857e+02,
    7.46492920e+02, 6.33401733e+02, 7.74221680e+02, 6.30437988e+02,
    8.02015564e+02, 6.27974792e+02, 8.29939453e+02, 6.25199524e+02,
    8.58646301e+02, 6.22500549e+02, 8.87438354e+02, 6.19591553e+02,
    7.50663757e+02, 6.61991394e+02, 7.78446167e+02, 6.59487366e+02,
    8.06253296e+02, 6.56731812e+02, 8.34168701e+02, 6.54416504e+02,
    8.62686584e+02, 6.51607056e+02, 8.91544006e+02, 6.49308105e+02,
    7.54971375e+02, 6.90608154e+02, 7.82477905e+02, 6.88076172e+02,
    8.10495911e+02, 6.85689270e+02, 8.38401306e+02, 6.83284668e+02,
    8.66736633e+02, 6.80952026e+02, 8.95688293e+02, 6.78464722e+02,
    7.59072937e+02, 7.18697266e+02, 7.86593872e+02, 7.16690552e+02,
    8.14343628e+02, 7.14412354e+02, 8.42504333e+02, 7.12334351e+02,
    8.70657898e+02, 7.10009949e+02, 8.99553284e+02, 7.07844238e+02,
    7.63067139e+02, 7.47299683e+02, 7.90486572e+02, 7.45355042e+02,
    8.18095581e+02, 7.43402588e+02, 8.45969299e+02, 7.41301758e+02,
    8.74454895e+02, 7.39434326e+02, 9.03004028e+02, 7.37425415e+02 ]
