%YAML:1.0
---
points: [ 1.62594391e+02, 7.56060257e+01, 1.71350571e+02, 7.49657516e+01,
    1.79878372e+02, 7.45902710e+01, 1.88569290e+02, 7.40490036e+01,
    1.97231583e+02, 7.35978165e+01, 2.05894623e+02, 7.30609665e+01,
    1.63543442e+02, 8.45917664e+01, 1.72129028e+02, 8.40183640e+01,
    1.80766312e+02, 8.36299362e+01, 1.89387451e+02, 8.31704941e+01,
    1.97982483e+02, 8.27074890e+01, 2.06653992e+02, 8.22379074e+01,
    1.64458588e+02, 9.36040878e+01, 1.73059494e+02, 9.30683441e+01,
    1.81610321e+02, 9.26641693e+01, 1.90148529e+02, 9.22102509e+01,
    1.98732468e+02, 9.17567520e+01, 2.07379486e+02, 9.13289108e+01,
    1.65349060e+02, 1.02518867e+02, 1.73950531e+02, 1.01976936e+02,
    1.82441422e+02, 1.01646912e+02, 1.91038132e+02, 1.01093262e+02,
    1.99552124e+02, 1.00756950e+02, 2.08058289e+02, 1.00210411e+02,
    1.66317596e+02, 1.11312416e+02, 1.74873596e+02, 1.10881050e+02,
    1.83294312e+02, 1.10476685e+02, 1.91760284e+02, 1.10066956e+02,
    2.00287003e+02, 1.09545029e+02, 2.08800278e+02, 1.09214005e+02,
    1.67209381e+02, 1.20047569e+02, 1.75764862e+02, 1.19587852e+02,
    1.84151627e+02, 1.19200951e+02, 1.92595795e+02, 1.18789230e+02,
    2.01093628e+02, 1.18342773e+02, 2.09417267e+02, 1.17925865e+02,
    1.68137756e+02, 1.28663574e+02, 1.76560074e+02, 1.28242538e+02,
    1.84963211e+02, 1.27840096e+02, 1.93351028e+02, 1.27382782e+02,
    2.01788361e+02, 1.27065819e+02, 2.10142151e+02, 1.26640213e+02,
    1.69012482e+02, 1.37203140e+02, 1.77329819e+02, 1.36838623e+02,
    1.85716309e+02, 1.36386276e+02, 1.94063675e+02, 1.36134003e+02,
    2.02452484e+02, 1.35692261e+02, 2.10740723e+02, 1.35124283e+02 ]
