%YAML:1.0
---
points: [ 1.77843369e+02, 1.11817162e+02, 1.86317795e+02, 1.11501091e+02,
    1.94741669e+02, 1.11141106e+02, 2.03226166e+02, 1.10858894e+02,
    2.11647247e+02, 1.10364403e+02, 2.20144135e+02, 1.10140312e+02,
    1.78631882e+02, 1.20625526e+02, 1.87074005e+02, 1.20258865e+02,
    1.95449707e+02, 1.19902573e+02, 2.03837448e+02, 1.19575623e+02,
    2.12273453e+02, 1.19246521e+02, 2.20662216e+02, 1.18883476e+02,
    1.79355255e+02, 1.29227753e+02, 1.87738220e+02, 1.28933380e+02,
    1.96140762e+02, 1.28582352e+02, 2.04439880e+02, 1.28288391e+02,
    2.12808884e+02, 1.27923592e+02, 2.21198990e+02, 1.27644043e+02,
    1.80132248e+02, 1.37735733e+02, 1.88479614e+02, 1.37396500e+02,
    1.96753571e+02, 1.37167343e+02, 2.05097748e+02, 1.36867950e+02,
    2.13431702e+02, 1.36524261e+02, 2.21701874e+02, 1.36243439e+02,
    1.80944061e+02, 1.46231430e+02, 1.89203552e+02, 1.45910934e+02,
    1.97403137e+02, 1.45590668e+02, 2.05697128e+02, 1.45329575e+02,
    2.14042236e+02, 1.45043411e+02, 2.22257187e+02, 1.44808990e+02,
    1.81626816e+02, 1.54572342e+02, 1.89863922e+02, 1.54302094e+02,
    1.98092743e+02, 1.54089722e+02, 2.06327820e+02, 1.53707550e+02,
    2.14506638e+02, 1.53366760e+02, 2.22821884e+02, 1.53143387e+02,
    1.82279724e+02, 1.62857193e+02, 1.90517441e+02, 1.62543808e+02,
    1.98722641e+02, 1.62301514e+02, 2.06941162e+02, 1.62084900e+02,
    2.15156647e+02, 1.61679810e+02, 2.23354858e+02, 1.61522858e+02,
    1.83037628e+02, 1.71078613e+02, 1.91194412e+02, 1.70763443e+02,
    1.99313675e+02, 1.70524933e+02, 2.07357162e+02, 1.70284195e+02,
    2.15514801e+02, 1.70059509e+02, 2.23731125e+02, 1.69691360e+02 ]
