%YAML:1.0
---
points: [ 4.63606659e+02, 5.73345947e+02, 4.87700500e+02, 5.70691406e+02,
    5.12361816e+02, 5.67736816e+02, 5.37153992e+02, 5.65226074e+02,
    5.61988770e+02, 5.62301636e+02, 5.87308167e+02, 5.59569702e+02,
    4.68162689e+02, 6.00620850e+02, 4.92344757e+02, 5.97938171e+02,
    5.16853333e+02, 5.95431641e+02, 5.41466370e+02, 5.92679810e+02,
    5.66434998e+02, 5.90321228e+02, 5.91594971e+02, 5.87502319e+02,
    4.72664673e+02, 6.27680908e+02, 4.96780914e+02, 6.25196960e+02,
    5.21414551e+02, 6.22813049e+02, 5.45649170e+02, 6.20402710e+02,
    5.70600952e+02, 6.18070129e+02, 5.95883606e+02, 6.15463562e+02,
    4.77333679e+02, 6.54614380e+02, 5.01548981e+02, 6.52275208e+02,
    5.25777588e+02, 6.50010925e+02, 5.50332397e+02, 6.47814697e+02,
    5.75347168e+02, 6.45450989e+02, 6.00656433e+02, 6.43284729e+02,
    4.81841797e+02, 6.81403015e+02, 5.06277466e+02, 6.79318542e+02,
    5.30424011e+02, 6.77081665e+02, 5.54898621e+02, 6.75088928e+02,
    5.79761230e+02, 6.72757629e+02, 6.05091003e+02, 6.70655945e+02,
    4.86467072e+02, 7.07978882e+02, 5.10602020e+02, 7.06038147e+02,
    5.34761169e+02, 7.03984131e+02, 5.59476318e+02, 7.02145691e+02,
    5.84370667e+02, 7.00149292e+02, 6.09431274e+02, 6.98082275e+02,
    4.90837524e+02, 7.34413391e+02, 5.14837097e+02, 7.32741333e+02,
    5.39135071e+02, 7.30752563e+02, 5.63714172e+02, 7.29141663e+02,
    5.88375732e+02, 7.27449463e+02, 6.13453491e+02, 7.25505798e+02,
    4.94917633e+02, 7.61052429e+02, 5.18655884e+02, 7.59542114e+02,
    5.42908142e+02, 7.58043030e+02, 5.67109741e+02, 7.56411316e+02,
    5.91819885e+02, 7.54848694e+02, 6.17246155e+02, 7.53339294e+02 ]
