%YAML:1.0
---
points: [ 1.03596519e+02, 2.17932205e+02, 1.12158173e+02, 2.16973206e+02,
    1.20712204e+02, 2.15853470e+02, 1.29338089e+02, 2.14853043e+02,
    1.38163330e+02, 2.13816849e+02, 1.47025711e+02, 2.12783173e+02,
    1.05299065e+02, 2.27425598e+02, 1.13728165e+02, 2.26386093e+02,
    1.22303825e+02, 2.25465073e+02, 1.30916473e+02, 2.24469635e+02,
    1.39733078e+02, 2.23453461e+02, 1.48632126e+02, 2.22397232e+02,
    1.06888687e+02, 2.36735748e+02, 1.15348190e+02, 2.35813568e+02,
    1.23938225e+02, 2.34897110e+02, 1.32575226e+02, 2.34006805e+02,
    1.41252869e+02, 2.33127762e+02, 1.50170944e+02, 2.32181763e+02,
    1.08539299e+02, 2.46074860e+02, 1.16996201e+02, 2.45255936e+02,
    1.25567924e+02, 2.44376190e+02, 1.34168503e+02, 2.43506271e+02,
    1.42887268e+02, 2.42687698e+02, 1.51778793e+02, 2.41762558e+02,
    1.10242737e+02, 2.55337585e+02, 1.18697716e+02, 2.54613297e+02,
    1.27212502e+02, 2.53754364e+02, 1.35799316e+02, 2.52981628e+02,
    1.44572021e+02, 2.52165817e+02, 1.53431778e+02, 2.51354431e+02,
    1.11856773e+02, 2.64623047e+02, 1.20327423e+02, 2.63809143e+02,
    1.28826553e+02, 2.63093933e+02, 1.37413086e+02, 2.62383850e+02,
    1.46136322e+02, 2.61556213e+02, 1.54957779e+02, 2.60775146e+02,
    1.13475143e+02, 2.73718231e+02, 1.21877441e+02, 2.73118042e+02,
    1.30371750e+02, 2.72384247e+02, 1.38890152e+02, 2.71765808e+02,
    1.47697861e+02, 2.71009644e+02, 1.56482620e+02, 2.70383423e+02,
    1.14969879e+02, 2.82978394e+02, 1.23347260e+02, 2.82339691e+02,
    1.31760345e+02, 2.81768005e+02, 1.40322830e+02, 2.81188171e+02,
    1.48975372e+02, 2.80603912e+02, 1.57741364e+02, 2.79979462e+02 ]
