%YAML:1.0
---
points: [ 4.63647552e+02, 5.73405823e+02, 4.87693939e+02, 5.70694458e+02,
    5.12336792e+02, 5.67762817e+02, 5.37103638e+02, 5.65218933e+02,
    5.61952393e+02, 5.62295288e+02, 5.87278198e+02, 5.59599792e+02,
    4.68229095e+02, 6.00571289e+02, 4.92332794e+02, 5.97947937e+02,
    5.16844666e+02, 5.95468750e+02, 5.41464966e+02, 5.92717102e+02,
    5.66378296e+02, 5.90286743e+02, 5.91669617e+02, 5.87469360e+02,
    4.72597992e+02, 6.27762024e+02, 4.96780762e+02, 6.25258118e+02,
    5.21402527e+02, 6.22775208e+02, 5.45650940e+02, 6.20372375e+02,
    5.70560486e+02, 6.17972717e+02, 5.95923096e+02, 6.15452759e+02,
    4.77332336e+02, 6.54597534e+02, 5.01537628e+02, 6.52270874e+02,
    5.25694702e+02, 6.50080933e+02, 5.50317993e+02, 6.47772644e+02,
    5.75297302e+02, 6.45414917e+02, 6.00672302e+02, 6.43269165e+02,
    4.81824097e+02, 6.81384155e+02, 5.06157349e+02, 6.79272400e+02,
    5.30409912e+02, 6.77054016e+02, 5.54798401e+02, 6.75086243e+02,
    5.79732910e+02, 6.72727417e+02, 6.05063110e+02, 6.70660706e+02,
    4.86438446e+02, 7.07991821e+02, 5.10617157e+02, 7.06152832e+02,
    5.34766602e+02, 7.03930908e+02, 5.59460022e+02, 7.02146057e+02,
    5.84364380e+02, 7.00185364e+02, 6.09432251e+02, 6.97973083e+02,
    4.90857880e+02, 7.34406921e+02, 5.14796326e+02, 7.32699219e+02,
    5.39125854e+02, 7.30762817e+02, 5.63665527e+02, 7.29135864e+02,
    5.88330994e+02, 7.27437134e+02, 6.13395752e+02, 7.25497437e+02,
    4.94803009e+02, 7.60978455e+02, 5.18678894e+02, 7.59606140e+02,
    5.42926758e+02, 7.58005981e+02, 5.67180542e+02, 7.56441711e+02,
    5.91754700e+02, 7.54844788e+02, 6.17184082e+02, 7.53324768e+02 ]
