%YAML:1.0
---
points: [ 1.03539360e+02, 2.17916183e+02, 1.12117012e+02, 2.16933380e+02,
    1.20739380e+02, 2.15828751e+02, 1.29354645e+02, 2.14827454e+02,
    1.38141449e+02, 2.13821335e+02, 1.46995544e+02, 2.12761063e+02,
    1.05290184e+02, 2.27429550e+02, 1.13714348e+02, 2.26392487e+02,
    1.22297340e+02, 2.25491974e+02, 1.30895966e+02, 2.24438736e+02,
    1.39751419e+02, 2.23477798e+02, 1.48632614e+02, 2.22398727e+02,
    1.06875237e+02, 2.36719269e+02, 1.15360451e+02, 2.35814682e+02,
    1.23894638e+02, 2.34959045e+02, 1.32564621e+02, 2.34054306e+02,
    1.41245712e+02, 2.33108551e+02, 1.50159821e+02, 2.32131180e+02,
    1.08533134e+02, 2.46041519e+02, 1.16978195e+02, 2.45234497e+02,
    1.25578644e+02, 2.44408997e+02, 1.34164703e+02, 2.43521057e+02,
    1.42894470e+02, 2.42681763e+02, 1.51802338e+02, 2.41769577e+02,
    1.10210541e+02, 2.55307877e+02, 1.18655006e+02, 2.54623230e+02,
    1.27186577e+02, 2.53732925e+02, 1.35803238e+02, 2.52987473e+02,
    1.44531006e+02, 2.52196518e+02, 1.53420319e+02, 2.51265625e+02,
    1.11896568e+02, 2.64662445e+02, 1.20308884e+02, 2.63813812e+02,
    1.28807434e+02, 2.63088776e+02, 1.37427979e+02, 2.62365631e+02,
    1.46160767e+02, 2.61576813e+02, 1.54985428e+02, 2.60772919e+02,
    1.13449226e+02, 2.73677917e+02, 1.21861702e+02, 2.73103241e+02,
    1.30322113e+02, 2.72402679e+02, 1.38854797e+02, 2.71769470e+02,
    1.47660934e+02, 2.71063751e+02, 1.56510757e+02, 2.70358032e+02,
    1.14954849e+02, 2.82988831e+02, 1.23326393e+02, 2.82304138e+02,
    1.31760895e+02, 2.81762878e+02, 1.40296753e+02, 2.81168854e+02,
    1.48927750e+02, 2.80580231e+02, 1.57753036e+02, 2.80003815e+02 ]
