%YAML:1.0
---
points: [ 8.18377914e+01, 1.74118637e+02, 9.04756088e+01, 1.72973816e+02,
    9.91909103e+01, 1.71615021e+02, 1.07967331e+02, 1.70337814e+02,
    1.16882095e+02, 1.69106323e+02, 1.25966232e+02, 1.67783096e+02,
    8.35634460e+01, 1.83887329e+02, 9.22464828e+01, 1.82503860e+02,
    1.00861137e+02, 1.81386032e+02, 1.09690903e+02, 1.80153183e+02,
    1.18648918e+02, 1.78958939e+02, 1.27698967e+02, 1.77641846e+02,
    8.53232651e+01, 1.93330292e+02, 9.39691162e+01, 1.92255142e+02,
    1.02613976e+02, 1.91077209e+02, 1.11369102e+02, 1.89929657e+02,
    1.20310677e+02, 1.88683334e+02, 1.29358856e+02, 1.87601669e+02,
    8.71624527e+01, 2.02942261e+02, 9.56991577e+01, 2.01805695e+02,
    1.04371689e+02, 2.00718567e+02, 1.13134544e+02, 1.99571564e+02,
    1.22080238e+02, 1.98526947e+02, 1.31034805e+02, 1.97270432e+02,
    8.88585510e+01, 2.12332291e+02, 9.74042816e+01, 2.11345886e+02,
    1.06138153e+02, 2.10251877e+02, 1.14850723e+02, 2.09264282e+02,
    1.23804207e+02, 2.08198700e+02, 1.32797577e+02, 2.07109604e+02,
    9.06427841e+01, 2.21791672e+02, 9.91774902e+01, 2.20814682e+02,
    1.07880417e+02, 2.19765976e+02, 1.16621239e+02, 2.18770523e+02,
    1.25622070e+02, 2.17768860e+02, 1.34508911e+02, 2.16663681e+02,
    9.22958527e+01, 2.31141235e+02, 1.00859772e+02, 2.30216461e+02,
    1.09496635e+02, 2.29277985e+02, 1.18317329e+02, 2.28341156e+02,
    1.27097847e+02, 2.27336014e+02, 1.36089157e+02, 2.26378281e+02,
    9.38637695e+01, 2.40562454e+02, 1.02421776e+02, 2.39634903e+02,
    1.11059837e+02, 2.38759567e+02, 1.19735161e+02, 2.37815216e+02,
    1.28533096e+02, 2.36965256e+02, 1.37500443e+02, 2.36046188e+02 ]
