%YAML:1.0
---
points: [ 4.00714111e+02, 4.46585236e+02, 4.25704895e+02, 4.43435120e+02,
    4.50776276e+02, 4.39897858e+02, 4.76100220e+02, 4.36550629e+02,
    5.01736786e+02, 4.33245148e+02, 5.27638611e+02, 4.29567719e+02,
    4.05697083e+02, 4.74598450e+02, 4.30641052e+02, 4.71301849e+02,
    4.55637848e+02, 4.68094055e+02, 4.81085938e+02, 4.64927063e+02,
    5.06608826e+02, 4.61438171e+02, 5.32542725e+02, 4.58237549e+02,
    4.10743683e+02, 5.02341431e+02, 4.35562744e+02, 4.99171295e+02,
    4.60625061e+02, 4.96203552e+02, 4.85726379e+02, 4.92838715e+02,
    5.11332428e+02, 4.89787537e+02, 5.37049438e+02, 4.86585449e+02,
    4.15797424e+02, 5.29654480e+02, 4.40603027e+02, 5.26783508e+02,
    4.65541107e+02, 5.23919312e+02, 4.90836731e+02, 5.20759583e+02,
    5.16346497e+02, 5.17827698e+02, 5.41966858e+02, 5.14668091e+02,
    4.20877014e+02, 5.57053772e+02, 4.45588867e+02, 5.54396179e+02,
    4.70516022e+02, 5.51328186e+02, 4.95662292e+02, 5.48713745e+02,
    5.21073364e+02, 5.45635254e+02, 5.46708313e+02, 5.42852844e+02,
    4.25744446e+02, 5.84268494e+02, 4.50491455e+02, 5.81505432e+02,
    4.75482422e+02, 5.78826050e+02, 5.00554901e+02, 5.76147400e+02,
    5.25949097e+02, 5.73400391e+02, 5.51513245e+02, 5.70683105e+02,
    4.30508636e+02, 6.11350525e+02, 4.55123474e+02, 6.08586243e+02,
    4.80185028e+02, 6.06196045e+02, 5.05144928e+02, 6.03486694e+02,
    5.30304688e+02, 6.01071899e+02, 5.55750366e+02, 5.98390015e+02,
    4.34897614e+02, 6.38349609e+02, 4.59523041e+02, 6.35760498e+02,
    4.84240265e+02, 6.33490845e+02, 5.08893433e+02, 6.31082214e+02,
    5.34130432e+02, 6.28739868e+02, 5.59912170e+02, 6.26313660e+02 ]
