%YAML:1.0
---
points: [ 2.82626373e+02, 1.28882721e+02, 2.91223755e+02, 1.28765427e+02,
    2.99775269e+02, 1.28640381e+02, 3.08227814e+02, 1.28401459e+02,
    3.16788025e+02, 1.28250061e+02, 3.25349274e+02, 1.28068909e+02,
    2.82835938e+02, 1.37536316e+02, 2.91270172e+02, 1.37499390e+02,
    2.99686615e+02, 1.37259277e+02, 3.08194183e+02, 1.37172943e+02,
    3.16631775e+02, 1.36942352e+02, 3.25179993e+02, 1.36688309e+02,
    2.82937561e+02, 1.46255493e+02, 2.91149170e+02, 1.45962265e+02,
    2.99557068e+02, 1.45904465e+02, 3.08100372e+02, 1.45624252e+02,
    3.16459839e+02, 1.45450272e+02, 3.25092377e+02, 1.45308380e+02,
    2.82804657e+02, 1.54590454e+02, 2.91272186e+02, 1.54449326e+02,
    2.99463379e+02, 1.54245880e+02, 3.07974243e+02, 1.54226257e+02,
    3.16267670e+02, 1.54038391e+02, 3.24849548e+02, 1.53848740e+02,
    2.82933563e+02, 1.63043472e+02, 2.91193420e+02, 1.62818054e+02,
    2.99461578e+02, 1.62702560e+02, 3.07899200e+02, 1.62432510e+02,
    3.16269073e+02, 1.62362793e+02, 3.24631744e+02, 1.62243240e+02,
    2.82854797e+02, 1.71209000e+02, 2.91232849e+02, 1.71131653e+02,
    2.99427917e+02, 1.70964783e+02, 3.07775574e+02, 1.70832123e+02,
    3.16180725e+02, 1.70653061e+02, 3.24359680e+02, 1.70607025e+02,
    2.83021240e+02, 1.79317825e+02, 2.91199982e+02, 1.79264923e+02,
    2.99418884e+02, 1.79174072e+02, 3.07656708e+02, 1.79042297e+02,
    3.16080902e+02, 1.78890656e+02, 3.24275970e+02, 1.78789352e+02,
    2.82990967e+02, 1.87404404e+02, 2.91243164e+02, 1.87370804e+02,
    2.99330750e+02, 1.87272507e+02, 3.07585052e+02, 1.87225922e+02,
    3.15995514e+02, 1.87105347e+02, 3.24289673e+02, 1.87002365e+02 ]
