%YAML:1.0
---
points: [ 4.00721649e+02, 4.46625519e+02, 4.25738373e+02, 4.43477631e+02,
    4.50802063e+02, 4.39843170e+02, 4.76180206e+02, 4.36551666e+02,
    5.01773376e+02, 4.33263489e+02, 5.27678955e+02, 4.29588501e+02,
    4.05756104e+02, 4.74641815e+02, 4.30666931e+02, 4.71303101e+02,
    4.55620056e+02, 4.68164856e+02, 4.81191315e+02, 4.64890472e+02,
    5.06626373e+02, 4.61458160e+02, 5.32523254e+02, 4.58302490e+02,
    4.10808441e+02, 5.02389862e+02, 4.35564819e+02, 4.99217957e+02,
    4.60657135e+02, 4.96249298e+02, 4.85791992e+02, 4.92895905e+02,
    5.11374664e+02, 4.89844116e+02, 5.37131592e+02, 4.86616089e+02,
    4.15812347e+02, 5.29700684e+02, 4.40657013e+02, 5.26836243e+02,
    4.65595245e+02, 5.23940735e+02, 4.90842010e+02, 5.20782959e+02,
    5.16368225e+02, 5.17858582e+02, 5.41914124e+02, 5.14713257e+02,
    4.20896118e+02, 5.57059753e+02, 4.45612854e+02, 5.54365234e+02,
    4.70530365e+02, 5.51345032e+02, 4.95646210e+02, 5.48721069e+02,
    5.21160461e+02, 5.45684570e+02, 5.46715698e+02, 5.42922913e+02,
    4.25810730e+02, 5.84253601e+02, 4.50477325e+02, 5.81540283e+02,
    4.75463623e+02, 5.78853394e+02, 5.00629089e+02, 5.76164124e+02,
    5.26018738e+02, 5.73403137e+02, 5.51582397e+02, 5.70690613e+02,
    4.30534698e+02, 6.11387695e+02, 4.55176636e+02, 6.08611023e+02,
    4.80235809e+02, 6.06273376e+02, 5.05137238e+02, 6.03518677e+02,
    5.30348206e+02, 6.01131531e+02, 5.55798767e+02, 5.98420654e+02,
    4.34966461e+02, 6.38340698e+02, 4.59558533e+02, 6.35759460e+02,
    4.84329803e+02, 6.33541626e+02, 5.08926849e+02, 6.31145386e+02,
    5.34162842e+02, 6.28779663e+02, 5.59983765e+02, 6.26312683e+02 ]
