%YAML:1.0
---
points: [ 8.18601837e+01, 1.74135925e+02, 9.04887238e+01, 1.72947540e+02,
    9.91896210e+01, 1.71603271e+02, 1.08027122e+02, 1.70351776e+02,
    1.16864288e+02, 1.69118484e+02, 1.25963562e+02, 1.67747070e+02,
    8.35654297e+01, 1.83901825e+02, 9.22319717e+01, 1.82523224e+02,
    1.00865211e+02, 1.81417389e+02, 1.09681183e+02, 1.80128265e+02,
    1.18648468e+02, 1.78933060e+02, 1.27660973e+02, 1.77602921e+02,
    8.53199310e+01, 1.93336288e+02, 9.39375076e+01, 1.92255524e+02,
    1.02651535e+02, 1.91084854e+02, 1.11369026e+02, 1.89920532e+02,
    1.20264076e+02, 1.88654266e+02, 1.29343063e+02, 1.87597244e+02,
    8.71900711e+01, 2.02980911e+02, 9.56832047e+01, 2.01838043e+02,
    1.04386086e+02, 2.00734207e+02, 1.13123077e+02, 1.99576385e+02,
    1.22088799e+02, 1.98520584e+02, 1.31049774e+02, 1.97307785e+02,
    8.88899155e+01, 2.12341293e+02, 9.74669266e+01, 2.11353333e+02,
    1.06144157e+02, 2.10237000e+02, 1.14850937e+02, 2.09257797e+02,
    1.23805641e+02, 2.08171005e+02, 1.32779022e+02, 2.07115433e+02,
    9.06503983e+01, 2.21826096e+02, 9.92147293e+01, 2.20852905e+02,
    1.07924377e+02, 2.19808716e+02, 1.16664436e+02, 2.18775787e+02,
    1.25629433e+02, 2.17785645e+02, 1.34533234e+02, 2.16652588e+02,
    9.22944489e+01, 2.31139923e+02, 1.00827438e+02, 2.30252533e+02,
    1.09496567e+02, 2.29273834e+02, 1.18302483e+02, 2.28379227e+02,
    1.27138351e+02, 2.27322495e+02, 1.36062119e+02, 2.26395752e+02,
    9.38964386e+01, 2.40574875e+02, 1.02449821e+02, 2.39627502e+02,
    1.11042053e+02, 2.38733826e+02, 1.19757301e+02, 2.37790314e+02,
    1.28556671e+02, 2.36945862e+02, 1.37526871e+02, 2.36028488e+02 ]
