%YAML:1.0
---
points: [ 9.83688354e+01, 1.21314880e+02, 1.06767990e+02, 1.19911644e+02,
    1.15246361e+02, 1.18277855e+02, 1.23839188e+02, 1.16751274e+02,
    1.32565903e+02, 1.15140556e+02, 1.41439270e+02, 1.13573555e+02,
    1.00071831e+02, 1.31140869e+02, 1.08464119e+02, 1.29600296e+02,
    1.16935349e+02, 1.28180206e+02, 1.25554199e+02, 1.26634155e+02,
    1.34299454e+02, 1.25175842e+02, 1.43139755e+02, 1.23619789e+02,
    1.01823936e+02, 1.40754639e+02, 1.10161453e+02, 1.39382675e+02,
    1.18624306e+02, 1.38023727e+02, 1.27196381e+02, 1.36577408e+02,
    1.35875717e+02, 1.35131104e+02, 1.44753387e+02, 1.33734512e+02,
    1.03616692e+02, 1.50445251e+02, 1.11909691e+02, 1.49131561e+02,
    1.20373001e+02, 1.47837143e+02, 1.28912323e+02, 1.46423706e+02,
    1.37700180e+02, 1.45124786e+02, 1.46544510e+02, 1.43705551e+02,
    1.05282799e+02, 1.59981628e+02, 1.13617256e+02, 1.58761307e+02,
    1.22115494e+02, 1.57409851e+02, 1.30679337e+02, 1.56202255e+02,
    1.39348495e+02, 1.54948242e+02, 1.48209961e+02, 1.53651382e+02,
    1.07040932e+02, 1.69519623e+02, 1.15334023e+02, 1.68291748e+02,
    1.23855698e+02, 1.67159088e+02, 1.32420944e+02, 1.65926971e+02,
    1.41124191e+02, 1.64697281e+02, 1.49894318e+02, 1.63399994e+02,
    1.08654060e+02, 1.79010773e+02, 1.17044159e+02, 1.77801331e+02,
    1.25487793e+02, 1.76673157e+02, 1.34038727e+02, 1.75540192e+02,
    1.42745316e+02, 1.74316895e+02, 1.51464813e+02, 1.73222305e+02,
    1.10230034e+02, 1.88374924e+02, 1.18618805e+02, 1.87278122e+02,
    1.26954887e+02, 1.86206604e+02, 1.35565735e+02, 1.85150513e+02,
    1.44105453e+02, 1.84059174e+02, 1.52900177e+02, 1.83023224e+02 ]
