%YAML:1.0
---
points: [ 4.50194489e+02, 2.95015564e+02, 4.74452728e+02, 2.91099640e+02,
    4.98761963e+02, 2.86787506e+02, 5.23328918e+02, 2.82664124e+02,
    5.48393677e+02, 2.78398254e+02, 5.73656677e+02, 2.74331573e+02,
    4.55183563e+02, 3.23369537e+02, 4.79437317e+02, 3.19206970e+02,
    5.03576752e+02, 3.15432495e+02, 5.28279175e+02, 3.11463257e+02,
    5.53246155e+02, 3.07495911e+02, 5.78457703e+02, 3.03330719e+02,
    4.60220001e+02, 3.51143524e+02, 4.84446777e+02, 3.47527191e+02,
    5.08538300e+02, 3.43830017e+02, 5.33005249e+02, 3.39983765e+02,
    5.57724365e+02, 3.36067841e+02, 5.82904724e+02, 3.32483368e+02,
    4.65298737e+02, 3.79184296e+02, 4.89442963e+02, 3.75608887e+02,
    5.13446228e+02, 3.71972687e+02, 5.38112610e+02, 3.68347595e+02,
    5.62812561e+02, 3.64785767e+02, 5.87848206e+02, 3.60991547e+02,
    4.70362854e+02, 4.06756927e+02, 4.94350586e+02, 4.03397736e+02,
    5.18453857e+02, 3.99961609e+02, 5.42932007e+02, 3.96623016e+02,
    5.67596313e+02, 3.93057159e+02, 5.92630737e+02, 3.89625000e+02,
    4.75254333e+02, 4.34107025e+02, 4.99227722e+02, 4.30739502e+02,
    5.23324219e+02, 4.27744537e+02, 5.47830872e+02, 4.24473419e+02,
    5.72470032e+02, 4.21275604e+02, 5.97499878e+02, 4.17957458e+02,
    4.80064636e+02, 4.61237183e+02, 5.03774292e+02, 4.58374359e+02,
    5.28034180e+02, 4.55263306e+02, 5.52385010e+02, 4.52267639e+02,
    5.76927429e+02, 4.49336700e+02, 6.01889893e+02, 4.45976410e+02,
    4.84482971e+02, 4.88397858e+02, 5.08132935e+02, 4.85666748e+02,
    5.32207031e+02, 4.82675354e+02, 5.56348633e+02, 4.80065857e+02,
    5.80828979e+02, 4.77109192e+02, 6.06020752e+02, 4.74262207e+02 ]
