%YAML:1.0
---
points: [ 9.84100037e+01, 1.21375931e+02, 1.06759399e+02, 1.19966209e+02,
    1.15284203e+02, 1.18306015e+02, 1.23864998e+02, 1.16782829e+02,
    1.32573303e+02, 1.15198364e+02, 1.41504288e+02, 1.13618454e+02,
    1.00074692e+02, 1.31218155e+02, 1.08478577e+02, 1.29687775e+02,
    1.17015739e+02, 1.28245514e+02, 1.25579224e+02, 1.26720139e+02,
    1.34287109e+02, 1.25232727e+02, 1.43142914e+02, 1.23688461e+02,
    1.01798325e+02, 1.40871582e+02, 1.10174606e+02, 1.39516174e+02,
    1.18655182e+02, 1.38078171e+02, 1.27187332e+02, 1.36658646e+02,
    1.35942459e+02, 1.35177505e+02, 1.44739746e+02, 1.33755844e+02,
    1.03637909e+02, 1.50488907e+02, 1.11931641e+02, 1.49168869e+02,
    1.20392700e+02, 1.47833664e+02, 1.28921082e+02, 1.46457047e+02,
    1.37713867e+02, 1.45156204e+02, 1.46559143e+02, 1.43729431e+02,
    1.05274216e+02, 1.60019760e+02, 1.13621445e+02, 1.58811737e+02,
    1.22108498e+02, 1.57462250e+02, 1.30693161e+02, 1.56269302e+02,
    1.39423737e+02, 1.54980240e+02, 1.48221115e+02, 1.53701935e+02,
    1.07047997e+02, 1.69583221e+02, 1.15378357e+02, 1.68345642e+02,
    1.23862869e+02, 1.67184341e+02, 1.32456512e+02, 1.65951675e+02,
    1.41162857e+02, 1.64781586e+02, 1.49919418e+02, 1.63483749e+02,
    1.08661629e+02, 1.79033554e+02, 1.17061829e+02, 1.77852020e+02,
    1.25502716e+02, 1.76733582e+02, 1.34074341e+02, 1.75598038e+02,
    1.42743378e+02, 1.74392319e+02, 1.51506470e+02, 1.73306030e+02,
    1.10265022e+02, 1.88402237e+02, 1.18647141e+02, 1.87301346e+02,
    1.26996330e+02, 1.86265854e+02, 1.35547928e+02, 1.85204468e+02,
    1.44173386e+02, 1.84141022e+02, 1.52933701e+02, 1.83045609e+02 ]
