%YAML:1.0
---
points: [ 4.50324585e+02, 2.95226746e+02, 4.74526917e+02, 2.91259125e+02,
    4.98838531e+02, 2.86930542e+02, 5.23419434e+02, 2.82814545e+02,
    5.48441711e+02, 2.78508972e+02, 5.73721375e+02, 2.74406342e+02,
    4.55231995e+02, 3.23468536e+02, 4.79506958e+02, 3.19353455e+02,
    5.03614441e+02, 3.15549561e+02, 5.28348694e+02, 3.11593445e+02,
    5.53297302e+02, 3.07585083e+02, 5.78494019e+02, 3.03427582e+02,
    4.60268616e+02, 3.51304108e+02, 4.84491302e+02, 3.47616638e+02,
    5.08580231e+02, 3.43977844e+02, 5.33080383e+02, 3.40191040e+02,
    5.57862549e+02, 3.36258575e+02, 5.82969971e+02, 3.32597717e+02,
    4.65383850e+02, 3.79341461e+02, 4.89457062e+02, 3.75745544e+02,
    5.13544861e+02, 3.72165253e+02, 5.38203796e+02, 3.68516144e+02,
    5.62923706e+02, 3.64953796e+02, 5.88037415e+02, 3.61139252e+02,
    4.70400482e+02, 4.06889282e+02, 4.94451172e+02, 4.03492645e+02,
    5.18478821e+02, 4.00117981e+02, 5.42982910e+02, 3.96702423e+02,
    5.67619629e+02, 3.93191284e+02, 5.92671021e+02, 3.89744232e+02,
    4.75324921e+02, 4.34248749e+02, 4.99301178e+02, 4.30916260e+02,
    5.23400208e+02, 4.27970001e+02, 5.47890686e+02, 4.24579956e+02,
    5.72585632e+02, 4.21405975e+02, 5.97551086e+02, 4.18146118e+02,
    4.80123871e+02, 4.61352478e+02, 5.03876373e+02, 4.58465088e+02,
    5.28110840e+02, 4.55353302e+02, 5.52401611e+02, 4.52421753e+02,
    5.76981323e+02, 4.49446655e+02, 6.01981323e+02, 4.46156281e+02,
    4.84562042e+02, 4.88512787e+02, 5.08239594e+02, 4.85792755e+02,
    5.32262207e+02, 4.82790100e+02, 5.56383667e+02, 4.80187073e+02,
    5.80889648e+02, 4.77249908e+02, 6.06076111e+02, 4.74380585e+02 ]
