%YAML:1.0
---
points: [ 1.64205856e+02, 8.12258606e+01, 1.67143356e+02, 1.03614746e+02,
    1.70062424e+02, 1.25596245e+02, 1.72851624e+02, 1.46914581e+02,
    1.75635239e+02, 1.68022903e+02, 1.78330475e+02, 1.88659866e+02,
    1.43612350e+02, 8.36573639e+01, 1.46710007e+02, 1.05793533e+02,
    1.49648422e+02, 1.27488785e+02, 1.52709824e+02, 1.48743179e+02,
    1.55614166e+02, 1.69662827e+02, 1.58412750e+02, 1.90147507e+02,
    1.23338020e+02, 8.60336838e+01, 1.26472839e+02, 1.07844261e+02,
    1.29706772e+02, 1.29383331e+02, 1.32723801e+02, 1.50564941e+02,
    1.35754166e+02, 1.71208298e+02, 1.38737976e+02, 1.91697983e+02,
    1.03586052e+02, 8.84207153e+01, 1.06808121e+02, 1.10111687e+02,
    1.10010155e+02, 1.31431641e+02, 1.13227913e+02, 1.52279282e+02,
    1.16366570e+02, 1.72885361e+02, 1.19468239e+02, 1.93098358e+02,
    8.42770081e+01, 9.09867859e+01, 8.75468979e+01, 1.12294312e+02,
    9.08035583e+01, 1.33385452e+02, 9.40165787e+01, 1.54101181e+02,
    9.73087921e+01, 1.74444229e+02, 1.00587250e+02, 1.94571152e+02,
    6.55972214e+01, 9.35245438e+01, 6.88772736e+01, 1.14694832e+02,
    7.21525879e+01, 1.35339035e+02, 7.54380341e+01, 1.55892075e+02,
    7.87639999e+01, 1.76088913e+02, 8.20715714e+01, 1.95976974e+02,
    4.74214020e+01, 9.61684952e+01, 5.05058136e+01, 1.16954407e+02,
    5.37426453e+01, 1.37540970e+02, 5.71515808e+01, 1.57565933e+02,
    6.04862900e+01, 1.77764496e+02, 6.37824097e+01, 1.97452667e+02,
    2.97010937e+01, 9.89258423e+01, 3.25531311e+01, 1.19351135e+02,
    3.56740875e+01, 1.39624191e+02, 3.88783607e+01, 1.59674088e+02,
    4.21345291e+01, 1.79400146e+02, 4.55672264e+01, 1.98925949e+02 ]
