%YAML:1.0
---
points: [ 3.44055878e+02, 2.40358383e+02, 3.52204437e+02, 2.40928574e+02,
    3.60332489e+02, 2.41490433e+02, 3.68451263e+02, 2.41980423e+02,
    3.76619232e+02, 2.42513428e+02, 3.84888428e+02, 2.43052658e+02,
    3.43584045e+02, 2.48562485e+02, 3.51761292e+02, 2.49164413e+02,
    3.60097595e+02, 2.49677460e+02, 3.68162109e+02, 2.50295624e+02,
    3.76333313e+02, 2.50737259e+02, 3.84506836e+02, 2.51325851e+02,
    3.43198822e+02, 2.56844727e+02, 3.51356384e+02, 2.57361664e+02,
    3.59576630e+02, 2.57965363e+02, 3.67802887e+02, 2.58418945e+02,
    3.76056396e+02, 2.59054565e+02, 3.84255524e+02, 2.59577606e+02,
    3.42762054e+02, 2.65073669e+02, 3.51075836e+02, 2.65626740e+02,
    3.59255768e+02, 2.66215363e+02, 3.67362396e+02, 2.66775391e+02,
    3.75631561e+02, 2.67266357e+02, 3.83834686e+02, 2.67870026e+02,
    3.42368744e+02, 2.73347534e+02, 3.50629852e+02, 2.73952148e+02,
    3.58890900e+02, 2.74518585e+02, 3.67136932e+02, 2.75045258e+02,
    3.75277618e+02, 2.75630890e+02, 3.83414246e+02, 2.76075562e+02,
    3.42056519e+02, 2.81720703e+02, 3.50299042e+02, 2.82203094e+02,
    3.58433075e+02, 2.82798157e+02, 3.66667114e+02, 2.83335907e+02,
    3.74913147e+02, 2.83847748e+02, 3.83151031e+02, 2.84461212e+02,
    3.41531494e+02, 2.90074860e+02, 3.49883728e+02, 2.90532654e+02,
    3.58179108e+02, 2.91153595e+02, 3.66398712e+02, 2.91654083e+02,
    3.74505005e+02, 2.92263336e+02, 3.82787506e+02, 2.92771820e+02,
    3.41273804e+02, 2.98360718e+02, 3.49535248e+02, 2.98970734e+02,
    3.57903290e+02, 2.99516327e+02, 3.66127960e+02, 3.00109070e+02,
    3.74296387e+02, 3.00575989e+02, 3.82552643e+02, 3.01163788e+02 ]
