%YAML:1.0
---
points: [ 5.74803833e+02, 1.81711639e+02, 5.83960999e+02, 2.46233902e+02,
    5.92830505e+02, 3.09411530e+02, 6.01557922e+02, 3.71089478e+02,
    6.09891418e+02, 4.31571808e+02, 6.17852173e+02, 4.91095978e+02,
    5.16188293e+02, 1.87645294e+02, 5.25659058e+02, 2.51728012e+02,
    5.34956726e+02, 3.14370575e+02, 5.44036865e+02, 3.75678192e+02,
    5.52905029e+02, 4.35751678e+02, 5.61374268e+02, 4.95043610e+02,
    4.58173828e+02, 1.93628448e+02, 4.68293640e+02, 2.57219849e+02,
    4.77842133e+02, 3.19392120e+02, 4.87214691e+02, 3.80347382e+02,
    4.96291809e+02, 4.40125336e+02, 5.05339111e+02, 4.98788147e+02,
    4.01200287e+02, 1.99631119e+02, 4.11674469e+02, 2.62638092e+02,
    4.21750214e+02, 3.24371887e+02, 4.31623016e+02, 3.84733032e+02,
    4.41290161e+02, 4.44177277e+02, 4.50546783e+02, 5.02527832e+02,
    3.45152100e+02, 2.05663284e+02, 3.55863861e+02, 2.68039642e+02,
    3.66422241e+02, 3.29368439e+02, 3.76607513e+02, 3.89209290e+02,
    3.86657379e+02, 4.48358612e+02, 3.96666565e+02, 5.06117279e+02,
    2.90219818e+02, 2.11671906e+02, 3.01369171e+02, 2.73471405e+02,
    3.12232758e+02, 3.34243835e+02, 3.22931610e+02, 3.93542908e+02,
    3.33399994e+02, 4.52049591e+02, 3.43546600e+02, 5.09582916e+02,
    2.35658585e+02, 2.17449066e+02, 2.47082581e+02, 2.78702789e+02,
    2.58286194e+02, 3.39054718e+02, 2.69112579e+02, 3.98028076e+02,
    2.79724518e+02, 4.56163940e+02, 2.90161499e+02, 5.13419067e+02,
    1.81382889e+02, 2.23220459e+02, 1.92500473e+02, 2.83979736e+02,
    2.03576553e+02, 3.43925385e+02, 2.14381088e+02, 4.02530579e+02,
    2.25236313e+02, 4.60375458e+02, 2.36412888e+02, 5.17356445e+02 ]
