%YAML:1.0
---
points: [ 1.15737170e+03, 2.99775879e+02, 1.18347949e+03, 3.17033997e+02,
    1.20940308e+03, 3.34242462e+02, 1.23529211e+03, 3.51348816e+02,
    1.26093799e+03, 3.68388245e+02, 1.28674707e+03, 3.85365021e+02,
    1.14067993e+03, 3.26092743e+02, 1.16677051e+03, 3.43299622e+02,
    1.19291479e+03, 3.60432281e+02, 1.21878088e+03, 3.77460358e+02,
    1.24478906e+03, 3.94452332e+02, 1.27068945e+03, 4.11365021e+02,
    1.12437939e+03, 3.52218872e+02, 1.15058728e+03, 3.69360046e+02,
    1.17671704e+03, 3.86419556e+02, 1.20281165e+03, 4.03454468e+02,
    1.22885840e+03, 4.20426117e+02, 1.25492334e+03, 4.37329559e+02,
    1.10823535e+03, 3.78300690e+02, 1.13458008e+03, 3.95378082e+02,
    1.16077209e+03, 4.12434601e+02, 1.18691467e+03, 4.29401398e+02,
    1.21304004e+03, 4.46465851e+02, 1.23901843e+03, 4.63406799e+02,
    1.09179272e+03, 4.04477661e+02, 1.11834705e+03, 4.21612335e+02,
    1.14458325e+03, 4.38671539e+02, 1.17080054e+03, 4.55628754e+02,
    1.19695251e+03, 4.72660004e+02, 1.22327039e+03, 4.89566162e+02,
    1.07545825e+03, 4.30727814e+02, 1.10199805e+03, 4.47945587e+02,
    1.12844897e+03, 4.65063110e+02, 1.15468530e+03, 4.82081665e+02,
    1.18097339e+03, 4.99093170e+02, 1.20731299e+03, 5.15985046e+02,
    1.05875940e+03, 4.57353882e+02, 1.08551135e+03, 4.74529602e+02,
    1.11205420e+03, 4.91604797e+02, 1.13848987e+03, 5.08609894e+02,
    1.16473755e+03, 5.25588318e+02, 1.19118896e+03, 5.42572937e+02,
    1.04231909e+03, 4.83962463e+02, 1.06884448e+03, 5.01226593e+02,
    1.09558728e+03, 5.18351013e+02, 1.12207690e+03, 5.35344055e+02,
    1.14854675e+03, 5.52296753e+02, 1.17485828e+03, 5.69236328e+02 ]
