%YAML:1.0
---
points: [ 1.64195236e+02, 8.12155838e+01, 1.67157959e+02, 1.03608910e+02,
    1.70067566e+02, 1.25606575e+02, 1.72854370e+02, 1.46936859e+02,
    1.75635300e+02, 1.68013916e+02, 1.78314636e+02, 1.88654266e+02,
    1.43607422e+02, 8.36666031e+01, 1.46712646e+02, 1.05766113e+02,
    1.49703949e+02, 1.27551659e+02, 1.52720718e+02, 1.48745911e+02,
    1.55608215e+02, 1.69651947e+02, 1.58453674e+02, 1.90109909e+02,
    1.23356857e+02, 8.60239258e+01, 1.26421570e+02, 1.07816849e+02,
    1.29699951e+02, 1.29368866e+02, 1.32712357e+02, 1.50550934e+02,
    1.35705200e+02, 1.71231674e+02, 1.38714798e+02, 1.91686615e+02,
    1.03548759e+02, 8.84010849e+01, 1.06789932e+02, 1.10112335e+02,
    1.10027191e+02, 1.31436401e+02, 1.13220985e+02, 1.52276627e+02,
    1.16362389e+02, 1.72875275e+02, 1.19464790e+02, 1.93107788e+02,
    8.42848969e+01, 9.09234238e+01, 8.75343857e+01, 1.12295692e+02,
    9.07712708e+01, 1.33390762e+02, 9.39963150e+01, 1.54085312e+02,
    9.72781601e+01, 1.74454025e+02, 1.00572021e+02, 1.94564896e+02,
    6.55775528e+01, 9.35074692e+01, 6.88722687e+01, 1.14689140e+02,
    7.21168900e+01, 1.35345856e+02, 7.54163589e+01, 1.55871338e+02,
    7.87686157e+01, 1.76074112e+02, 8.20902176e+01, 1.95986877e+02,
    4.73855972e+01, 9.61491852e+01, 5.04908714e+01, 1.16962608e+02,
    5.37341728e+01, 1.37537903e+02, 5.70580215e+01, 1.57652130e+02,
    6.04340324e+01, 1.77745453e+02, 6.37895012e+01, 1.97444550e+02,
    2.96655884e+01, 9.89131165e+01, 3.25714531e+01, 1.19347641e+02,
    3.56503906e+01, 1.39622955e+02, 3.88628082e+01, 1.59659561e+02,
    4.21117821e+01, 1.79415421e+02, 4.55401077e+01, 1.98932678e+02 ]
