%YAML:1.0
---
points: [ 5.74780518e+02, 1.81708664e+02, 5.83921143e+02, 2.46236572e+02,
    5.92819702e+02, 3.09401733e+02, 6.01530945e+02, 3.71109100e+02,
    6.09865051e+02, 4.31574310e+02, 6.17837158e+02, 4.91125854e+02,
    5.16106628e+02, 1.87653671e+02, 5.25628235e+02, 2.51699753e+02,
    5.34875305e+02, 3.14385437e+02, 5.44010559e+02, 3.75693573e+02,
    5.52911804e+02, 4.35752502e+02, 5.61379395e+02, 4.95043884e+02,
    4.58115570e+02, 1.93624222e+02, 4.68267975e+02, 2.57207062e+02,
    4.77795288e+02, 3.19396576e+02, 4.87215912e+02, 3.80357086e+02,
    4.96279846e+02, 4.40148407e+02, 5.05356384e+02, 4.98790131e+02,
    4.01258392e+02, 1.99614777e+02, 4.11664398e+02, 2.62616425e+02,
    4.21691315e+02, 3.24376068e+02, 4.31612183e+02, 3.84737183e+02,
    4.41292419e+02, 4.44224060e+02, 4.50502533e+02, 5.02502930e+02,
    3.45072815e+02, 2.05680740e+02, 3.55822815e+02, 2.68031311e+02,
    3.66339569e+02, 3.29355804e+02, 3.76562469e+02, 3.89210663e+02,
    3.86653534e+02, 4.48377319e+02, 3.96650940e+02, 5.06132080e+02,
    2.90128052e+02, 2.11614441e+02, 3.01318481e+02, 2.73477173e+02,
    3.12236786e+02, 3.34255768e+02, 3.22888397e+02, 3.93517120e+02,
    3.33302673e+02, 4.52062012e+02, 3.43529572e+02, 5.09600006e+02,
    2.35609146e+02, 2.17440002e+02, 2.47038651e+02, 2.78744873e+02,
    2.58280548e+02, 3.38989868e+02, 2.69092041e+02, 3.98036072e+02,
    2.79691589e+02, 4.56216125e+02, 2.90174805e+02, 5.13422119e+02,
    1.81320511e+02, 2.23227814e+02, 1.92499664e+02, 2.83947968e+02,
    2.03567139e+02, 3.43899078e+02, 2.14319244e+02, 4.02521301e+02,
    2.25212402e+02, 4.60363037e+02, 2.36440887e+02, 5.17384216e+02 ]
