%YAML:1.0
---
points: [ 8.53693604e+02, 5.47620239e+02, 8.81489075e+02, 5.66255859e+02,
    9.09301208e+02, 5.84769165e+02, 9.36788879e+02, 6.03429749e+02,
    9.64505493e+02, 6.21870483e+02, 9.92187622e+02, 6.40453369e+02,
    8.34816101e+02, 5.75325195e+02, 8.62725708e+02, 5.94071960e+02,
    8.90593933e+02, 6.12635193e+02, 9.18332458e+02, 6.31143860e+02,
    9.46097046e+02, 6.49671509e+02, 9.73708984e+02, 6.68250732e+02,
    8.16045288e+02, 6.03270203e+02, 8.44031982e+02, 6.21766052e+02,
    8.72061462e+02, 6.40455872e+02, 8.99730469e+02, 6.59038940e+02,
    9.27590820e+02, 6.77500122e+02, 9.55449951e+02, 6.96154175e+02,
    7.97003662e+02, 6.31235596e+02, 8.25237183e+02, 6.49802979e+02,
    8.53202820e+02, 6.68528381e+02, 8.81124634e+02, 6.87208008e+02,
    9.09067993e+02, 7.05668213e+02, 9.36960571e+02, 7.24355713e+02,
    7.77716125e+02, 6.59392517e+02, 8.06088928e+02, 6.78259277e+02,
    8.34158325e+02, 6.96860779e+02, 8.62210083e+02, 7.15584473e+02,
    8.90394897e+02, 7.34194885e+02, 9.18461975e+02, 7.52738586e+02,
    7.58395691e+02, 6.88053528e+02, 7.86600281e+02, 7.06751282e+02,
    8.15009583e+02, 7.25505432e+02, 8.43243347e+02, 7.44209229e+02,
    8.71408691e+02, 7.62957642e+02, 8.99559570e+02, 7.81642395e+02,
    7.38773132e+02, 7.16634338e+02, 7.67313110e+02, 7.35519531e+02,
    7.95646790e+02, 7.54403442e+02, 8.23978333e+02, 7.73141907e+02,
    8.52305969e+02, 7.91877563e+02, 8.80631226e+02, 8.10653259e+02,
    7.19164429e+02, 7.45592834e+02, 7.47656738e+02, 7.64553772e+02,
    7.76261963e+02, 7.83447144e+02, 8.04591003e+02, 8.02201172e+02,
    8.33100342e+02, 8.20996338e+02, 8.61538757e+02, 8.39830444e+02 ]
