%YAML:1.0
---
points: [ 3.39330566e+02, 1.97377899e+02, 3.47413361e+02, 1.97844818e+02,
    3.55385864e+02, 1.98291016e+02, 3.63439667e+02, 1.98705185e+02,
    3.71412079e+02, 1.99203049e+02, 3.79444885e+02, 1.99610703e+02,
    3.39179230e+02, 2.05429749e+02, 3.47239044e+02, 2.05894867e+02,
    3.55217804e+02, 2.06334702e+02, 3.63250641e+02, 2.06762772e+02,
    3.71247375e+02, 2.07164490e+02, 3.79316803e+02, 2.07700699e+02,
    3.38807526e+02, 2.13535110e+02, 3.46898315e+02, 2.13953812e+02,
    3.54984528e+02, 2.14384552e+02, 3.63053223e+02, 2.14788788e+02,
    3.71093231e+02, 2.15263016e+02, 3.79169373e+02, 2.15649994e+02,
    3.38485687e+02, 2.21518326e+02, 3.46568939e+02, 2.22015213e+02,
    3.54553864e+02, 2.22383072e+02, 3.62640594e+02, 2.22889526e+02,
    3.70792511e+02, 2.23342697e+02, 3.78849792e+02, 2.23837799e+02,
    3.38196991e+02, 2.29678528e+02, 3.46330688e+02, 2.30134201e+02,
    3.54371460e+02, 2.30576202e+02, 3.62423737e+02, 2.30993118e+02,
    3.70475250e+02, 2.31433578e+02, 3.78523438e+02, 2.31803253e+02,
    3.37997894e+02, 2.37726715e+02, 3.46104797e+02, 2.38209152e+02,
    3.54194397e+02, 2.38618286e+02, 3.62253540e+02, 2.39117996e+02,
    3.70300140e+02, 2.39513229e+02, 3.78356720e+02, 2.39969177e+02,
    3.37638794e+02, 2.45880692e+02, 3.45799774e+02, 2.46287643e+02,
    3.54001923e+02, 2.46749191e+02, 3.62042664e+02, 2.47237869e+02,
    3.70147644e+02, 2.47689301e+02, 3.78197449e+02, 2.48082779e+02,
    3.37395874e+02, 2.54056885e+02, 3.45488007e+02, 2.54451935e+02,
    3.53662964e+02, 2.54943863e+02, 3.61784210e+02, 2.55375931e+02,
    3.70050446e+02, 2.55793182e+02, 3.78139435e+02, 2.56301727e+02 ]
