%YAML:1.0
---
points: [ 5.92026794e+02, 4.70523285e+02, 6.01228455e+02, 5.29173706e+02,
    6.09877563e+02, 5.86737366e+02, 6.18147339e+02, 6.43409973e+02,
    6.26413208e+02, 6.98897095e+02, 6.34254395e+02, 7.54144165e+02,
    5.35611084e+02, 4.75491669e+02, 5.44908081e+02, 5.33714844e+02,
    5.54132690e+02, 5.91090271e+02, 5.62814819e+02, 6.47231934e+02,
    5.71336487e+02, 7.02640137e+02, 5.79774292e+02, 7.57370300e+02,
    4.79804382e+02, 4.80311249e+02, 4.89596375e+02, 5.38237183e+02,
    4.98800537e+02, 5.95334595e+02, 5.07827515e+02, 6.51051819e+02,
    5.16748047e+02, 7.06506409e+02, 5.25419434e+02, 7.60752625e+02,
    4.24656403e+02, 4.84901978e+02, 4.34728333e+02, 5.42598572e+02,
    4.44589203e+02, 5.99074951e+02, 4.54182556e+02, 6.54700684e+02,
    4.63511383e+02, 7.09470825e+02, 4.72549988e+02, 7.63674561e+02,
    3.70398315e+02, 4.89516205e+02, 3.80898132e+02, 5.46711060e+02,
    3.91188263e+02, 6.03048462e+02, 4.01161255e+02, 6.58320557e+02,
    4.10832520e+02, 7.12752991e+02, 4.20405334e+02, 7.66334412e+02,
    3.16867737e+02, 4.94061737e+02, 3.27845215e+02, 5.50923767e+02,
    3.38584045e+02, 6.06937500e+02, 3.49044189e+02, 6.61590149e+02,
    3.59125427e+02, 7.15787170e+02, 3.69152832e+02, 7.69247131e+02,
    2.64001251e+02, 4.98623840e+02, 2.75285278e+02, 5.55232727e+02,
    2.86116974e+02, 6.10774170e+02, 2.96716064e+02, 6.65429138e+02,
    3.07157074e+02, 7.19135376e+02, 3.17255768e+02, 7.72221619e+02,
    2.10947083e+02, 5.03224396e+02, 2.22231628e+02, 5.59590759e+02,
    2.33059402e+02, 6.14877380e+02, 2.43843994e+02, 6.69461426e+02,
    2.54256042e+02, 7.23106018e+02, 2.65294006e+02, 7.75731384e+02 ]
