%YAML:1.0
---
points: [ 1.69391541e+02, 1.81607773e+02, 1.71709885e+02, 2.01527206e+02,
    1.75273865e+02, 2.21880722e+02, 1.78008682e+02, 2.41408691e+02,
    1.80748688e+02, 2.60776489e+02, 1.83309509e+02, 2.79902374e+02,
    1.49501801e+02, 1.83492386e+02, 1.52706055e+02, 2.03724289e+02,
    1.55717148e+02, 2.23554916e+02, 1.58635498e+02, 2.43019958e+02,
    1.61438309e+02, 2.62244324e+02, 1.64255508e+02, 2.81190887e+02,
    1.29955185e+02, 1.85256348e+02, 1.33203873e+02, 2.05417923e+02,
    1.36332230e+02, 2.25170792e+02, 1.39380768e+02, 2.44537064e+02,
    1.42282303e+02, 2.63718170e+02, 1.45235580e+02, 2.82520294e+02,
    1.10625931e+02, 1.87115265e+02, 1.14013153e+02, 2.07053284e+02,
    1.17224098e+02, 2.26739075e+02, 1.20502892e+02, 2.45980972e+02,
    1.23635925e+02, 2.65007263e+02, 1.26715897e+02, 2.83684479e+02,
    9.16877899e+01, 1.88827423e+02, 9.51627426e+01, 2.08735168e+02,
    9.86002274e+01, 2.28257629e+02, 1.01853600e+02, 2.47384567e+02,
    1.05181587e+02, 2.66206635e+02, 1.08429321e+02, 2.84786407e+02,
    7.31997757e+01, 1.90621521e+02, 7.68793869e+01, 2.10431412e+02,
    8.03668594e+01, 2.29645233e+02, 8.38059311e+01, 2.48699051e+02,
    8.72273102e+01, 2.67290985e+02, 9.06804276e+01, 2.85783997e+02,
    5.50958405e+01, 1.92555908e+02, 5.87275429e+01, 2.11971695e+02,
    6.23449593e+01, 2.31221970e+02, 6.58802719e+01, 2.50089539e+02,
    6.94091339e+01, 2.68548676e+02, 7.29055252e+01, 2.86811523e+02,
    3.73761635e+01, 1.94230957e+02, 4.09072762e+01, 2.13729477e+02,
    4.44839783e+01, 2.32734558e+02, 4.80452690e+01, 2.51524765e+02,
    5.16848412e+01, 2.69878601e+02, 5.54770393e+01, 2.88007080e+02 ]
