%YAML:1.0
---
points: [ 4.37630371e+02, 2.06791580e+02, 4.45404236e+02, 2.07233566e+02,
    4.52911407e+02, 2.07824905e+02, 4.60663696e+02, 2.08299454e+02,
    4.67960754e+02, 2.08836105e+02, 4.75605377e+02, 2.09232376e+02,
    4.37470062e+02, 2.14718933e+02, 4.45161713e+02, 2.15300049e+02,
    4.52815552e+02, 2.15715988e+02, 4.60462585e+02, 2.16331543e+02,
    4.67862640e+02, 2.16753433e+02, 4.75294464e+02, 2.17408142e+02,
    4.37180298e+02, 2.22874878e+02, 4.44907715e+02, 2.23412064e+02,
    4.52710876e+02, 2.23856598e+02, 4.60297058e+02, 2.24344788e+02,
    4.67787811e+02, 2.24810028e+02, 4.75245758e+02, 2.25222153e+02,
    4.36914429e+02, 2.30830978e+02, 4.44756042e+02, 2.31535675e+02,
    4.52487427e+02, 2.31821960e+02, 4.60058777e+02, 2.32467209e+02,
    4.67645782e+02, 2.32759598e+02, 4.74960754e+02, 2.33339813e+02,
    4.36700867e+02, 2.39105896e+02, 4.44643616e+02, 2.39602966e+02,
    4.52208527e+02, 2.39963791e+02, 4.59809143e+02, 2.40540634e+02,
    4.67428711e+02, 2.40864960e+02, 4.74763367e+02, 2.41274307e+02,
    4.36597443e+02, 2.47098785e+02, 4.44325226e+02, 2.47714386e+02,
    4.51913910e+02, 2.47972794e+02, 4.59668915e+02, 2.48637558e+02,
    4.67096710e+02, 2.48869232e+02, 4.74640747e+02, 2.49562759e+02,
    4.36343811e+02, 2.55404663e+02, 4.44044952e+02, 2.55721146e+02,
    4.51742035e+02, 2.56234070e+02, 4.59550415e+02, 2.56676300e+02,
    4.66855591e+02, 2.56947021e+02, 4.74512970e+02, 2.57405365e+02,
    4.36081207e+02, 2.63483795e+02, 4.43880280e+02, 2.63908325e+02,
    4.51752258e+02, 2.64353943e+02, 4.59440094e+02, 2.64807312e+02,
    4.66863556e+02, 2.65073761e+02, 4.74440277e+02, 2.65697693e+02 ]
