%YAML:1.0
---
points: [ 8.63778625e+02, 4.80867645e+02, 8.91798645e+02, 4.99454803e+02,
    9.19680298e+02, 5.17912476e+02, 9.47458923e+02, 5.36353638e+02,
    9.75287231e+02, 5.54719543e+02, 1.00302942e+03, 5.73275940e+02,
    8.45363464e+02, 5.08660248e+02, 8.73300354e+02, 5.27295288e+02,
    9.01257812e+02, 5.45731873e+02, 9.28923157e+02, 5.64062561e+02,
    9.56902771e+02, 5.82524170e+02, 9.84756348e+02, 6.00968018e+02,
    8.26652893e+02, 5.36529480e+02, 8.54695374e+02, 5.55000916e+02,
    8.82700378e+02, 5.73503540e+02, 9.10584595e+02, 5.91989136e+02,
    9.38613403e+02, 6.10350586e+02, 9.66622986e+02, 6.28732910e+02,
    8.07829041e+02, 5.64383362e+02, 8.36105347e+02, 5.82859436e+02,
    8.64205872e+02, 6.01470032e+02, 8.92281128e+02, 6.19825317e+02,
    9.20312256e+02, 6.38356079e+02, 9.48399780e+02, 6.56768005e+02,
    7.88913696e+02, 5.92538940e+02, 8.17330261e+02, 6.11137512e+02,
    8.45502197e+02, 6.29542542e+02, 8.73612488e+02, 6.48153870e+02,
    9.01754578e+02, 6.66559448e+02, 9.29848572e+02, 6.85061462e+02,
    7.69948730e+02, 6.20711182e+02, 7.98344910e+02, 6.39423035e+02,
    8.26658630e+02, 6.58035583e+02, 8.54805359e+02, 6.76460449e+02,
    8.83086731e+02, 6.95060181e+02, 9.11388000e+02, 7.13604858e+02,
    7.50806824e+02, 6.49243896e+02, 7.79405884e+02, 6.67914429e+02,
    8.07603638e+02, 6.86522888e+02, 8.35978516e+02, 7.05080933e+02,
    8.64374634e+02, 7.23612427e+02, 8.92615112e+02, 7.42273499e+02,
    7.31604248e+02, 6.77821838e+02, 7.60108887e+02, 6.96525391e+02,
    7.88615234e+02, 7.15292847e+02, 8.17083008e+02, 7.33753113e+02,
    8.45479431e+02, 7.52419922e+02, 8.73868530e+02, 7.71094299e+02 ]
