%YAML:1.0
---
points: [ 5.92051086e+02, 4.70485504e+02, 6.01229919e+02, 5.29112305e+02,
    6.09859192e+02, 5.86627258e+02, 6.18117737e+02, 6.43310242e+02,
    6.26401245e+02, 6.98812500e+02, 6.34258728e+02, 7.54009644e+02,
    5.35540771e+02, 4.75400665e+02, 5.44880249e+02, 5.33623718e+02,
    5.54139343e+02, 5.91002686e+02, 5.62805664e+02, 6.47138550e+02,
    5.71311890e+02, 7.02533630e+02, 5.79743896e+02, 7.57314453e+02,
    4.79757874e+02, 4.80214020e+02, 4.89607605e+02, 5.38104919e+02,
    4.98783875e+02, 5.95200134e+02, 5.07830139e+02, 6.50973938e+02,
    5.16733643e+02, 7.06423706e+02, 5.25428650e+02, 7.60679260e+02,
    4.24658875e+02, 4.84760254e+02, 4.34766083e+02, 5.42525940e+02,
    4.44625031e+02, 5.98982056e+02, 4.54176819e+02, 6.54651367e+02,
    4.63509644e+02, 7.09374207e+02, 4.72493164e+02, 7.63588196e+02,
    3.70401367e+02, 4.89428040e+02, 3.80927704e+02, 5.46613037e+02,
    3.91148102e+02, 6.02911316e+02, 4.01100037e+02, 6.58200928e+02,
    4.10887939e+02, 7.12618347e+02, 4.20417633e+02, 7.66298767e+02,
    3.16916168e+02, 4.93977844e+02, 3.27879272e+02, 5.50747498e+02,
    3.38601776e+02, 6.06854309e+02, 3.49032074e+02, 6.61552734e+02,
    3.59182098e+02, 7.15688660e+02, 3.69076324e+02, 7.69145447e+02,
    2.63919556e+02, 4.98533020e+02, 2.75258392e+02, 5.55132812e+02,
    2.86158844e+02, 6.10633118e+02, 2.96769989e+02, 6.65301880e+02,
    3.07142700e+02, 7.19035278e+02, 3.17254730e+02, 7.72125366e+02,
    2.10836197e+02, 5.03137451e+02, 2.22223923e+02, 5.59521606e+02,
    2.33032547e+02, 6.14817505e+02, 2.43828262e+02, 6.69383789e+02,
    2.54297379e+02, 7.22994019e+02, 2.65263824e+02, 7.75640930e+02 ]
