%YAML:1.0
---
points: [ 1.69358627e+02, 1.81584488e+02, 1.71778732e+02, 2.01589508e+02,
    1.75265366e+02, 2.21873215e+02, 1.77990417e+02, 2.41399567e+02,
    1.80720352e+02, 2.60760284e+02, 1.83315369e+02, 2.79858551e+02,
    1.49482224e+02, 1.83453445e+02, 1.52706772e+02, 2.03681076e+02,
    1.55721359e+02, 2.23515289e+02, 1.58648239e+02, 2.42984039e+02,
    1.61424957e+02, 2.62210266e+02, 1.64231918e+02, 2.81164734e+02,
    1.29938141e+02, 1.85236465e+02, 1.33203918e+02, 2.05379959e+02,
    1.36339615e+02, 2.25102036e+02, 1.39361313e+02, 2.44478714e+02,
    1.42302933e+02, 2.63641296e+02, 1.45243835e+02, 2.82457977e+02,
    1.10627800e+02, 1.87087418e+02, 1.14036308e+02, 2.07025436e+02,
    1.17214012e+02, 2.26701645e+02, 1.20502846e+02, 2.45948990e+02,
    1.23615250e+02, 2.64941681e+02, 1.26713264e+02, 2.83641052e+02,
    9.16668243e+01, 1.88802429e+02, 9.51418381e+01, 2.08693924e+02,
    9.85888443e+01, 2.28214172e+02, 1.01840324e+02, 2.47324631e+02,
    1.05203842e+02, 2.66181976e+02, 1.08434074e+02, 2.84734680e+02,
    7.32154541e+01, 1.90588516e+02, 7.68420410e+01, 2.10434296e+02,
    8.03656998e+01, 2.29577774e+02, 8.38112488e+01, 2.48672058e+02,
    8.72583618e+01, 2.67262451e+02, 9.07541504e+01, 2.85765808e+02,
    5.51129303e+01, 1.92511002e+02, 5.87947044e+01, 2.11859268e+02,
    6.23692970e+01, 2.31191238e+02, 6.58739395e+01, 2.50033066e+02,
    6.93809204e+01, 2.68524536e+02, 7.29303589e+01, 2.86791412e+02,
    3.73905182e+01, 1.94219574e+02, 4.09214592e+01, 2.13710007e+02,
    4.44867897e+01, 2.32691437e+02, 4.80538673e+01, 2.51498367e+02,
    5.16762390e+01, 2.69813141e+02, 5.54678116e+01, 2.87947205e+02 ]
