%YAML:1.0
---
points: [ 7.34785706e+02, 3.32577881e+02, 7.64281372e+02, 3.51522675e+02,
    7.93517151e+02, 3.70429382e+02, 8.22666931e+02, 3.89197418e+02,
    8.51724548e+02, 4.07953613e+02, 8.80807068e+02, 4.26684509e+02,
    7.15614319e+02, 3.60969482e+02, 7.45118103e+02, 3.80065979e+02,
    7.74561768e+02, 3.98918091e+02, 8.03707886e+02, 4.17605743e+02,
    8.32882507e+02, 4.36367249e+02, 8.62168640e+02, 4.55122528e+02,
    6.96097839e+02, 3.89438843e+02, 7.25802917e+02, 4.08406830e+02,
    7.55350098e+02, 4.27318359e+02, 7.84673523e+02, 4.46096039e+02,
    8.14020447e+02, 4.64690857e+02, 8.43443604e+02, 4.83550781e+02,
    6.76352966e+02, 4.17751587e+02, 7.06271179e+02, 4.36809601e+02,
    7.35857300e+02, 4.55660156e+02, 7.65442139e+02, 4.74568359e+02,
    7.95038086e+02, 4.93478149e+02, 8.24507385e+02, 5.12218079e+02,
    6.56306885e+02, 4.46576202e+02, 6.86402527e+02, 4.65608002e+02,
    7.16232849e+02, 4.84653046e+02, 7.45995300e+02, 5.03531738e+02,
    7.75633667e+02, 5.22447021e+02, 8.05400940e+02, 5.41333374e+02,
    6.35951111e+02, 4.75601746e+02, 6.66223999e+02, 4.94730499e+02,
    6.96359314e+02, 5.13761353e+02, 7.26304993e+02, 5.32747437e+02,
    7.56253601e+02, 5.51641785e+02, 7.85857178e+02, 5.70588928e+02,
    6.15569458e+02, 5.05085052e+02, 6.45981079e+02, 5.24268372e+02,
    6.76245483e+02, 5.43365051e+02, 7.06374573e+02, 5.62338440e+02,
    7.36369507e+02, 5.81337219e+02, 7.66429016e+02, 6.00303589e+02,
    5.94936768e+02, 5.34650024e+02, 6.25525940e+02, 5.53865417e+02,
    6.56073669e+02, 5.73073181e+02, 6.86320679e+02, 5.92212769e+02,
    7.16471924e+02, 6.11209839e+02, 7.46680847e+02, 6.30225647e+02 ]
