%YAML:1.0
---
points: [ 1.83987503e+02, 2.71583557e+02, 1.86657486e+02, 2.90339752e+02,
    1.89281906e+02, 3.08818176e+02, 1.91857559e+02, 3.27107208e+02,
    1.94419937e+02, 3.45052277e+02, 1.96980774e+02, 3.62766083e+02,
    1.64977997e+02, 2.73004761e+02, 1.67839615e+02, 2.91643188e+02,
    1.70619385e+02, 3.10065430e+02, 1.73311752e+02, 3.28053894e+02,
    1.76064377e+02, 3.45861511e+02, 1.78722672e+02, 3.63447266e+02,
    1.46333359e+02, 2.74309235e+02, 1.49245438e+02, 2.92834595e+02,
    1.52158127e+02, 3.11096191e+02, 1.54994781e+02, 3.29048096e+02,
    1.57793259e+02, 3.46783630e+02, 1.60666840e+02, 3.64165375e+02,
    1.27892227e+02, 2.75589050e+02, 1.31009613e+02, 2.94022583e+02,
    1.34026352e+02, 3.12126984e+02, 1.37033905e+02, 3.29822968e+02,
    1.40139511e+02, 3.47249756e+02, 1.43050583e+02, 3.64488159e+02,
    1.09828453e+02, 2.76797760e+02, 1.13092537e+02, 2.95005249e+02,
    1.16315865e+02, 3.12994873e+02, 1.19479523e+02, 3.30462402e+02,
    1.22623840e+02, 3.47829803e+02, 1.25817307e+02, 3.64748169e+02,
    9.21695709e+01, 2.77919159e+02, 9.55399933e+01, 2.95975708e+02,
    9.89334335e+01, 3.13701447e+02, 1.02306618e+02, 3.31097198e+02,
    1.05646561e+02, 3.48173248e+02, 1.09012756e+02, 3.64920502e+02,
    7.48650284e+01, 2.79077026e+02, 7.83510818e+01, 2.96980042e+02,
    8.18409119e+01, 3.14581573e+02, 8.53790741e+01, 3.31823608e+02,
    8.87900543e+01, 3.48751740e+02, 9.23699417e+01, 3.65328613e+02,
    5.77478294e+01, 2.80169952e+02, 6.14120522e+01, 2.98028046e+02,
    6.49374542e+01, 3.15549438e+02, 6.85155334e+01, 3.32557037e+02,
    7.21021042e+01, 3.49278015e+02, 7.58735428e+01, 3.65703278e+02 ]
