%YAML:1.0
---
points: [ 6.36602905e+02, 7.30204041e+02, 6.44598145e+02, 7.84309570e+02,
    6.52676575e+02, 8.37597595e+02, 6.60305115e+02, 8.90221924e+02,
    6.67817871e+02, 9.42135437e+02, 6.75363770e+02, 9.93351013e+02,
    5.82555115e+02, 7.33708862e+02, 5.91079224e+02, 7.87564575e+02,
    5.99418823e+02, 8.40373718e+02, 6.07334778e+02, 8.92620911e+02,
    6.15448914e+02, 9.44191895e+02, 6.23059509e+02, 9.95290161e+02,
    5.29170593e+02, 7.37322571e+02, 5.38345520e+02, 7.90651184e+02,
    5.46734192e+02, 8.43320618e+02, 5.54941650e+02, 8.95211670e+02,
    5.63192322e+02, 9.46489075e+02, 5.71249878e+02, 9.97203918e+02,
    4.76817566e+02, 7.40355469e+02, 4.85975006e+02, 7.93459595e+02,
    4.95041077e+02, 8.45724304e+02, 5.03653290e+02, 8.97337646e+02,
    5.12347839e+02, 9.48215881e+02, 5.20755493e+02, 9.98325439e+02,
    4.25310638e+02, 7.43539062e+02, 4.34830963e+02, 7.96245178e+02,
    4.44149261e+02, 8.48301514e+02, 4.53267303e+02, 8.99174927e+02,
    4.62077606e+02, 9.49864075e+02, 4.70912994e+02, 9.99596130e+02,
    3.74535461e+02, 7.46514648e+02, 3.84446411e+02, 7.98825256e+02,
    3.94234741e+02, 8.50367676e+02, 4.03466858e+02, 9.01167847e+02,
    4.12920898e+02, 9.51130005e+02, 4.22260590e+02, 1.00068262e+03,
    3.23968292e+02, 7.49757629e+02, 3.34244690e+02, 8.01786499e+02,
    3.44283813e+02, 8.53143616e+02, 3.53980469e+02, 9.03410767e+02,
    3.63551300e+02, 9.53419128e+02, 3.72890289e+02, 1.00260266e+03,
    2.73622528e+02, 7.53154846e+02, 2.83822754e+02, 8.04923096e+02,
    2.93835175e+02, 8.56169922e+02, 3.03578888e+02, 9.06528137e+02,
    3.13407196e+02, 9.56103394e+02, 3.23542755e+02, 1.00474133e+03 ]
