%YAML:1.0
---
points: [ 6.36638306e+02, 7.30128235e+02, 6.44625610e+02, 7.84249756e+02,
    6.52761536e+02, 8.37501160e+02, 6.60350647e+02, 8.90102905e+02,
    6.67798279e+02, 9.41971863e+02, 6.75410217e+02, 9.93235107e+02,
    5.82583130e+02, 7.33637573e+02, 5.91132324e+02, 7.87426086e+02,
    5.99396240e+02, 8.40266846e+02, 6.07350891e+02, 8.92495422e+02,
    6.15378113e+02, 9.44218262e+02, 6.23054504e+02, 9.95361755e+02,
    5.29218079e+02, 7.37215088e+02, 5.38332581e+02, 7.90571838e+02,
    5.46680237e+02, 8.43225952e+02, 5.55050781e+02, 8.95167114e+02,
    5.63175110e+02, 9.46427734e+02, 5.71234680e+02, 9.97212158e+02,
    4.76822052e+02, 7.40272217e+02, 4.86061737e+02, 7.93382385e+02,
    4.95104431e+02, 8.45651428e+02, 5.03661835e+02, 8.97239990e+02,
    5.12357971e+02, 9.48149170e+02, 5.20798218e+02, 9.98231873e+02,
    4.25270813e+02, 7.43440247e+02, 4.34946777e+02, 7.96157959e+02,
    4.44185791e+02, 8.48259705e+02, 4.53343109e+02, 8.99118347e+02,
    4.62167053e+02, 9.49667542e+02, 4.70949707e+02, 9.99527283e+02,
    3.74488129e+02, 7.46447815e+02, 3.84515594e+02, 7.98694092e+02,
    3.94174103e+02, 8.50354919e+02, 4.03562775e+02, 9.01146118e+02,
    4.12805054e+02, 9.51019043e+02, 4.22205200e+02, 1.00066364e+03,
    3.24131866e+02, 7.49627747e+02, 3.34254517e+02, 8.01809753e+02,
    3.44292786e+02, 8.53053772e+02, 3.53998871e+02, 9.03314270e+02,
    3.63572388e+02, 9.53340210e+02, 3.72772430e+02, 1.00248077e+03,
    2.73634094e+02, 7.52998352e+02, 2.83828461e+02, 8.04769836e+02,
    2.93736786e+02, 8.55929016e+02, 3.03614258e+02, 9.06466370e+02,
    3.13438110e+02, 9.55968567e+02, 3.23549805e+02, 1.00458667e+03 ]
