%YAML:1.0
---
points: [ 1.84005936e+02, 2.71537201e+02, 1.86639511e+02, 2.90336487e+02,
    1.89268234e+02, 3.08801422e+02, 1.91820557e+02, 3.27043915e+02,
    1.94431839e+02, 3.45033325e+02, 1.96986389e+02, 3.62701996e+02,
    1.64993118e+02, 2.72956451e+02, 1.67850296e+02, 2.91608643e+02,
    1.70613708e+02, 3.10038635e+02, 1.73325897e+02, 3.28019409e+02,
    1.76052246e+02, 3.45818085e+02, 1.78715530e+02, 3.63385986e+02,
    1.46335648e+02, 2.74283112e+02, 1.49278580e+02, 2.92777802e+02,
    1.52171844e+02, 3.11030731e+02, 1.54980591e+02, 3.29006409e+02,
    1.57762192e+02, 3.46750458e+02, 1.60674500e+02, 3.64110718e+02,
    1.27893654e+02, 2.75552917e+02, 1.31027191e+02, 2.93964203e+02,
    1.34046051e+02, 3.12088013e+02, 1.37058960e+02, 3.29775787e+02,
    1.40159317e+02, 3.47226135e+02, 1.43076553e+02, 3.64435242e+02,
    1.09829826e+02, 2.76774628e+02, 1.13074806e+02, 2.94940582e+02,
    1.16282242e+02, 3.12947357e+02, 1.19529388e+02, 3.30389862e+02,
    1.22606667e+02, 3.47798370e+02, 1.25822952e+02, 3.64741089e+02,
    9.21841888e+01, 2.77891357e+02, 9.55560074e+01, 2.95940796e+02,
    9.89243546e+01, 3.13667267e+02, 1.02311790e+02, 3.31032196e+02,
    1.05659637e+02, 3.48103302e+02, 1.09032761e+02, 3.64881866e+02,
    7.48508148e+01, 2.79061859e+02, 7.83141937e+01, 2.96916046e+02,
    8.18085403e+01, 3.14567322e+02, 8.53571472e+01, 3.31779541e+02,
    8.87655029e+01, 3.48707855e+02, 9.24132614e+01, 3.65260925e+02,
    5.77880249e+01, 2.80119202e+02, 6.14012260e+01, 2.98030457e+02,
    6.49489594e+01, 3.15474609e+02, 6.85368042e+01, 3.32524414e+02,
    7.21752777e+01, 3.49188599e+02, 7.58811646e+01, 3.65673553e+02 ]
