%YAML:1.0
---
points: [ 4.07486572e+02, 3.48692383e+02, 4.08064667e+02, 3.40347137e+02,
    4.08576874e+02, 3.31779999e+02, 4.09202240e+02, 3.23552673e+02,
    4.09644073e+02, 3.14999023e+02, 4.10178284e+02, 3.06787781e+02,
    4.15051910e+02, 3.48986328e+02, 4.15686096e+02, 3.40726196e+02,
    4.16247345e+02, 3.32256439e+02, 4.16745117e+02, 3.23899200e+02,
    4.17328461e+02, 3.15691711e+02, 4.17805420e+02, 3.07207977e+02,
    4.22618195e+02, 3.49354523e+02, 4.23320618e+02, 3.40974609e+02,
    4.23803864e+02, 3.32764618e+02, 4.24455780e+02, 3.24536346e+02,
    4.24930328e+02, 3.16094177e+02, 4.25557312e+02, 3.07844269e+02,
    4.30295319e+02, 3.49727142e+02, 4.30832062e+02, 3.41501740e+02,
    4.31547821e+02, 3.33156738e+02, 4.31962555e+02, 3.24853088e+02,
    4.32638580e+02, 3.16715515e+02, 4.33136353e+02, 3.08350159e+02,
    4.37676392e+02, 3.49960754e+02, 4.38476013e+02, 3.41836487e+02,
    4.38931122e+02, 3.33609955e+02, 4.39615784e+02, 3.25455536e+02,
    4.40142700e+02, 3.17005524e+02, 4.40695831e+02, 3.08833801e+02,
    4.45275879e+02, 3.50360870e+02, 4.45850525e+02, 3.42113159e+02,
    4.46530945e+02, 3.33942108e+02, 4.47031281e+02, 3.25754852e+02,
    4.47698364e+02, 3.17681396e+02, 4.48150940e+02, 3.09372253e+02,
    4.52445190e+02, 3.50579285e+02, 4.53140106e+02, 3.42563354e+02,
    4.53772675e+02, 3.34225739e+02, 4.54397583e+02, 3.26246857e+02,
    4.54889282e+02, 3.17898590e+02, 4.55510590e+02, 3.09917419e+02,
    4.59640045e+02, 3.50831909e+02, 4.60241699e+02, 3.42593597e+02,
    4.60970306e+02, 3.34801208e+02, 4.61634094e+02, 3.26460358e+02,
    4.62215454e+02, 3.18443665e+02, 4.62797028e+02, 3.10154266e+02 ]
