%YAML:1.0
---
points: [ 9.04122986e+02, 7.24439209e+02, 9.10425354e+02, 7.81068665e+02,
    9.16551514e+02, 8.36647705e+02, 9.22523254e+02, 8.91651611e+02,
    9.28335754e+02, 9.46022095e+02, 9.34027161e+02, 9.99898132e+02,
    8.45592957e+02, 7.29308350e+02, 8.52434204e+02, 7.85706970e+02,
    8.58783447e+02, 8.41145874e+02, 8.65222168e+02, 8.96025085e+02,
    8.71314636e+02, 9.50204102e+02, 8.77510071e+02, 1.00366663e+03,
    7.87427856e+02, 7.34177368e+02, 7.94665222e+02, 7.90228760e+02,
    8.01438660e+02, 8.45493652e+02, 8.07878296e+02, 9.00468689e+02,
    8.14532776e+02, 9.54631287e+02, 8.21215698e+02, 1.00807410e+03,
    7.29650391e+02, 7.38770081e+02, 7.37262329e+02, 7.94668335e+02,
    7.44348633e+02, 8.49975586e+02, 7.51381531e+02, 9.04455444e+02,
    7.58465942e+02, 9.58371887e+02, 7.65257080e+02, 1.01160468e+03,
    6.72135620e+02, 7.43518127e+02, 6.80071289e+02, 7.99189636e+02,
    6.87545898e+02, 8.54405273e+02, 6.95125305e+02, 9.08541382e+02,
    7.02468384e+02, 9.62188660e+02, 7.09757385e+02, 1.01496796e+03,
    6.14965027e+02, 7.48270447e+02, 6.23258301e+02, 8.03720642e+02,
    6.31414795e+02, 8.58602295e+02, 6.39127747e+02, 9.12540710e+02,
    6.47057373e+02, 9.65708862e+02, 6.54570679e+02, 1.01850287e+03,
    5.58019775e+02, 7.53187378e+02, 5.66525208e+02, 8.08575256e+02,
    5.75077332e+02, 8.63333496e+02, 5.83265991e+02, 9.17220398e+02,
    5.91254822e+02, 9.70471008e+02, 5.99337402e+02, 1.02296143e+03,
    5.00670959e+02, 7.58149292e+02, 5.09489166e+02, 8.13581116e+02,
    5.18117065e+02, 8.68500427e+02, 5.26701782e+02, 9.22472412e+02,
    5.34956543e+02, 9.75647034e+02, 5.43585999e+02, 1.02805298e+03 ]
