%YAML:1.0
---
points: [ 5.21994568e+02, 5.52541199e+02, 5.49566284e+02, 5.71375549e+02,
    5.77476196e+02, 5.90272949e+02, 6.05403137e+02, 6.09085205e+02,
    6.33562927e+02, 6.28217896e+02, 6.61824951e+02, 6.47363342e+02,
    5.02275146e+02, 5.81453247e+02, 5.29910339e+02, 6.00294312e+02,
    5.57752197e+02, 6.19316772e+02, 5.85583069e+02, 6.38324341e+02,
    6.13626892e+02, 6.57407837e+02, 6.41848877e+02, 6.76668823e+02,
    4.82197693e+02, 6.10273743e+02, 5.09912109e+02, 6.29292236e+02,
    5.37646118e+02, 6.48383179e+02, 5.65460266e+02, 6.67578247e+02,
    5.93478638e+02, 6.86739563e+02, 6.21611084e+02, 7.06279175e+02,
    4.61647858e+02, 6.39252625e+02, 4.89349396e+02, 6.58378601e+02,
    5.17184326e+02, 6.77615906e+02, 5.44868408e+02, 6.96795471e+02,
    5.73092102e+02, 7.16377563e+02, 6.01367737e+02, 7.35917053e+02,
    4.40914429e+02, 6.68424133e+02, 4.68607086e+02, 6.87760986e+02,
    4.96327515e+02, 7.07147278e+02, 5.24297485e+02, 7.26528320e+02,
    5.52406189e+02, 7.46163757e+02, 5.80661560e+02, 7.65864258e+02,
    4.20100586e+02, 6.97800476e+02, 4.47659393e+02, 7.17394531e+02,
    4.75604065e+02, 7.36801941e+02, 5.03515625e+02, 7.56497437e+02,
    5.31542480e+02, 7.76241699e+02, 5.59933472e+02, 7.96142639e+02,
    3.99305847e+02, 7.27549500e+02, 4.27022400e+02, 7.47189026e+02,
    4.54775330e+02, 7.66780029e+02, 4.82599213e+02, 7.86515747e+02,
    5.10739838e+02, 8.06500427e+02, 5.39057129e+02, 8.26545654e+02,
    3.78519958e+02, 7.57251099e+02, 4.06224182e+02, 7.76984314e+02,
    4.33829834e+02, 7.96771179e+02, 4.61793854e+02, 8.16664124e+02,
    4.89881958e+02, 8.36866150e+02, 5.18247192e+02, 8.57095215e+02 ]
