%YAML:1.0
---
points: [ 2.78411316e+02, 2.68786987e+02, 2.80509491e+02, 2.88498718e+02,
    2.82540497e+02, 3.07883423e+02, 2.84523254e+02, 3.27033203e+02,
    2.86485168e+02, 3.45823151e+02, 2.88511353e+02, 3.64381042e+02,
    2.57990234e+02, 2.70613434e+02, 2.60245209e+02, 2.90232819e+02,
    2.62385040e+02, 3.09609467e+02, 2.64467529e+02, 3.28606140e+02,
    2.66598755e+02, 3.47402039e+02, 2.68645874e+02, 3.65929138e+02,
    2.37724106e+02, 2.72403748e+02, 2.40056412e+02, 2.91966492e+02,
    2.42327469e+02, 3.11278870e+02, 2.44629028e+02, 3.30242706e+02,
    2.46795288e+02, 3.49134094e+02, 2.49033859e+02, 3.67523193e+02,
    2.17601974e+02, 2.74240082e+02, 2.20070999e+02, 2.93630707e+02,
    2.22420547e+02, 3.12960175e+02, 2.24858078e+02, 3.31829742e+02,
    2.27179398e+02, 3.50506256e+02, 2.29464310e+02, 3.68786102e+02,
    1.97512085e+02, 2.75999359e+02, 2.00076996e+02, 2.95360260e+02,
    2.02691635e+02, 3.14524048e+02, 2.05150696e+02, 3.33341614e+02,
    2.07685181e+02, 3.51904999e+02, 2.10212952e+02, 3.70079407e+02,
    1.77616882e+02, 2.77929596e+02, 1.80324326e+02, 2.97174866e+02,
    1.83048462e+02, 3.16191681e+02, 1.85705429e+02, 3.34887329e+02,
    1.88422516e+02, 3.53214386e+02, 1.90921402e+02, 3.71277893e+02,
    1.57773026e+02, 2.79738007e+02, 1.60640701e+02, 2.99067688e+02,
    1.63481476e+02, 3.17926056e+02, 1.66249954e+02, 3.36514404e+02,
    1.69000427e+02, 3.54751770e+02, 1.71973801e+02, 3.72825104e+02,
    1.37792572e+02, 2.81635498e+02, 1.40838837e+02, 3.00901825e+02,
    1.43791489e+02, 3.19879761e+02, 1.46729248e+02, 3.38450928e+02,
    1.49715790e+02, 3.56680756e+02, 1.52650314e+02, 3.74496277e+02 ]
