%YAML:1.0
---
points: [ 9.04025085e+02, 7.24412781e+02, 9.10379883e+02, 7.81032654e+02,
    9.16525879e+02, 8.36546631e+02, 9.22443726e+02, 8.91594727e+02,
    9.28248108e+02, 9.45803833e+02, 9.33965820e+02, 9.99771057e+02,
    8.45559326e+02, 7.29266663e+02, 8.52407227e+02, 7.85638062e+02,
    8.58782715e+02, 8.41145874e+02, 8.65177979e+02, 8.95920532e+02,
    8.71287048e+02, 9.50107422e+02, 8.77449524e+02, 1.00367249e+03,
    7.87284973e+02, 7.34077271e+02, 7.94536133e+02, 7.90225281e+02,
    8.01456238e+02, 8.45488647e+02, 8.07836426e+02, 9.00417236e+02,
    8.14478333e+02, 9.54614380e+02, 8.21118652e+02, 1.00796466e+03,
    7.29536499e+02, 7.38735474e+02, 7.37222473e+02, 7.94604736e+02,
    7.44258606e+02, 8.49962769e+02, 7.51365112e+02, 9.04429810e+02,
    7.58442627e+02, 9.58360046e+02, 7.65218323e+02, 1.01151514e+03,
    6.72065063e+02, 7.43461243e+02, 6.80082092e+02, 7.99150452e+02,
    6.87532166e+02, 8.54389832e+02, 6.95108765e+02, 9.08464783e+02,
    7.02338440e+02, 9.62119446e+02, 7.09708801e+02, 1.01478235e+03,
    6.14857727e+02, 7.48271851e+02, 6.23170715e+02, 8.03710449e+02,
    6.31450684e+02, 8.58600403e+02, 6.39129944e+02, 9.12514099e+02,
    6.46961548e+02, 9.65732239e+02, 6.54547607e+02, 1.01852765e+03,
    5.57900452e+02, 7.53059082e+02, 5.66441772e+02, 8.08508606e+02,
    5.75009155e+02, 8.63123962e+02, 5.83237976e+02, 9.17072021e+02,
    5.91217773e+02, 9.70468872e+02, 5.99292664e+02, 1.02290887e+03,
    5.00670471e+02, 7.58058899e+02, 5.09408112e+02, 8.13540833e+02,
    5.18137817e+02, 8.68409729e+02, 5.26668762e+02, 9.22404297e+02,
    5.34993469e+02, 9.75581604e+02, 5.43569031e+02, 1.02791846e+03 ]
