%YAML:1.0
---
points: [ 4.62991852e+02, 4.64366913e+02, 4.91468536e+02, 4.83155273e+02,
    5.20100159e+02, 5.02161682e+02, 5.48809875e+02, 5.21122986e+02,
    5.77587402e+02, 5.40021667e+02, 6.06576660e+02, 5.59088013e+02,
    4.42722290e+02, 4.93240051e+02, 4.71349060e+02, 5.12167908e+02,
    5.00043671e+02, 5.31221558e+02, 5.28590881e+02, 5.50142334e+02,
    5.57354248e+02, 5.69231262e+02, 5.86243286e+02, 5.88392273e+02,
    4.22052216e+02, 5.22181458e+02, 4.50634125e+02, 5.41143860e+02,
    4.79366882e+02, 5.60212646e+02, 5.07949097e+02, 5.79198975e+02,
    5.36801453e+02, 5.98399963e+02, 5.65608398e+02, 6.17521790e+02,
    4.00732544e+02, 5.51125061e+02, 4.29465271e+02, 5.70266296e+02,
    4.58242798e+02, 5.89465759e+02, 4.87002167e+02, 6.08546265e+02,
    5.15890869e+02, 6.27788025e+02, 5.44821411e+02, 6.47104675e+02,
    3.79319183e+02, 5.80415771e+02, 4.08171082e+02, 5.99651001e+02,
    4.37049805e+02, 6.18939697e+02, 4.65787872e+02, 6.38220886e+02,
    4.94772980e+02, 6.57554871e+02, 5.23709961e+02, 6.77061096e+02,
    3.57668304e+02, 6.09909973e+02, 3.86487305e+02, 6.29320374e+02,
    4.15480103e+02, 6.48710388e+02, 4.44445770e+02, 6.68161621e+02,
    4.73446808e+02, 6.87629395e+02, 5.02534027e+02, 7.07275635e+02,
    3.36308624e+02, 6.39715698e+02, 3.65122833e+02, 6.59300415e+02,
    3.93948425e+02, 6.78702332e+02, 4.22843658e+02, 6.98344055e+02,
    4.51913574e+02, 7.17927124e+02, 4.81167084e+02, 7.37634033e+02,
    3.14631012e+02, 6.69652649e+02, 3.43504242e+02, 6.89353455e+02,
    3.72480774e+02, 7.08918274e+02, 4.01366241e+02, 7.28612976e+02,
    4.30477356e+02, 7.48417297e+02, 4.59756531e+02, 7.68301392e+02 ]
