%YAML:1.0
---
points: [ 2.78389832e+02, 2.68751770e+02, 2.80492035e+02, 2.88475586e+02,
    2.82516449e+02, 3.07889252e+02, 2.84536011e+02, 3.27005219e+02,
    2.86491425e+02, 3.45808838e+02, 2.88495972e+02, 3.64342834e+02,
    2.57956665e+02, 2.70612091e+02, 2.60226105e+02, 2.90209778e+02,
    2.62357025e+02, 3.09566345e+02, 2.64479187e+02, 3.28546753e+02,
    2.66593750e+02, 3.47387451e+02, 2.68592041e+02, 3.65880219e+02,
    2.37695648e+02, 2.72380463e+02, 2.40028839e+02, 2.91902252e+02,
    2.42308182e+02, 3.11265015e+02, 2.44592590e+02, 3.30223083e+02,
    2.46777054e+02, 3.49084595e+02, 2.49054871e+02, 3.67474243e+02,
    2.17593353e+02, 2.74218597e+02, 2.20049286e+02, 2.93646729e+02,
    2.22388519e+02, 3.12929016e+02, 2.24861053e+02, 3.31807617e+02,
    2.27162674e+02, 3.50518646e+02, 2.29427155e+02, 3.68764404e+02,
    1.97464371e+02, 2.76041962e+02, 2.00068604e+02, 2.95364349e+02,
    2.02649658e+02, 3.14514130e+02, 2.05172089e+02, 3.33325439e+02,
    2.07662415e+02, 3.51886780e+02, 2.10196411e+02, 3.70076569e+02,
    1.77581619e+02, 2.77885345e+02, 1.80322693e+02, 2.97147980e+02,
    1.83023712e+02, 3.16187561e+02, 1.85702774e+02, 3.34873871e+02,
    1.88411026e+02, 3.53227661e+02, 1.90883789e+02, 3.71244781e+02,
    1.57747025e+02, 2.79717529e+02, 1.60621033e+02, 2.99020416e+02,
    1.63452576e+02, 3.17912720e+02, 1.66245636e+02, 3.36507446e+02,
    1.69013626e+02, 3.54762115e+02, 1.71938446e+02, 3.72819397e+02,
    1.37782303e+02, 2.81602112e+02, 1.40823761e+02, 3.00875671e+02,
    1.43796097e+02, 3.19879028e+02, 1.46737030e+02, 3.38393951e+02,
    1.49738968e+02, 3.56663757e+02, 1.52635010e+02, 3.74473267e+02 ]
