%YAML:1.0
---
points: [ 2.65329834e+02, 1.80287308e+02, 2.67716492e+02, 2.00635223e+02,
    2.69728302e+02, 2.20455902e+02, 2.71687134e+02, 2.40124130e+02,
    2.73659576e+02, 2.59466614e+02, 2.75639435e+02, 2.78588562e+02,
    2.45463837e+02, 1.82387802e+02, 2.47379684e+02, 2.02539078e+02,
    2.49564590e+02, 2.22498245e+02, 2.51718002e+02, 2.41948502e+02,
    2.53811966e+02, 2.61299011e+02, 2.55926620e+02, 2.80321472e+02,
    2.24628281e+02, 1.84342957e+02, 2.27231186e+02, 2.04572998e+02,
    2.29490082e+02, 2.24407410e+02, 2.31821732e+02, 2.43910583e+02,
    2.34101837e+02, 2.63190155e+02, 2.36180527e+02, 2.82208679e+02,
    2.04316910e+02, 1.86275925e+02, 2.07035919e+02, 2.06518066e+02,
    2.09514557e+02, 2.26372711e+02, 2.12039185e+02, 2.45758606e+02,
    2.14324753e+02, 2.65059784e+02, 2.16729202e+02, 2.83948395e+02,
    1.84106949e+02, 1.88249893e+02, 1.86905640e+02, 2.08470093e+02,
    1.89592728e+02, 2.28216370e+02, 1.92148666e+02, 2.47693405e+02,
    1.94722702e+02, 2.66806671e+02, 1.97233826e+02, 2.85700958e+02,
    1.63857132e+02, 1.90346741e+02, 1.66876617e+02, 2.10358139e+02,
    1.69673523e+02, 2.30164124e+02, 1.72408081e+02, 2.49540985e+02,
    1.75155609e+02, 2.68609467e+02, 1.77909103e+02, 2.87450134e+02,
    1.43601166e+02, 1.92225433e+02, 1.46736679e+02, 2.12390747e+02,
    1.49849075e+02, 2.32102890e+02, 1.52715805e+02, 2.51433487e+02,
    1.55578110e+02, 2.70519623e+02, 1.58372223e+02, 2.89361603e+02,
    1.23307030e+02, 1.94358032e+02, 1.26438614e+02, 2.14405075e+02,
    1.29615753e+02, 2.34198242e+02, 1.32738068e+02, 2.53631180e+02,
    1.35717453e+02, 2.72750763e+02, 1.38759567e+02, 2.91474487e+02 ]
