%YAML:1.0
---
points: [ 8.69333740e+02, 4.68862915e+02, 8.75604126e+02, 5.27638977e+02,
    8.81747864e+02, 5.85433655e+02, 8.87896240e+02, 6.41743530e+02,
    8.94017944e+02, 6.97501404e+02, 8.99970459e+02, 7.52469299e+02,
    8.10388977e+02, 4.74351898e+02, 8.17291016e+02, 5.32910828e+02,
    8.23875305e+02, 5.90510376e+02, 8.30551086e+02, 6.46712219e+02,
    8.37108948e+02, 7.02414124e+02, 8.43440918e+02, 7.57241638e+02,
    7.51573975e+02, 4.79661469e+02, 7.59066833e+02, 5.38106018e+02,
    7.66179199e+02, 5.95573425e+02, 7.73314453e+02, 6.51639282e+02,
    7.80233948e+02, 7.07507812e+02, 7.86683838e+02, 7.62170105e+02,
    6.93084595e+02, 4.84973236e+02, 7.01199951e+02, 5.43342346e+02,
    7.08628235e+02, 6.00551819e+02, 7.16348328e+02, 6.56527893e+02,
    7.23444458e+02, 7.12101929e+02, 7.30769348e+02, 7.66551453e+02,
    6.34732849e+02, 4.90321442e+02, 6.43359314e+02, 5.48500000e+02,
    6.51437683e+02, 6.05449646e+02, 6.59425232e+02, 6.61444885e+02,
    6.67128235e+02, 7.16871277e+02, 6.74737427e+02, 7.71107666e+02,
    5.76521912e+02, 4.95516083e+02, 5.85655029e+02, 5.53514038e+02,
    5.94398682e+02, 6.10472046e+02, 6.02752075e+02, 6.66313110e+02,
    6.11173340e+02, 7.21440247e+02, 6.18859924e+02, 7.75805725e+02,
    5.18468628e+02, 5.00774841e+02, 5.27932861e+02, 5.58645508e+02,
    5.37182617e+02, 6.15523010e+02, 5.45742676e+02, 6.71344299e+02,
    5.54483643e+02, 7.26536438e+02, 5.62857178e+02, 7.80877563e+02,
    4.59995514e+02, 5.05980011e+02, 4.69717773e+02, 5.64166504e+02,
    4.79125061e+02, 6.21069580e+02, 4.88073181e+02, 6.76906189e+02,
    4.97121307e+02, 7.32328918e+02, 5.06283356e+02, 7.86465820e+02 ]
