%YAML:1.0
---
points: [ 2.65438507e+02, 1.80216187e+02, 2.67731354e+02, 2.00606934e+02,
    2.69734772e+02, 2.20477982e+02, 2.71689240e+02, 2.40130249e+02,
    2.73647949e+02, 2.59469727e+02, 2.75646606e+02, 2.78622559e+02,
    2.45372147e+02, 1.82363129e+02, 2.47394211e+02, 2.02519073e+02,
    2.49533249e+02, 2.22490356e+02, 2.51686447e+02, 2.41977036e+02,
    2.53802979e+02, 2.61311279e+02, 2.55925461e+02, 2.80322327e+02,
    2.24638977e+02, 1.84306931e+02, 2.27226120e+02, 2.04575958e+02,
    2.29484070e+02, 2.24378494e+02, 2.31802719e+02, 2.43923935e+02,
    2.34085007e+02, 2.63222900e+02, 2.36224579e+02, 2.82233215e+02,
    2.04285217e+02, 1.86284714e+02, 2.07021851e+02, 2.06527390e+02,
    2.09487595e+02, 2.26360504e+02, 2.12031281e+02, 2.45769302e+02,
    2.14318130e+02, 2.65064667e+02, 2.16691101e+02, 2.83981598e+02,
    1.84110107e+02, 1.88260986e+02, 1.86904114e+02, 2.08478699e+02,
    1.89549332e+02, 2.28252213e+02, 1.92176559e+02, 2.47669174e+02,
    1.94718155e+02, 2.66790680e+02, 1.97225800e+02, 2.85702515e+02,
    1.63846985e+02, 1.90325165e+02, 1.66879837e+02, 2.10351807e+02,
    1.69673920e+02, 2.30150604e+02, 1.72408829e+02, 2.49507843e+02,
    1.75160690e+02, 2.68610199e+02, 1.77898727e+02, 2.87464600e+02,
    1.43572952e+02, 1.92238113e+02, 1.46712341e+02, 2.12379700e+02,
    1.49844116e+02, 2.32090057e+02, 1.52718826e+02, 2.51425217e+02,
    1.55554825e+02, 2.70519470e+02, 1.58381607e+02, 2.89369415e+02,
    1.23284286e+02, 1.94348740e+02, 1.26400177e+02, 2.14445480e+02,
    1.29601456e+02, 2.34210815e+02, 1.32706070e+02, 2.53613068e+02,
    1.35715042e+02, 2.72731903e+02, 1.38742004e+02, 2.91485413e+02 ]
