%YAML:1.0
---
points: [ 8.69326294e+02, 4.68890839e+02, 8.75594849e+02, 5.27662048e+02,
    8.81749878e+02, 5.85452637e+02, 8.87831787e+02, 6.41792419e+02,
    8.93988098e+02, 6.97529785e+02, 8.99956543e+02, 7.52489075e+02,
    8.10369385e+02, 4.74377777e+02, 8.17293335e+02, 5.32970337e+02,
    8.23849976e+02, 5.90524658e+02, 8.30496460e+02, 6.46701111e+02,
    8.37128906e+02, 7.02402588e+02, 8.43394714e+02, 7.57277588e+02,
    7.51546631e+02, 4.79626892e+02, 7.58984314e+02, 5.38112122e+02,
    7.66145874e+02, 5.95570679e+02, 7.73303833e+02, 6.51688599e+02,
    7.80178833e+02, 7.07492615e+02, 7.86638306e+02, 7.62218811e+02,
    6.93085205e+02, 4.84975464e+02, 7.01210144e+02, 5.43388367e+02,
    7.08574158e+02, 6.00543457e+02, 7.16316467e+02, 6.56539429e+02,
    7.23465515e+02, 7.12172852e+02, 7.30766724e+02, 7.66546387e+02,
    6.34700500e+02, 4.90339264e+02, 6.43314453e+02, 5.48449890e+02,
    6.51386230e+02, 6.05464600e+02, 6.59414490e+02, 6.61434082e+02,
    6.67059753e+02, 7.16887878e+02, 6.74730347e+02, 7.71147583e+02,
    5.76544067e+02, 4.95541840e+02, 5.85644958e+02, 5.53539062e+02,
    5.94386841e+02, 6.10422668e+02, 6.02706177e+02, 6.66341064e+02,
    6.11083069e+02, 7.21472351e+02, 6.18857605e+02, 7.75839539e+02,
    5.18444458e+02, 5.00762207e+02, 5.27931335e+02, 5.58680298e+02,
    5.37128113e+02, 6.15515564e+02, 5.45714966e+02, 6.71349548e+02,
    5.54463989e+02, 7.26552917e+02, 5.62793701e+02, 7.80936279e+02,
    4.59976990e+02, 5.05980347e+02, 4.69660980e+02, 5.64190002e+02,
    4.79086121e+02, 6.20984680e+02, 4.88057465e+02, 6.76934814e+02,
    4.97023224e+02, 7.32314392e+02, 5.06208130e+02, 7.86491333e+02 ]
