%YAML:1.0
---
points: [ 3.53953156e+02, 2.63130524e+02, 3.54279694e+02, 2.54659622e+02,
    3.54648407e+02, 2.46157990e+02, 3.55051331e+02, 2.37736664e+02,
    3.55364563e+02, 2.29350159e+02, 3.55704987e+02, 2.20970261e+02,
    3.62337921e+02, 2.63757629e+02, 3.62635284e+02, 2.55260178e+02,
    3.63119904e+02, 2.46712952e+02, 3.63360596e+02, 2.38322449e+02,
    3.63719604e+02, 2.29908844e+02, 3.64146667e+02, 2.21514801e+02,
    3.70794312e+02, 2.64328094e+02, 3.71140808e+02, 2.55815063e+02,
    3.71408112e+02, 2.47376495e+02, 3.71719940e+02, 2.38898758e+02,
    3.72162903e+02, 2.30523773e+02, 3.72392517e+02, 2.22088470e+02,
    3.79247711e+02, 2.64936340e+02, 3.79452423e+02, 2.56362091e+02,
    3.79821899e+02, 2.47899307e+02, 3.80225159e+02, 2.39499237e+02,
    3.80427399e+02, 2.31075684e+02, 3.80907623e+02, 2.22747253e+02,
    3.87645721e+02, 2.65489594e+02, 3.88040192e+02, 2.56989777e+02,
    3.88305054e+02, 2.48487839e+02, 3.88599274e+02, 2.40104401e+02,
    3.88994873e+02, 2.31609375e+02, 3.89215881e+02, 2.23271500e+02,
    3.96187531e+02, 2.66162506e+02, 3.96516663e+02, 2.57630188e+02,
    3.96750977e+02, 2.49112671e+02, 3.97102112e+02, 2.40650787e+02,
    3.97387634e+02, 2.32213226e+02, 3.97674683e+02, 2.23787048e+02,
    4.04589722e+02, 2.66633453e+02, 4.04862091e+02, 2.58211639e+02,
    4.05207245e+02, 2.49656387e+02, 4.05485260e+02, 2.41220215e+02,
    4.05742004e+02, 2.32735458e+02, 4.06060608e+02, 2.24423553e+02,
    4.12958221e+02, 2.67275085e+02, 4.13264008e+02, 2.58643311e+02,
    4.13572723e+02, 2.50296906e+02, 4.13822083e+02, 2.41788513e+02,
    4.14134064e+02, 2.33396835e+02, 4.14501740e+02, 2.24910629e+02 ]
