%YAML:1.0
---
points: [ 5.22214600e+02, 3.29342438e+02, 5.49590454e+02, 3.47101227e+02,
    5.77383789e+02, 3.65193665e+02, 6.05290771e+02, 3.83323364e+02,
    6.33281189e+02, 4.01588440e+02, 6.61468140e+02, 4.19849854e+02,
    5.03127563e+02, 3.57517059e+02, 5.30658020e+02, 3.75584564e+02,
    5.58483032e+02, 3.93684174e+02, 5.86070374e+02, 4.11818085e+02,
    6.14078918e+02, 4.30086731e+02, 6.41970581e+02, 4.48488037e+02,
    4.83704315e+02, 3.85672791e+02, 5.11345032e+02, 4.03846924e+02,
    5.38822449e+02, 4.22036224e+02, 5.66553528e+02, 4.40208923e+02,
    5.94425903e+02, 4.58502350e+02, 6.22509766e+02, 4.76958710e+02,
    4.63937317e+02, 4.13789093e+02, 4.91396606e+02, 4.32091003e+02,
    5.19065430e+02, 4.50380615e+02, 5.46662354e+02, 4.68645050e+02,
    5.74722778e+02, 4.87128723e+02, 6.02759399e+02, 5.05632111e+02,
    4.43924805e+02, 4.42228363e+02, 4.71474792e+02, 4.60487122e+02,
    4.99085693e+02, 4.78860107e+02, 5.26753784e+02, 4.97357666e+02,
    5.54674133e+02, 5.15811035e+02, 5.82870544e+02, 5.34521545e+02,
    4.23696167e+02, 4.70584656e+02, 4.51224579e+02, 4.89087677e+02,
    4.78915924e+02, 5.07596619e+02, 5.06678894e+02, 5.26206299e+02,
    5.34658508e+02, 5.44806030e+02, 5.62715454e+02, 5.63609924e+02,
    4.03733368e+02, 4.99370178e+02, 4.31251007e+02, 5.17903748e+02,
    4.58760986e+02, 5.36473389e+02, 4.86533997e+02, 5.55194214e+02,
    5.14504211e+02, 5.73961853e+02, 5.42578369e+02, 5.92972717e+02,
    3.83575256e+02, 5.28160706e+02, 4.11094055e+02, 5.46792542e+02,
    4.38667847e+02, 5.65550537e+02, 4.66411163e+02, 5.84312134e+02,
    4.94351898e+02, 6.03297302e+02, 5.22342163e+02, 6.22380249e+02 ]
