%YAML:1.0
---
points: [ 2.77727142e+02, 1.80637207e+02, 2.80085815e+02, 2.00767456e+02,
    2.82075562e+02, 2.20662796e+02, 2.84043182e+02, 2.40298965e+02,
    2.86080994e+02, 2.59614594e+02, 2.88014862e+02, 2.78867188e+02,
    2.57947357e+02, 1.82695816e+02, 2.59744263e+02, 2.02769516e+02,
    2.61962372e+02, 2.22657364e+02, 2.64091461e+02, 2.42039291e+02,
    2.66181976e+02, 2.61324341e+02, 2.68259216e+02, 2.80411530e+02,
    2.37273422e+02, 1.84670944e+02, 2.39733810e+02, 2.04748230e+02,
    2.42023331e+02, 2.24426971e+02, 2.44273956e+02, 2.43914032e+02,
    2.46463074e+02, 2.63172089e+02, 2.48707397e+02, 2.82106689e+02,
    2.17202850e+02, 1.86675598e+02, 2.19725464e+02, 2.06693192e+02,
    2.22243561e+02, 2.26337418e+02, 2.24615387e+02, 2.45685608e+02,
    2.27015686e+02, 2.64832184e+02, 2.29314713e+02, 2.83681519e+02,
    1.97293060e+02, 1.88634933e+02, 2.00021896e+02, 2.08633438e+02,
    2.02598114e+02, 2.28166092e+02, 2.05170502e+02, 2.47406372e+02,
    2.07627609e+02, 2.66399261e+02, 2.10129532e+02, 2.85193481e+02,
    1.77429565e+02, 1.90651047e+02, 1.80387329e+02, 2.10456375e+02,
    1.83141800e+02, 2.30027954e+02, 1.85885071e+02, 2.49114822e+02,
    1.88557175e+02, 2.68150360e+02, 1.91127609e+02, 2.86774475e+02,
    1.57809570e+02, 1.92567291e+02, 1.60814041e+02, 2.12432343e+02,
    1.63721268e+02, 2.31872757e+02, 1.66586426e+02, 2.51042892e+02,
    1.69305267e+02, 2.69861908e+02, 1.71981049e+02, 2.88501068e+02,
    1.37950577e+02, 1.94607178e+02, 1.41113800e+02, 2.14387863e+02,
    1.44082428e+02, 2.33880264e+02, 1.47080078e+02, 2.52991119e+02,
    1.49858505e+02, 2.71871826e+02, 1.52849304e+02, 2.90409790e+02 ]
