%YAML:1.0
---
points: [ 9.05204285e+02, 4.69919647e+02, 9.11462708e+02, 5.28582764e+02,
    9.17629272e+02, 5.86288147e+02, 9.23680115e+02, 6.42614197e+02,
    9.29641418e+02, 6.98339294e+02, 9.35585510e+02, 7.53431458e+02,
    8.46623413e+02, 4.75514343e+02, 8.53493652e+02, 5.33719238e+02,
    8.60093933e+02, 5.91185242e+02, 8.66547791e+02, 6.47390137e+02,
    8.73139832e+02, 7.02795288e+02, 8.79407715e+02, 7.57653381e+02,
    7.88582397e+02, 4.80956207e+02, 7.95884460e+02, 5.38884033e+02,
    8.02875061e+02, 5.96214722e+02, 8.09823792e+02, 6.51923584e+02,
    8.16636169e+02, 7.07514648e+02, 8.23245972e+02, 7.62060547e+02,
    7.31296936e+02, 4.86323242e+02, 7.38850647e+02, 5.44190186e+02,
    7.46389526e+02, 6.00887878e+02, 7.53711853e+02, 6.56531189e+02,
    7.60682739e+02, 7.11806335e+02, 7.67956360e+02, 7.66145081e+02,
    6.74179321e+02, 4.91530762e+02, 6.82261536e+02, 5.49155518e+02,
    6.90270508e+02, 6.05575623e+02, 6.97789795e+02, 6.61111938e+02,
    7.05621460e+02, 7.16034119e+02, 7.12808777e+02, 7.70112000e+02,
    6.17432556e+02, 4.96849030e+02, 6.26174072e+02, 5.54211914e+02,
    6.34432007e+02, 6.10385132e+02, 6.42720459e+02, 6.65585876e+02,
    6.50521423e+02, 7.20102356e+02, 6.58515503e+02, 7.74238708e+02,
    5.60869446e+02, 5.02210144e+02, 5.70046326e+02, 5.59228882e+02,
    5.78823303e+02, 6.15228943e+02, 5.87252502e+02, 6.70448914e+02,
    5.95561035e+02, 7.24752991e+02, 6.03500244e+02, 7.78683838e+02,
    5.04312286e+02, 5.07389679e+02, 5.13423645e+02, 5.64494263e+02,
    5.22481689e+02, 6.20426880e+02, 5.31182007e+02, 6.75603638e+02,
    5.39614197e+02, 7.30038696e+02, 5.48424072e+02, 7.83608276e+02 ]
