%YAML:1.0
---
points: [ 9.05291931e+02, 4.69892914e+02, 9.11529907e+02, 5.28513977e+02,
    9.17666321e+02, 5.86206787e+02, 9.23714722e+02, 6.42617065e+02,
    9.29642456e+02, 6.98290527e+02, 9.35639648e+02, 7.53368164e+02,
    8.46726562e+02, 4.75462677e+02, 8.53534851e+02, 5.33630493e+02,
    8.60203369e+02, 5.91121582e+02, 8.66598877e+02, 6.47331482e+02,
    8.73188538e+02, 7.02754761e+02, 8.79473633e+02, 7.57621521e+02,
    7.88643616e+02, 4.80870483e+02, 7.96009399e+02, 5.38886902e+02,
    8.02942566e+02, 5.96127319e+02, 8.09929810e+02, 6.51883423e+02,
    8.16711243e+02, 7.07470825e+02, 8.23305786e+02, 7.62013367e+02,
    7.31324951e+02, 4.86231750e+02, 7.38910950e+02, 5.44171814e+02,
    7.46460022e+02, 6.00807739e+02, 7.53795898e+02, 6.56472107e+02,
    7.60762573e+02, 7.11754333e+02, 7.68028931e+02, 7.66067566e+02,
    6.74235535e+02, 4.91524109e+02, 6.82365173e+02, 5.49120850e+02,
    6.90320801e+02, 6.05518127e+02, 6.97831543e+02, 6.61042358e+02,
    7.05627014e+02, 7.16000732e+02, 7.12875732e+02, 7.69978027e+02,
    6.17480164e+02, 4.96816711e+02, 6.26219238e+02, 5.54124451e+02,
    6.34486450e+02, 6.10323547e+02, 6.42791138e+02, 6.65543152e+02,
    6.50588013e+02, 7.20040955e+02, 6.58555359e+02, 7.74160278e+02,
    5.61002625e+02, 5.02111176e+02, 5.70094116e+02, 5.59166748e+02,
    5.78870300e+02, 6.15170349e+02, 5.87294189e+02, 6.70397339e+02,
    5.95620972e+02, 7.24619507e+02, 6.03539429e+02, 7.78645569e+02,
    5.04348663e+02, 5.07318726e+02, 5.13486389e+02, 5.64446289e+02,
    5.22566040e+02, 6.20398376e+02, 5.31255493e+02, 6.75584412e+02,
    5.39664490e+02, 7.30056763e+02, 5.48496765e+02, 7.83578247e+02 ]
