%YAML:1.0
---
points: [ 3.28850983e+02, 3.40412811e+02, 3.29512848e+02, 3.31607025e+02,
    3.29977783e+02, 3.22776154e+02, 3.30604248e+02, 3.14142334e+02,
    3.31156769e+02, 3.05317413e+02, 3.31762604e+02, 2.96606049e+02,
    3.37282074e+02, 3.41052643e+02, 3.37865967e+02, 3.32246368e+02,
    3.38414124e+02, 3.23408508e+02, 3.38999542e+02, 3.14721313e+02,
    3.39466003e+02, 3.06011688e+02, 3.40125275e+02, 2.97353516e+02,
    3.45641602e+02, 3.41592010e+02, 3.46244476e+02, 3.32820618e+02,
    3.46779694e+02, 3.24057770e+02, 3.47332489e+02, 3.15380859e+02,
    3.47890259e+02, 3.06719757e+02, 3.48334534e+02, 2.98097382e+02,
    3.54178528e+02, 3.42284760e+02, 3.54637421e+02, 3.33421997e+02,
    3.55231689e+02, 3.24686310e+02, 3.55664246e+02, 3.16037292e+02,
    3.56224731e+02, 3.07421173e+02, 3.56703125e+02, 2.98773132e+02,
    3.62465393e+02, 3.42859589e+02, 3.63063599e+02, 3.34063202e+02,
    3.63522247e+02, 3.25366821e+02, 3.64095673e+02, 3.16715790e+02,
    3.64504608e+02, 3.08081329e+02, 3.65072083e+02, 2.99425659e+02,
    3.70869141e+02, 3.43528076e+02, 3.71408386e+02, 3.34767792e+02,
    3.71910431e+02, 3.26110046e+02, 3.72392883e+02, 3.17338348e+02,
    3.72908569e+02, 3.08801392e+02, 3.73401154e+02, 3.00139648e+02,
    3.79122192e+02, 3.43944519e+02, 3.79761536e+02, 3.35350250e+02,
    3.80222076e+02, 3.26616638e+02, 3.80721008e+02, 3.18062836e+02,
    3.81241241e+02, 3.09411011e+02, 3.81710541e+02, 3.00854980e+02,
    3.87502625e+02, 3.44615570e+02, 3.87896210e+02, 3.35833801e+02,
    3.88494354e+02, 3.27240997e+02, 3.88941284e+02, 3.18567322e+02,
    3.89462097e+02, 3.10112091e+02, 3.89996002e+02, 3.01469482e+02 ]
