%YAML:1.0
---
points: [ 2.77737915e+02, 1.80614075e+02, 2.80146545e+02, 2.00757416e+02,
    2.82118347e+02, 2.20650070e+02, 2.84078735e+02, 2.40306412e+02,
    2.86078339e+02, 2.59602386e+02, 2.88042511e+02, 2.78870148e+02,
    2.58042877e+02, 1.82760040e+02, 2.59742920e+02, 2.02754272e+02,
    2.61988617e+02, 2.22633362e+02, 2.64127930e+02, 2.42045929e+02,
    2.66203247e+02, 2.61307831e+02, 2.68270203e+02, 2.80396851e+02,
    2.37224335e+02, 1.84687332e+02, 2.39748520e+02, 2.04724640e+02,
    2.42005295e+02, 2.24396957e+02, 2.44293793e+02, 2.43859268e+02,
    2.46513016e+02, 2.63153137e+02, 2.48712463e+02, 2.82079773e+02,
    2.17230545e+02, 1.86660446e+02, 2.19712082e+02, 2.06700272e+02,
    2.22236313e+02, 2.26351578e+02, 2.24643295e+02, 2.45680801e+02,
    2.27033936e+02, 2.64827942e+02, 2.29339996e+02, 2.83639160e+02,
    1.97276947e+02, 1.88625336e+02, 2.00019669e+02, 2.08612778e+02,
    2.02625092e+02, 2.28123825e+02, 2.05177155e+02, 2.47386230e+02,
    2.07666885e+02, 2.66358246e+02, 2.10150162e+02, 2.85199005e+02,
    1.77487793e+02, 1.90633392e+02, 1.80410522e+02, 2.10427353e+02,
    1.83178925e+02, 2.29984009e+02, 1.85928360e+02, 2.49084076e+02,
    1.88592529e+02, 2.68134521e+02, 1.91126312e+02, 2.86780243e+02,
    1.57858231e+02, 1.92565552e+02, 1.60825302e+02, 2.12388489e+02,
    1.63745880e+02, 2.31826599e+02, 1.66578537e+02, 2.51010208e+02,
    1.69311981e+02, 2.69850159e+02, 1.71987869e+02, 2.88440460e+02,
    1.37981796e+02, 1.94582581e+02, 1.41137634e+02, 2.14377930e+02,
    1.44114105e+02, 2.33886993e+02, 1.47121857e+02, 2.52932907e+02,
    1.49905136e+02, 2.71879883e+02, 1.52852554e+02, 2.90402222e+02 ]
