%YAML:1.0
---
points: [ 4.92770691e+02, 1.54572830e+02, 4.93437164e+02, 1.75529587e+02,
    4.93733765e+02, 1.95665298e+02, 4.94160675e+02, 2.15798828e+02,
    4.94378662e+02, 2.35299408e+02, 4.94533081e+02, 2.54612350e+02,
    4.72794708e+02, 1.56988647e+02, 4.73537109e+02, 1.77531387e+02,
    4.74135010e+02, 1.98071518e+02, 4.74664673e+02, 2.17909286e+02,
    4.74998535e+02, 2.37735413e+02, 4.75337067e+02, 2.56896149e+02,
    4.52236664e+02, 1.59056854e+02, 4.52994141e+02, 1.80045349e+02,
    4.53754974e+02, 2.00239136e+02, 4.54501251e+02, 2.20351456e+02,
    4.55195068e+02, 2.39907104e+02, 4.55763245e+02, 2.59474518e+02,
    4.31369568e+02, 1.61432770e+02, 4.32269226e+02, 1.82258652e+02,
    4.33230988e+02, 2.02563202e+02, 4.34148773e+02, 2.22539261e+02,
    4.34908661e+02, 2.42119812e+02, 4.35744781e+02, 2.61350098e+02,
    4.10241791e+02, 1.63896439e+02, 4.11233673e+02, 1.84549026e+02,
    4.12313507e+02, 2.04768005e+02, 4.13504791e+02, 2.24669342e+02,
    4.14599731e+02, 2.44191376e+02, 4.15593750e+02, 2.63389099e+02,
    3.89122681e+02, 1.66327789e+02, 3.90391510e+02, 1.86885468e+02,
    3.91693787e+02, 2.07036423e+02, 3.92936554e+02, 2.26777191e+02,
    3.94152222e+02, 2.46251099e+02, 3.95343567e+02, 2.65288055e+02,
    3.68318085e+02, 1.68775360e+02, 3.69692505e+02, 1.89215500e+02,
    3.71195831e+02, 2.09304062e+02, 3.72530762e+02, 2.28935669e+02,
    3.74057281e+02, 2.48351700e+02, 3.75481018e+02, 2.67450562e+02,
    3.47519104e+02, 1.71296402e+02, 3.49157776e+02, 1.91617203e+02,
    3.50709595e+02, 2.11601410e+02, 3.52343262e+02, 2.31252548e+02,
    3.53986450e+02, 2.50509628e+02, 3.55567017e+02, 2.69532288e+02 ]
