%YAML:1.0
---
points: [ 1.53051282e+03, 4.00212219e+02, 1.53188037e+03, 4.60531616e+02,
    1.53329504e+03, 5.19647095e+02, 1.53469727e+03, 5.77645569e+02,
    1.53648560e+03, 6.34859497e+02, 1.53792114e+03, 6.91452087e+02,
    1.46850134e+03, 4.06882751e+02, 1.47025110e+03, 4.66895142e+02,
    1.47232837e+03, 5.25856873e+02, 1.47449512e+03, 5.83577454e+02,
    1.47638770e+03, 6.40551392e+02, 1.47861182e+03, 6.96708923e+02,
    1.40639832e+03, 4.13586487e+02, 1.40876562e+03, 4.73346161e+02,
    1.41149927e+03, 5.32076965e+02, 1.41405298e+03, 5.89479309e+02,
    1.41693030e+03, 6.46272705e+02, 1.41958215e+03, 7.02190308e+02,
    1.34488635e+03, 4.20172241e+02, 1.34803833e+03, 4.79674591e+02,
    1.35087659e+03, 5.38007690e+02, 1.35418433e+03, 5.95205261e+02,
    1.35733850e+03, 6.51390381e+02, 1.36035535e+03, 7.07259766e+02,
    1.28408960e+03, 4.26769287e+02, 1.28743201e+03, 4.85923706e+02,
    1.29109753e+03, 5.43915161e+02, 1.29476648e+03, 6.00672729e+02,
    1.29822119e+03, 6.56671082e+02, 1.30181995e+03, 7.12073914e+02,
    1.22375085e+03, 4.33329437e+02, 1.22797534e+03, 4.91966949e+02,
    1.23210168e+03, 5.49621765e+02, 1.23605615e+03, 6.06278931e+02,
    1.23985291e+03, 6.61770508e+02, 1.24405151e+03, 7.17109253e+02,
    1.16459631e+03, 4.39583008e+02, 1.16926501e+03, 4.98155518e+02,
    1.17374219e+03, 5.55463379e+02, 1.17823657e+03, 6.11845642e+02,
    1.18254150e+03, 6.67360901e+02, 1.18699731e+03, 7.22338684e+02,
    1.10558044e+03, 4.45761810e+02, 1.11077844e+03, 5.04226135e+02,
    1.11581860e+03, 5.61563171e+02, 1.12075220e+03, 6.17916199e+02,
    1.12567334e+03, 6.73413513e+02, 1.13045154e+03, 7.28137573e+02 ]
