%YAML:1.0
---
points: [ 2.38778397e+02, 3.77497162e+02, 2.62652985e+02, 3.94293030e+02,
    2.87078217e+02, 4.11333496e+02, 3.11597748e+02, 4.28560638e+02,
    3.36596954e+02, 4.45887390e+02, 3.61694672e+02, 4.63426239e+02,
    2.21058105e+02, 4.04754425e+02, 2.44987991e+02, 4.21769928e+02,
    2.69238525e+02, 4.38868439e+02, 2.93563171e+02, 4.56124756e+02,
    3.18190430e+02, 4.73598419e+02, 3.43023315e+02, 4.91273956e+02,
    2.02714310e+02, 4.31871887e+02, 2.26559036e+02, 4.49079346e+02,
    2.50618439e+02, 4.66298584e+02, 2.74860260e+02, 4.83595856e+02,
    2.99359344e+02, 5.01194092e+02, 3.24167847e+02, 5.18821533e+02,
    1.83855316e+02, 4.58952911e+02, 2.07468170e+02, 4.76238342e+02,
    2.31594025e+02, 4.93576752e+02, 2.55690720e+02, 5.11006470e+02,
    2.80321655e+02, 5.28705444e+02, 3.04989227e+02, 5.46668945e+02,
    1.65002686e+02, 4.86221893e+02, 1.88617889e+02, 5.03529053e+02,
    2.12437424e+02, 5.21181396e+02, 2.36602783e+02, 5.38684570e+02,
    2.61028839e+02, 5.56487488e+02, 2.85660156e+02, 5.74542725e+02,
    1.46076080e+02, 5.13402283e+02, 1.69475906e+02, 5.30971985e+02,
    1.93372025e+02, 5.48608704e+02, 2.17459747e+02, 5.66469666e+02,
    2.41761520e+02, 5.84413086e+02, 2.66342499e+02, 6.02511597e+02,
    1.27586098e+02, 5.40889832e+02, 1.50903076e+02, 5.58390076e+02,
    1.74412155e+02, 5.76309265e+02, 1.98410736e+02, 5.94203918e+02,
    2.22528976e+02, 6.12373840e+02, 2.47113647e+02, 6.30654724e+02,
    1.09062729e+02, 5.68186829e+02, 1.32201309e+02, 5.86015686e+02,
    1.55637955e+02, 6.03864563e+02, 1.79431213e+02, 6.22101013e+02,
    2.03571228e+02, 6.40359619e+02, 2.27886871e+02, 6.58799255e+02 ]
