%YAML:1.0
---
points: [ 4.92753021e+02, 1.54575928e+02, 4.93388580e+02, 1.75489609e+02,
    4.93739624e+02, 1.95629547e+02, 4.94154327e+02, 2.15781784e+02,
    4.94388855e+02, 2.35295242e+02, 4.94554688e+02, 2.54565491e+02,
    4.72806763e+02, 1.56973358e+02, 4.73567322e+02, 1.77546371e+02,
    4.74104401e+02, 1.98040466e+02, 4.74651367e+02, 2.17866287e+02,
    4.74981384e+02, 2.37696030e+02, 4.75316833e+02, 2.56854462e+02,
    4.52232208e+02, 1.59043228e+02, 4.52983765e+02, 1.80044403e+02,
    4.53716705e+02, 2.00228027e+02, 4.54479156e+02, 2.20329315e+02,
    4.55128021e+02, 2.39857101e+02, 4.55758942e+02, 2.59428284e+02,
    4.31364655e+02, 1.61401688e+02, 4.32307281e+02, 1.82226913e+02,
    4.33211517e+02, 2.02536987e+02, 4.34142853e+02, 2.22497742e+02,
    4.34902832e+02, 2.42064667e+02, 4.35724396e+02, 2.61322388e+02,
    4.10175018e+02, 1.63827362e+02, 4.11229706e+02, 1.84481583e+02,
    4.12290283e+02, 2.04764908e+02, 4.13484192e+02, 2.24634537e+02,
    4.14611115e+02, 2.44192047e+02, 4.15574432e+02, 2.63383240e+02,
    3.89126831e+02, 1.66311783e+02, 3.90379791e+02, 1.86864319e+02,
    3.91692749e+02, 2.07036682e+02, 3.92911713e+02, 2.26765793e+02,
    3.94161407e+02, 2.46223770e+02, 3.95324280e+02, 2.65276215e+02,
    3.68315186e+02, 1.68771973e+02, 3.69676483e+02, 1.89207214e+02,
    3.71177917e+02, 2.09273773e+02, 3.72531494e+02, 2.28945175e+02,
    3.74021576e+02, 2.48329178e+02, 3.75453308e+02, 2.67426392e+02,
    3.47517761e+02, 1.71307098e+02, 3.49145813e+02, 1.91619476e+02,
    3.50714600e+02, 2.11568375e+02, 3.52336761e+02, 2.31237946e+02,
    3.53979614e+02, 2.50514069e+02, 3.55579376e+02, 2.69525757e+02 ]
