%YAML:1.0
---
points: [ 1.99033157e+02, 2.94693481e+02, 1.99822937e+02, 2.86125824e+02,
    2.00609451e+02, 2.77320740e+02, 2.01559647e+02, 2.68696198e+02,
    2.02253265e+02, 2.60044495e+02, 2.03199692e+02, 2.51581192e+02,
    2.07634567e+02, 2.95100616e+02, 2.08395309e+02, 2.86475433e+02,
    2.09232529e+02, 2.77869476e+02, 2.10042709e+02, 2.69236206e+02,
    2.10839111e+02, 2.60677673e+02, 2.11472687e+02, 2.52130386e+02,
    2.16209244e+02, 2.95605408e+02, 2.17040558e+02, 2.86971588e+02,
    2.17716995e+02, 2.78313141e+02, 2.18479126e+02, 2.69773407e+02,
    2.19287186e+02, 2.61213196e+02, 2.20021576e+02, 2.52782639e+02,
    2.24658463e+02, 2.96048767e+02, 2.25362762e+02, 2.87403809e+02,
    2.26195557e+02, 2.78838440e+02, 2.26882568e+02, 2.70315826e+02,
    2.27656174e+02, 2.61801239e+02, 2.28382538e+02, 2.53248444e+02,
    2.33089706e+02, 2.96490997e+02, 2.33847092e+02, 2.87893860e+02,
    2.34567245e+02, 2.79376740e+02, 2.35300980e+02, 2.70874512e+02,
    2.36068329e+02, 2.62325348e+02, 2.36664536e+02, 2.53988297e+02,
    2.41495331e+02, 2.97044098e+02, 2.42243408e+02, 2.88424377e+02,
    2.42915070e+02, 2.79926361e+02, 2.43581024e+02, 2.71358917e+02,
    2.44278534e+02, 2.62959198e+02, 2.45070099e+02, 2.54488556e+02,
    2.49878571e+02, 2.97408600e+02, 2.50546234e+02, 2.88984833e+02,
    2.51212921e+02, 2.80349030e+02, 2.51891907e+02, 2.71920868e+02,
    2.52515549e+02, 2.63513428e+02, 2.53232117e+02, 2.55111450e+02,
    2.58190125e+02, 2.97866089e+02, 2.58765350e+02, 2.89395996e+02,
    2.59389221e+02, 2.80959473e+02, 2.60066162e+02, 2.72427704e+02,
    2.60746704e+02, 2.64108398e+02, 2.61397919e+02, 2.55654709e+02 ]
