%YAML:1.0
---
points: [ 1.53048633e+03, 4.00175079e+02, 1.53180310e+03, 4.60509857e+02,
    1.53326855e+03, 5.19604797e+02, 1.53465894e+03, 5.77598083e+02,
    1.53641016e+03, 6.34811096e+02, 1.53805212e+03, 6.91446228e+02,
    1.46842371e+03, 4.06840607e+02, 1.47022180e+03, 4.66860199e+02,
    1.47232190e+03, 5.25774353e+02, 1.47442981e+03, 5.83575867e+02,
    1.47631201e+03, 6.40485779e+02, 1.47857214e+03, 6.96648254e+02,
    1.40635107e+03, 4.13496796e+02, 1.40868274e+03, 4.73329407e+02,
    1.41144568e+03, 5.31960754e+02, 1.41401257e+03, 5.89437561e+02,
    1.41690942e+03, 6.46216370e+02, 1.41948450e+03, 7.02131042e+02,
    1.34474243e+03, 4.20206299e+02, 1.34799597e+03, 4.79654022e+02,
    1.35081042e+03, 5.38002075e+02, 1.35401526e+03, 5.95191589e+02,
    1.35727124e+03, 6.51388672e+02, 1.36033423e+03, 7.07149597e+02,
    1.28401453e+03, 4.26725342e+02, 1.28738562e+03, 4.85836426e+02,
    1.29107336e+03, 5.43892090e+02, 1.29469238e+03, 6.00652405e+02,
    1.29822839e+03, 6.56611267e+02, 1.30177039e+03, 7.12021240e+02,
    1.22370251e+03, 4.33320343e+02, 1.22792188e+03, 4.91911560e+02,
    1.23197974e+03, 5.49596619e+02, 1.23600781e+03, 6.06240051e+02,
    1.23973193e+03, 6.61677856e+02, 1.24402942e+03, 7.16987915e+02,
    1.16453162e+03, 4.39537720e+02, 1.16917200e+03, 4.98059204e+02,
    1.17365845e+03, 5.55448730e+02, 1.17814551e+03, 6.11833252e+02,
    1.18247729e+03, 6.67368347e+02, 1.18694946e+03, 7.22292419e+02,
    1.10557507e+03, 4.45728607e+02, 1.11068091e+03, 5.04223083e+02,
    1.11572180e+03, 5.61503967e+02, 1.12071985e+03, 6.17896362e+02,
    1.12559033e+03, 6.73361877e+02, 1.13040759e+03, 7.28126770e+02 ]
