%YAML:1.0
---
points: [ 1.52870276e+03, 1.06943779e+02, 1.52953015e+03, 1.71704483e+02,
    1.53043750e+03, 2.35651443e+02, 1.53131055e+03, 2.98110657e+02,
    1.53206592e+03, 3.59620148e+02, 1.53286572e+03, 4.19952057e+02,
    1.46541296e+03, 1.13774300e+02, 1.46656555e+03, 1.78742172e+02,
    1.46807947e+03, 2.42361938e+02, 1.46940967e+03, 3.04542603e+02,
    1.47052795e+03, 3.65822632e+02, 1.47198816e+03, 4.26053558e+02,
    1.40193433e+03, 1.21071373e+02, 1.40368799e+03, 1.85848343e+02,
    1.40566479e+03, 2.49231384e+02, 1.40739282e+03, 3.11198547e+02,
    1.40950745e+03, 3.72028503e+02, 1.41137939e+03, 4.32119690e+02,
    1.33861963e+03, 1.28433716e+02, 1.34100635e+03, 1.92714813e+02,
    1.34347168e+03, 2.55843384e+02, 1.34579114e+03, 3.17631683e+02,
    1.34828833e+03, 3.78239899e+02, 1.35057983e+03, 4.38006134e+02,
    1.27586792e+03, 1.35609085e+02, 1.27880457e+03, 1.99764755e+02,
    1.28168872e+03, 2.62613495e+02, 1.28467102e+03, 3.24052063e+02,
    1.28753528e+03, 3.84399414e+02, 1.29049817e+03, 4.43732300e+02,
    1.21373584e+03, 1.42950592e+02, 1.21727942e+03, 2.06913895e+02,
    1.22074963e+03, 2.69398102e+02, 1.22408545e+03, 3.30383331e+02,
    1.22762048e+03, 3.90495087e+02, 1.23111438e+03, 4.49519623e+02,
    1.15250684e+03, 1.49882339e+02, 1.15648877e+03, 2.13527466e+02,
    1.16046106e+03, 2.75840088e+02, 1.16445154e+03, 3.36561523e+02,
    1.16856848e+03, 3.96504150e+02, 1.17242847e+03, 4.55237640e+02,
    1.09134082e+03, 1.56526993e+02, 1.09591211e+03, 2.19858566e+02,
    1.10060303e+03, 2.82101471e+02, 1.10530725e+03, 3.42691284e+02,
    1.10976514e+03, 4.02431946e+02, 1.11416687e+03, 4.61074463e+02 ]
