%YAML:1.0
---
points: [ 2.68242249e+02, 6.09352600e+02, 2.91330719e+02, 6.27251587e+02,
    3.15022430e+02, 6.45399902e+02, 3.38837616e+02, 6.63619324e+02,
    3.63075073e+02, 6.82135559e+02, 3.87503998e+02, 7.00712402e+02,
    2.50289703e+02, 6.36447876e+02, 2.73443817e+02, 6.54556885e+02,
    2.96878326e+02, 6.72745728e+02, 3.20490997e+02, 6.91286987e+02,
    3.44445374e+02, 7.09893066e+02, 3.68539673e+02, 7.28762451e+02,
    2.31748398e+02, 6.63651367e+02, 2.54876648e+02, 6.81826050e+02,
    2.78195496e+02, 7.00337097e+02, 3.01593567e+02, 7.18818848e+02,
    3.25374329e+02, 7.37641052e+02, 3.49433563e+02, 7.56657227e+02,
    2.12880524e+02, 6.90805908e+02, 2.35755295e+02, 7.09261292e+02,
    2.58921539e+02, 7.27747620e+02, 2.82436859e+02, 7.46539185e+02,
    3.06204407e+02, 7.65594604e+02, 3.30127441e+02, 7.84684265e+02,
    1.93889496e+02, 7.18174866e+02, 2.16724686e+02, 7.36700134e+02,
    2.39785126e+02, 7.55447083e+02, 2.63176880e+02, 7.74459961e+02,
    2.86709106e+02, 7.93611206e+02, 3.10647095e+02, 8.13035828e+02,
    1.74976990e+02, 7.45466614e+02, 1.97530380e+02, 7.64296570e+02,
    2.20639740e+02, 7.83258362e+02, 2.43907730e+02, 8.02324219e+02,
    2.67436066e+02, 8.21623169e+02, 2.91241150e+02, 8.41291260e+02,
    1.56398819e+02, 7.72845093e+02, 1.78873474e+02, 7.91799744e+02,
    2.01575989e+02, 8.11120850e+02, 2.24749130e+02, 8.30324402e+02,
    2.48201492e+02, 8.49768188e+02, 2.71752960e+02, 8.69536194e+02,
    1.37758469e+02, 8.00222900e+02, 1.60226181e+02, 8.19365295e+02,
    1.82749664e+02, 8.38663513e+02, 2.05715973e+02, 8.58202942e+02,
    2.29086304e+02, 8.78054321e+02, 2.52579361e+02, 8.98049255e+02 ]
