%YAML:1.0
---
points: [ 4.88360870e+02, 5.66031265e+01, 4.89744232e+02, 7.79261703e+01,
    4.90945648e+02, 9.88489380e+01, 4.91868896e+02, 1.20033188e+02,
    4.92630615e+02, 1.40738556e+02, 4.93173523e+02, 1.61606583e+02,
    4.68762054e+02, 5.78730736e+01, 4.70208038e+02, 7.91789246e+01,
    4.71376099e+02, 1.00703270e+02, 4.72294006e+02, 1.21672348e+02,
    4.72942291e+02, 1.42808609e+02, 4.73535400e+02, 1.63380997e+02,
    4.48839294e+02, 5.93166122e+01, 4.49923981e+02, 8.09356079e+01,
    4.51021027e+02, 1.02427437e+02, 4.51943604e+02, 1.23765266e+02,
    4.52704498e+02, 1.44619812e+02, 4.53446503e+02, 1.65676117e+02,
    4.27963989e+02, 6.10922928e+01, 4.29316162e+02, 8.29405212e+01,
    4.30325378e+02, 1.04457024e+02, 4.31300995e+02, 1.25907784e+02,
    4.32113068e+02, 1.46862381e+02, 4.32873749e+02, 1.67725861e+02,
    4.06855408e+02, 6.30593262e+01, 4.08044891e+02, 8.51496429e+01,
    4.09151093e+02, 1.06714973e+02, 4.10159149e+02, 1.28169266e+02,
    4.11167969e+02, 1.49095291e+02, 4.11960968e+02, 1.69897751e+02,
    3.85587402e+02, 6.55452728e+01, 3.86826660e+02, 8.75332413e+01,
    3.88004211e+02, 1.09149132e+02, 3.89121155e+02, 1.30476364e+02,
    3.90146759e+02, 1.51381271e+02, 3.91204346e+02, 1.72078903e+02,
    3.64332764e+02, 6.79663010e+01, 3.65677399e+02, 8.98922577e+01,
    3.66869110e+02, 1.11677109e+02, 3.68131836e+02, 1.32800888e+02,
    3.69372589e+02, 1.53754257e+02, 3.70655518e+02, 1.74271240e+02,
    3.43048737e+02, 7.03190918e+01, 3.44577026e+02, 9.23196487e+01,
    3.45949371e+02, 1.14010864e+02, 3.47457336e+02, 1.35129211e+02,
    3.48846832e+02, 1.56074890e+02, 3.50128571e+02, 1.76580978e+02 ]
