%YAML:1.0
---
points: [ 1.52872803e+03, 1.06903351e+02, 1.52956995e+03, 1.71724411e+02,
    1.53046375e+03, 2.35635422e+02, 1.53138354e+03, 2.98095581e+02,
    1.53209680e+03, 3.59608521e+02, 1.53287915e+03, 4.19944336e+02,
    1.46543140e+03, 1.13804413e+02, 1.46664050e+03, 1.78782028e+02,
    1.46812354e+03, 2.42332001e+02, 1.46943384e+03, 3.04520233e+02,
    1.47059216e+03, 3.65806458e+02, 1.47200647e+03, 4.26009369e+02,
    1.40196362e+03, 1.21017792e+02, 1.40369836e+03, 1.85840393e+02,
    1.40564954e+03, 2.49236206e+02, 1.40743286e+03, 3.11201813e+02,
    1.40951318e+03, 3.71998474e+02, 1.41139258e+03, 4.32088104e+02,
    1.33861670e+03, 1.28432129e+02, 1.34106567e+03, 1.92719452e+02,
    1.34346338e+03, 2.55832764e+02, 1.34584521e+03, 3.17626343e+02,
    1.34830591e+03, 3.78243591e+02, 1.35058411e+03, 4.37969269e+02,
    1.27590784e+03, 1.35585876e+02, 1.27884058e+03, 1.99755768e+02,
    1.28167041e+03, 2.62587524e+02, 1.28469604e+03, 3.24025269e+02,
    1.28755835e+03, 3.84386688e+02, 1.29050903e+03, 4.43736572e+02,
    1.21376733e+03, 1.42958771e+02, 1.21729980e+03, 2.06915421e+02,
    1.22076489e+03, 2.69401459e+02, 1.22411499e+03, 3.30379395e+02,
    1.22759766e+03, 3.90532013e+02, 1.23112476e+03, 4.49550354e+02,
    1.15250745e+03, 1.49872574e+02, 1.15649182e+03, 2.13548111e+02,
    1.16047290e+03, 2.75885437e+02, 1.16445874e+03, 3.36567444e+02,
    1.16855688e+03, 3.96494537e+02, 1.17243616e+03, 4.55227112e+02,
    1.09133875e+03, 1.56517761e+02, 1.09599463e+03, 2.19880676e+02,
    1.10061023e+03, 2.82057129e+02, 1.10526794e+03, 3.42701660e+02,
    1.10976233e+03, 4.02454437e+02, 1.11416809e+03, 4.61029144e+02 ]
