%YAML:1.0
---
points: [ 4.88328094e+02, 5.65943642e+01, 4.89780975e+02, 7.79154739e+01,
    4.90971252e+02, 9.88492126e+01, 4.91877655e+02, 1.20034348e+02,
    4.92630920e+02, 1.40742310e+02, 4.93150879e+02, 1.61597534e+02,
    4.68794373e+02, 5.79059143e+01, 4.70206970e+02, 7.91583252e+01,
    4.71377594e+02, 1.00692390e+02, 4.72325348e+02, 1.21682999e+02,
    4.72947693e+02, 1.42809372e+02, 4.73544922e+02, 1.63411041e+02,
    4.48803986e+02, 5.92787857e+01, 4.49898224e+02, 8.09953842e+01,
    4.51002777e+02, 1.02395050e+02, 4.51944214e+02, 1.23752335e+02,
    4.52742554e+02, 1.44624100e+02, 4.53451813e+02, 1.65670105e+02,
    4.27955353e+02, 6.11256027e+01, 4.29336060e+02, 8.29076233e+01,
    4.30341339e+02, 1.04456886e+02, 4.31323517e+02, 1.25905891e+02,
    4.32111206e+02, 1.46822189e+02, 4.32880493e+02, 1.67711960e+02,
    4.06845856e+02, 6.31025162e+01, 4.08017242e+02, 8.51379013e+01,
    4.09148987e+02, 1.06751305e+02, 4.10183350e+02, 1.28157150e+02,
    4.11154388e+02, 1.49115311e+02, 4.11961761e+02, 1.69881561e+02,
    3.85553741e+02, 6.55821609e+01, 3.86815765e+02, 8.75305176e+01,
    3.88028137e+02, 1.09142525e+02, 3.89101196e+02, 1.30467072e+02,
    3.90131134e+02, 1.51386551e+02, 3.91202393e+02, 1.72072006e+02,
    3.64326630e+02, 6.79526901e+01, 3.65700562e+02, 8.99017944e+01,
    3.66899353e+02, 1.11654083e+02, 3.68142639e+02, 1.32802353e+02,
    3.69372101e+02, 1.53753647e+02, 3.70650909e+02, 1.74259079e+02,
    3.43046692e+02, 7.03307571e+01, 3.44572113e+02, 9.23244019e+01,
    3.45940338e+02, 1.14014061e+02, 3.47452026e+02, 1.35128220e+02,
    3.48862274e+02, 1.56092209e+02, 3.50145233e+02, 1.76552078e+02 ]
