%YAML:1.0
---
points: [ 1.04949524e+02, 2.43660767e+02, 1.05932167e+02, 2.34908752e+02,
    1.06792854e+02, 2.26447357e+02, 1.07743484e+02, 2.17850922e+02,
    1.08570526e+02, 2.09465378e+02, 1.09427795e+02, 2.00899139e+02,
    1.13886948e+02, 2.44146088e+02, 1.14776253e+02, 2.35645187e+02,
    1.15670982e+02, 2.27044128e+02, 1.16549393e+02, 2.18641815e+02,
    1.17409210e+02, 2.10046249e+02, 1.18278488e+02, 2.01654419e+02,
    1.22697121e+02, 2.44747910e+02, 1.23598717e+02, 2.36155869e+02,
    1.24429893e+02, 2.27666718e+02, 1.25271355e+02, 2.19190201e+02,
    1.26144257e+02, 2.10739777e+02, 1.26943550e+02, 2.02376480e+02,
    1.31431381e+02, 2.45292374e+02, 1.32307312e+02, 2.36780975e+02,
    1.33121826e+02, 2.28297974e+02, 1.34033478e+02, 2.19851700e+02,
    1.34787262e+02, 2.11395218e+02, 1.35627930e+02, 2.02988541e+02,
    1.40187759e+02, 2.45822510e+02, 1.41040298e+02, 2.37364105e+02,
    1.41875504e+02, 2.28866028e+02, 1.42683578e+02, 2.20468170e+02,
    1.43514114e+02, 2.12066589e+02, 1.44262161e+02, 2.03644287e+02,
    1.48839996e+02, 2.46348709e+02, 1.49740997e+02, 2.37942841e+02,
    1.50474533e+02, 2.29443909e+02, 1.51304535e+02, 2.21093338e+02,
    1.52055420e+02, 2.12694305e+02, 1.52912537e+02, 2.04310272e+02,
    1.57515396e+02, 2.46952881e+02, 1.58356964e+02, 2.38457214e+02,
    1.59146042e+02, 2.30154312e+02, 1.59886108e+02, 2.21687347e+02,
    1.60734818e+02, 2.13408722e+02, 1.61466690e+02, 2.04942688e+02,
    1.66171127e+02, 2.47402069e+02, 1.67001984e+02, 2.39142181e+02,
    1.67663269e+02, 2.30674408e+02, 1.68384491e+02, 2.22251663e+02,
    1.69220062e+02, 2.13987747e+02, 1.69930664e+02, 2.05291702e+02 ]
