%YAML:1.0
---
points: [ 1.50032761e+02, 6.49720337e+02, 1.77912903e+02, 6.49708130e+02,
    2.06153091e+02, 6.49676208e+02, 2.33696625e+02, 6.49708313e+02,
    2.61520111e+02, 6.49637085e+02, 2.89214355e+02, 6.49623779e+02,
    1.49287552e+02, 6.75652405e+02, 1.77138535e+02, 6.75552551e+02,
    2.05198196e+02, 6.75490112e+02, 2.33023285e+02, 6.75424316e+02,
    2.60480713e+02, 6.75321106e+02, 2.87971649e+02, 6.75175476e+02,
    1.47952301e+02, 7.01660217e+02, 1.76098373e+02, 7.01595703e+02,
    2.03771149e+02, 7.01390930e+02, 2.31651352e+02, 7.01217224e+02,
    2.59272095e+02, 7.00877502e+02, 2.86789886e+02, 7.00717041e+02,
    1.46367264e+02, 7.27721436e+02, 1.74553482e+02, 7.27566772e+02,
    2.02428040e+02, 7.27396118e+02, 2.30150055e+02, 7.27070984e+02,
    2.58035278e+02, 7.26719971e+02, 2.85581146e+02, 7.26386597e+02,
    1.44819138e+02, 7.54092346e+02, 1.72862305e+02, 7.53791504e+02,
    2.01110443e+02, 7.53431274e+02, 2.28718750e+02, 7.53068420e+02,
    2.56473816e+02, 7.52569702e+02, 2.84289673e+02, 7.52211304e+02,
    1.43392090e+02, 7.80425598e+02, 1.71367081e+02, 7.80113098e+02,
    1.99558029e+02, 7.79605042e+02, 2.27383652e+02, 7.79243652e+02,
    2.55165787e+02, 7.78660522e+02, 2.82714478e+02, 7.78215515e+02,
    1.42144119e+02, 8.06805603e+02, 1.70141800e+02, 8.06355774e+02,
    1.98028336e+02, 8.05842957e+02, 2.26043564e+02, 8.05313843e+02,
    2.53872070e+02, 8.04721863e+02, 2.81553284e+02, 8.04223389e+02,
    1.40635773e+02, 8.33241394e+02, 1.68953049e+02, 8.32721497e+02,
    1.96751984e+02, 8.32244385e+02, 2.24754349e+02, 8.31489807e+02,
    2.52621689e+02, 8.30850769e+02, 2.80445312e+02, 8.30271606e+02 ]
