%YAML:1.0
---
points: [ 1.49903613e+03, 6.42166443e+02, 1.50154346e+03, 6.97678528e+02,
    1.50417627e+03, 7.52421509e+02, 1.50674609e+03, 8.06379395e+02,
    1.50945935e+03, 8.59541626e+02, 1.51194556e+03, 9.11868713e+02,
    1.44027551e+03, 6.48498779e+02, 1.44335144e+03, 7.03737549e+02,
    1.44658386e+03, 7.58543091e+02, 1.44966907e+03, 8.12271118e+02,
    1.45287317e+03, 8.65097656e+02, 1.45581274e+03, 9.17448486e+02,
    1.38157861e+03, 6.54608154e+02, 1.38528076e+03, 7.09669006e+02,
    1.38893872e+03, 7.64337341e+02, 1.39250159e+03, 8.17734619e+02,
    1.39631995e+03, 8.70777710e+02, 1.39993469e+03, 9.23178040e+02,
    1.32336255e+03, 6.60599731e+02, 1.32741394e+03, 7.15607422e+02,
    1.33163611e+03, 7.69823669e+02, 1.33557947e+03, 8.23260559e+02,
    1.33953833e+03, 8.75912170e+02, 1.34357666e+03, 9.28182251e+02,
    1.26541797e+03, 6.66581116e+02, 1.27001514e+03, 7.21493774e+02,
    1.27453931e+03, 7.75463196e+02, 1.27895837e+03, 8.28550049e+02,
    1.28340967e+03, 8.81219116e+02, 1.28768872e+03, 9.33223816e+02,
    1.20830408e+03, 6.72524719e+02, 1.21316602e+03, 7.27275208e+02,
    1.21791272e+03, 7.80890564e+02, 1.22274072e+03, 8.33822998e+02,
    1.22761829e+03, 8.86114258e+02, 1.23242908e+03, 9.38047546e+02,
    1.15177307e+03, 6.78809692e+02, 1.15709460e+03, 7.33230286e+02,
    1.16220337e+03, 7.86696350e+02, 1.16733118e+03, 8.39479126e+02,
    1.17250439e+03, 8.91858337e+02, 1.17760022e+03, 9.43667297e+02,
    1.09532617e+03, 6.85131836e+02, 1.10096411e+03, 7.39499939e+02,
    1.10659204e+03, 7.92931335e+02, 1.11223853e+03, 8.45934082e+02,
    1.11757825e+03, 8.98303589e+02, 1.12304382e+03, 9.49855408e+02 ]
