%YAML:1.0
---
points: [ 1.19297760e+02, 2.94565063e+02, 1.20323669e+02, 2.85893677e+02,
    1.21309845e+02, 2.77245880e+02, 1.22353401e+02, 2.68675354e+02,
    1.23406914e+02, 2.60192688e+02, 1.24424042e+02, 2.51514984e+02,
    1.28091248e+02, 2.95165619e+02, 1.29017242e+02, 2.86544739e+02,
    1.30088409e+02, 2.77911713e+02, 1.31021027e+02, 2.69325134e+02,
    1.32033554e+02, 2.60781952e+02, 1.33082703e+02, 2.52284027e+02,
    1.36652603e+02, 2.95831207e+02, 1.37713730e+02, 2.87194916e+02,
    1.38631271e+02, 2.78552643e+02, 1.39653061e+02, 2.70028412e+02,
    1.40586487e+02, 2.61429535e+02, 1.41592972e+02, 2.52977692e+02,
    1.45305542e+02, 2.96514191e+02, 1.46246353e+02, 2.87875671e+02,
    1.47250290e+02, 2.79252045e+02, 1.48215317e+02, 2.70700043e+02,
    1.49177002e+02, 2.62151886e+02, 1.50102310e+02, 2.53618637e+02,
    1.53886185e+02, 2.97206909e+02, 1.54852325e+02, 2.88486816e+02,
    1.55844833e+02, 2.79967651e+02, 1.56751801e+02, 2.71361603e+02,
    1.57740311e+02, 2.62872650e+02, 1.58656403e+02, 2.54337585e+02,
    1.62492416e+02, 2.97841187e+02, 1.63380325e+02, 2.89189331e+02,
    1.64379166e+02, 2.80566010e+02, 1.65308716e+02, 2.72090179e+02,
    1.66237350e+02, 2.63485443e+02, 1.67132126e+02, 2.55027023e+02,
    1.71095795e+02, 2.98418854e+02, 1.72048492e+02, 2.89838745e+02,
    1.72933868e+02, 2.81249084e+02, 1.73840958e+02, 2.72701904e+02,
    1.74732834e+02, 2.64208527e+02, 1.75640350e+02, 2.55709320e+02,
    1.79676468e+02, 2.99096039e+02, 1.80492432e+02, 2.90474060e+02,
    1.81427078e+02, 2.81908356e+02, 1.82310135e+02, 2.73358459e+02,
    1.83216187e+02, 2.64883636e+02, 1.84124390e+02, 2.56385834e+02 ]
