%YAML:1.0
---
points: [ 4.81999786e+02, 2.38032684e+02, 4.82506714e+02, 2.57344238e+02,
    4.82728760e+02, 2.75793549e+02, 4.83020416e+02, 2.94098206e+02,
    4.82988922e+02, 3.11917511e+02, 4.82934662e+02, 3.29475433e+02,
    4.62741119e+02, 2.40507156e+02, 4.63528442e+02, 2.59787628e+02,
    4.64002289e+02, 2.78439178e+02, 4.64640564e+02, 2.96779083e+02,
    4.64813507e+02, 3.14825867e+02, 4.64968140e+02, 3.32174896e+02,
    4.43054108e+02, 2.43045898e+02, 4.43841003e+02, 2.62254730e+02,
    4.44669067e+02, 2.80908875e+02, 4.45578644e+02, 2.99399841e+02,
    4.46379883e+02, 3.17454468e+02, 4.46964111e+02, 3.34975464e+02,
    4.23000763e+02, 2.45514343e+02, 4.24144867e+02, 2.64524170e+02,
    4.25267731e+02, 2.83338013e+02, 4.26349518e+02, 3.01667999e+02,
    4.27306854e+02, 3.19740967e+02, 4.28063599e+02, 3.37413696e+02,
    4.02840942e+02, 2.47682770e+02, 4.04242950e+02, 2.66820221e+02,
    4.05620972e+02, 2.85638977e+02, 4.06857727e+02, 3.03992554e+02,
    4.08076965e+02, 3.21897980e+02, 4.09143311e+02, 3.39839874e+02,
    3.82859314e+02, 2.50086792e+02, 3.84426849e+02, 2.69040863e+02,
    3.85892700e+02, 2.87802734e+02, 3.87346832e+02, 3.05969208e+02,
    3.88817200e+02, 3.24131836e+02, 3.90075775e+02, 3.41805878e+02,
    3.63026794e+02, 2.52332153e+02, 3.64738800e+02, 2.71306396e+02,
    3.66486237e+02, 2.89955780e+02, 3.68057617e+02, 3.08220459e+02,
    3.69687683e+02, 3.26337341e+02, 3.71334503e+02, 3.44086761e+02,
    3.43188934e+02, 2.54635422e+02, 3.45134644e+02, 2.73663940e+02,
    3.47026154e+02, 2.92358795e+02, 3.48951172e+02, 3.10725464e+02,
    3.50770355e+02, 3.28891724e+02, 3.52287720e+02, 3.46572083e+02 ]
