%YAML:1.0
---
points: [ 4.81987915e+02, 2.38006683e+02, 4.82467285e+02, 2.57305908e+02,
    4.82748108e+02, 2.75766357e+02, 4.83064270e+02, 2.94102264e+02,
    4.83023712e+02, 3.11886169e+02, 4.82940948e+02, 3.29448517e+02,
    4.62778229e+02, 2.40488098e+02, 4.63530518e+02, 2.59761810e+02,
    4.64062012e+02, 2.78370026e+02, 4.64622009e+02, 2.96775757e+02,
    4.64819214e+02, 3.14811371e+02, 4.64946838e+02, 3.32132355e+02,
    4.43017242e+02, 2.43012741e+02, 4.43813538e+02, 2.62266998e+02,
    4.44701843e+02, 2.80887421e+02, 4.45593262e+02, 2.99408386e+02,
    4.46331268e+02, 3.17403076e+02, 4.46972626e+02, 3.34939575e+02,
    4.23021759e+02, 2.45460175e+02, 4.24176910e+02, 2.64511353e+02,
    4.25266357e+02, 2.83315735e+02, 4.26370300e+02, 3.01643799e+02,
    4.27335205e+02, 3.19723206e+02, 4.28097168e+02, 3.37393494e+02,
    4.02871826e+02, 2.47635834e+02, 4.04237396e+02, 2.66764648e+02,
    4.05648499e+02, 2.85562836e+02, 4.06911041e+02, 3.03972961e+02,
    4.08080200e+02, 3.21870544e+02, 4.09159271e+02, 3.39846375e+02,
    3.82845520e+02, 2.50031693e+02, 3.84430267e+02, 2.69033875e+02,
    3.85962646e+02, 2.87741455e+02, 3.87330658e+02, 3.05944427e+02,
    3.88852234e+02, 3.24141815e+02, 3.90095306e+02, 3.41804260e+02,
    3.63049011e+02, 2.52314484e+02, 3.64763428e+02, 2.71276459e+02,
    3.66452148e+02, 2.89896362e+02, 3.68079010e+02, 3.08195679e+02,
    3.69694885e+02, 3.26300110e+02, 3.71322632e+02, 3.44070007e+02,
    3.43207672e+02, 2.54622437e+02, 3.45189331e+02, 2.73596466e+02,
    3.47027802e+02, 2.92330322e+02, 3.48950562e+02, 3.10700531e+02,
    3.50781433e+02, 3.28871521e+02, 3.52296448e+02, 3.46595886e+02 ]
