%YAML:1.0
---
points: [ 1.49909558e+03, 6.42048950e+02, 1.50158728e+03, 6.97582947e+02,
    1.50424255e+03, 7.52386902e+02, 1.50683875e+03, 8.06312866e+02,
    1.50940247e+03, 8.59395691e+02, 1.51202576e+03, 9.11787598e+02,
    1.44036194e+03, 6.48430481e+02, 1.44343579e+03, 7.03654907e+02,
    1.44658606e+03, 7.58436768e+02, 1.44961365e+03, 8.12121765e+02,
    1.45281348e+03, 8.64935974e+02, 1.45578369e+03, 9.17384155e+02,
    1.38161316e+03, 6.54552917e+02, 1.38529846e+03, 7.09562988e+02,
    1.38895508e+03, 7.64248230e+02, 1.39251196e+03, 8.17659912e+02,
    1.39637695e+03, 8.70692566e+02, 1.39990247e+03, 9.23057861e+02,
    1.32334644e+03, 6.60546448e+02, 1.32742358e+03, 7.15517456e+02,
    1.33168591e+03, 7.69742676e+02, 1.33555774e+03, 8.23207458e+02,
    1.33957324e+03, 8.75816040e+02, 1.34356616e+03, 9.27971741e+02,
    1.26543896e+03, 6.66514954e+02, 1.26989832e+03, 7.21382446e+02,
    1.27450317e+03, 7.75348450e+02, 1.27895972e+03, 8.28500244e+02,
    1.28343494e+03, 8.81080444e+02, 1.28771643e+03, 9.33006165e+02,
    1.20829150e+03, 6.72434082e+02, 1.21307703e+03, 7.27247437e+02,
    1.21789856e+03, 7.80794067e+02, 1.22272681e+03, 8.33649170e+02,
    1.22766577e+03, 8.86056580e+02, 1.23245044e+03, 9.37797974e+02,
    1.15175964e+03, 6.78637329e+02, 1.15709082e+03, 7.33111938e+02,
    1.16218433e+03, 7.86610962e+02, 1.16734497e+03, 8.39418884e+02,
    1.17255334e+03, 8.91728027e+02, 1.17757666e+03, 9.43583313e+02,
    1.09545288e+03, 6.85090393e+02, 1.10106372e+03, 7.39444031e+02,
    1.10663989e+03, 7.92874390e+02, 1.11221985e+03, 8.45801270e+02,
    1.11764246e+03, 8.98255371e+02, 1.12304858e+03, 9.49747192e+02 ]
