%YAML:1.0
---
points: [ 4.75386139e+02, 2.23671112e+02, 4.75737061e+02, 2.35759293e+02,
    4.75990234e+02, 2.47357727e+02, 4.76446198e+02, 2.59176056e+02,
    4.76683075e+02, 2.70626404e+02, 4.76867157e+02, 2.82223145e+02,
    4.63687561e+02, 2.24866180e+02, 4.64010742e+02, 2.36767242e+02,
    4.64496826e+02, 2.48610764e+02, 4.64822876e+02, 2.60190857e+02,
    4.65229767e+02, 2.71841461e+02, 4.65607910e+02, 2.83304108e+02,
    4.51594116e+02, 2.25861572e+02, 4.52055817e+02, 2.37963623e+02,
    4.52600311e+02, 2.49601700e+02, 4.53067352e+02, 2.61384399e+02,
    4.53594574e+02, 2.72867004e+02, 4.53897003e+02, 2.84644867e+02,
    4.39580627e+02, 2.27077866e+02, 4.40114410e+02, 2.38858551e+02,
    4.40693359e+02, 2.50779495e+02, 4.41200012e+02, 2.62339996e+02,
    4.41653809e+02, 2.74070618e+02, 4.42133759e+02, 2.85534515e+02,
    4.27423157e+02, 2.28088654e+02, 4.28012054e+02, 2.39986710e+02,
    4.28610016e+02, 2.51710175e+02, 4.29284912e+02, 2.63478485e+02,
    4.29790741e+02, 2.75027924e+02, 4.30385773e+02, 2.86645203e+02,
    4.15275909e+02, 2.29215561e+02, 4.15934204e+02, 2.40968475e+02,
    4.16632843e+02, 2.52721634e+02, 4.17202850e+02, 2.64375366e+02,
    4.17805786e+02, 2.76114868e+02, 4.18421997e+02, 2.87595062e+02,
    4.03203217e+02, 2.30189575e+02, 4.03824188e+02, 2.42075027e+02,
    4.04553894e+02, 2.53740875e+02, 4.05261627e+02, 2.65407166e+02,
    4.05925659e+02, 2.77057190e+02, 4.06653870e+02, 2.88604553e+02,
    3.91100586e+02, 2.31264114e+02, 3.91807465e+02, 2.43075027e+02,
    3.92551544e+02, 2.54967163e+02, 3.93301178e+02, 2.66438599e+02,
    3.94166016e+02, 2.78182953e+02, 3.94797699e+02, 2.89676819e+02 ]
