%YAML:1.0
---
points: [ 1.06652765e+01, 3.11848724e+02, 1.14999685e+01, 3.03028503e+02,
    1.24101410e+01, 2.94349396e+02, 1.34924898e+01, 2.85524628e+02,
    1.45375147e+01, 2.76939972e+02, 1.56848869e+01, 2.68011810e+02,
    1.90080776e+01, 3.12859406e+02, 1.98752327e+01, 3.04245819e+02,
    2.09383602e+01, 2.95349945e+02, 2.18545685e+01, 2.86731628e+02,
    2.29556828e+01, 2.77820923e+02, 2.40373631e+01, 2.69164185e+02,
    2.72321205e+01, 3.14153839e+02, 2.82627735e+01, 3.05228912e+02,
    2.92380180e+01, 2.96466614e+02, 3.02761841e+01, 2.87701080e+02,
    3.13729916e+01, 2.78961670e+02, 3.23958511e+01, 2.70100525e+02,
    3.57238312e+01, 3.15182037e+02, 3.66186562e+01, 3.06424347e+02,
    3.76807327e+01, 2.97489349e+02, 3.87118530e+01, 2.88792908e+02,
    3.98768120e+01, 2.79867859e+02, 4.09907951e+01, 2.71203278e+02,
    4.41322212e+01, 3.16284698e+02, 4.51577682e+01, 3.07398651e+02,
    4.61720047e+01, 2.98600616e+02, 4.72845993e+01, 2.89741943e+02,
    4.83961868e+01, 2.80890747e+02, 4.95614395e+01, 2.72060791e+02,
    5.26960602e+01, 3.17292389e+02, 5.37308769e+01, 3.08489990e+02,
    5.48250351e+01, 2.99536255e+02, 5.59539490e+01, 2.90771698e+02,
    5.71666718e+01, 2.81776306e+02, 5.82586937e+01, 2.73076508e+02,
    6.14544601e+01, 3.18327881e+02, 6.24730072e+01, 3.09432587e+02,
    6.35782394e+01, 3.00535278e+02, 6.46986008e+01, 2.91676453e+02,
    6.58413849e+01, 2.82808899e+02, 6.70441971e+01, 2.73900299e+02,
    7.02129059e+01, 3.19232391e+02, 7.12651367e+01, 3.10373657e+02,
    7.24097443e+01, 3.01382996e+02, 7.35385132e+01, 2.92663696e+02,
    7.46949234e+01, 2.83678284e+02, 7.57908478e+01, 2.74913025e+02 ]
