%YAML:1.0
---
points: [ 1.52348523e+03, 6.00480713e+02, 1.52484436e+03, 6.34726501e+02,
    1.52619287e+03, 6.69151855e+02, 1.52745508e+03, 7.03024963e+02,
    1.52877625e+03, 7.36892578e+02, 1.53026904e+03, 7.70588867e+02,
    1.48791833e+03, 6.03065674e+02, 1.48937000e+03, 6.37572693e+02,
    1.49074304e+03, 6.71557617e+02, 1.49219653e+03, 7.05539062e+02,
    1.49369360e+03, 7.39379089e+02, 1.49524219e+03, 7.72828857e+02,
    1.45230261e+03, 6.05818726e+02, 1.45362952e+03, 6.40077820e+02,
    1.45522717e+03, 6.74314331e+02, 1.45709473e+03, 7.08077454e+02,
    1.45866113e+03, 7.41777954e+02, 1.46025891e+03, 7.75521362e+02,
    1.41653784e+03, 6.08382202e+02, 1.41804529e+03, 6.42788818e+02,
    1.41982300e+03, 6.76580017e+02, 1.42164343e+03, 7.10410217e+02,
    1.42331787e+03, 7.44085327e+02, 1.42520935e+03, 7.77559387e+02,
    1.38082996e+03, 6.11192078e+02, 1.38264783e+03, 6.45175293e+02,
    1.38457605e+03, 6.79082214e+02, 1.38637122e+03, 7.12810120e+02,
    1.38823254e+03, 7.46286682e+02, 1.39011804e+03, 7.79790771e+02,
    1.34568005e+03, 6.13602966e+02, 1.34759460e+03, 6.47678406e+02,
    1.34949158e+03, 6.81482117e+02, 1.35145801e+03, 7.15034912e+02,
    1.35344006e+03, 7.48675049e+02, 1.35514600e+03, 7.82001709e+02,
    1.31102393e+03, 6.16413025e+02, 1.31273132e+03, 6.50202637e+02,
    1.31476709e+03, 6.83914062e+02, 1.31666602e+03, 7.17540833e+02,
    1.31855823e+03, 7.50872131e+02, 1.32078296e+03, 7.84454224e+02,
    1.27605957e+03, 6.18945435e+02, 1.27824976e+03, 6.52967590e+02,
    1.28035632e+03, 6.86694824e+02, 1.28240808e+03, 7.20340271e+02,
    1.28458704e+03, 7.53885864e+02, 1.28650037e+03, 7.87239075e+02 ]
