%YAML:1.0
---
points: [ 1.52348242e+03, 6.00508362e+02, 1.52483057e+03, 6.34705444e+02,
    1.52605151e+03, 6.69090027e+02, 1.52745764e+03, 7.02990479e+02,
    1.52873242e+03, 7.36927979e+02, 1.53025232e+03, 7.70558655e+02,
    1.48780872e+03, 6.02959351e+02, 1.48930859e+03, 6.37473389e+02,
    1.49072083e+03, 6.71571228e+02, 1.49210315e+03, 7.05519836e+02,
    1.49365100e+03, 7.39287231e+02, 1.49523999e+03, 7.72778381e+02,
    1.45229260e+03, 6.05902710e+02, 1.45363074e+03, 6.39980957e+02,
    1.45514465e+03, 6.74302979e+02, 1.45694495e+03, 7.08083191e+02,
    1.45860730e+03, 7.41750427e+02, 1.46018164e+03, 7.75471558e+02,
    1.41650891e+03, 6.08373901e+02, 1.41803162e+03, 6.42663513e+02,
    1.41981860e+03, 6.76571045e+02, 1.42161682e+03, 7.10315186e+02,
    1.42335645e+03, 7.44101990e+02, 1.42506104e+03, 7.77559631e+02,
    1.38078564e+03, 6.11186707e+02, 1.38261414e+03, 6.45075745e+02,
    1.38454858e+03, 6.79173462e+02, 1.38632825e+03, 7.12786316e+02,
    1.38827979e+03, 7.46246521e+02, 1.39015356e+03, 7.79856567e+02,
    1.34565869e+03, 6.13622009e+02, 1.34764490e+03, 6.47656677e+02,
    1.34949451e+03, 6.81512329e+02, 1.35139417e+03, 7.15037415e+02,
    1.35341931e+03, 7.48633972e+02, 1.35517493e+03, 7.82112000e+02,
    1.31095300e+03, 6.16410400e+02, 1.31272278e+03, 6.50248840e+02,
    1.31471130e+03, 6.83900818e+02, 1.31663037e+03, 7.17562927e+02,
    1.31854382e+03, 7.50822693e+02, 1.32077087e+03, 7.84475586e+02,
    1.27603210e+03, 6.18911804e+02, 1.27826025e+03, 6.52945740e+02,
    1.28026758e+03, 6.86720825e+02, 1.28240149e+03, 7.20277222e+02,
    1.28462231e+03, 7.53789124e+02, 1.28643311e+03, 7.87233032e+02 ]
