%YAML:1.0
---
points: [ 4.75388855e+02, 2.23662079e+02, 4.75747345e+02, 2.35733459e+02,
    4.75977722e+02, 2.47333420e+02, 4.76470428e+02, 2.59166718e+02,
    4.76691132e+02, 2.70613159e+02, 4.76858032e+02, 2.82247681e+02,
    4.63659485e+02, 2.24872375e+02, 4.63984863e+02, 2.36743195e+02,
    4.64522247e+02, 2.48596893e+02, 4.64815460e+02, 2.60169739e+02,
    4.65224670e+02, 2.71845612e+02, 4.65622101e+02, 2.83298523e+02,
    4.51627838e+02, 2.25852371e+02, 4.52077698e+02, 2.37929489e+02,
    4.52591553e+02, 2.49595551e+02, 4.53045380e+02, 2.61427887e+02,
    4.53570618e+02, 2.72859192e+02, 4.53891510e+02, 2.84642151e+02,
    4.39521179e+02, 2.27091919e+02, 4.40097504e+02, 2.38868179e+02,
    4.40655273e+02, 2.50811462e+02, 4.41185455e+02, 2.62344513e+02,
    4.41675659e+02, 2.74083923e+02, 4.42138947e+02, 2.85538483e+02,
    4.27431671e+02, 2.28060532e+02, 4.28008179e+02, 2.39966385e+02,
    4.28626678e+02, 2.51724503e+02, 4.29294861e+02, 2.63429138e+02,
    4.29824554e+02, 2.75053711e+02, 4.30376892e+02, 2.86582123e+02,
    4.15297150e+02, 2.29210754e+02, 4.15894714e+02, 2.40978912e+02,
    4.16598022e+02, 2.52737289e+02, 4.17183746e+02, 2.64370239e+02,
    4.17791687e+02, 2.76067078e+02, 4.18418152e+02, 2.87614136e+02,
    4.03179871e+02, 2.30145035e+02, 4.03852081e+02, 2.42073486e+02,
    4.04552521e+02, 2.53787674e+02, 4.05247955e+02, 2.65420929e+02,
    4.05911774e+02, 2.77074036e+02, 4.06612732e+02, 2.88620392e+02,
    3.91101074e+02, 2.31285767e+02, 3.91792114e+02, 2.43101089e+02,
    3.92511169e+02, 2.54929092e+02, 3.93284515e+02, 2.66458435e+02,
    3.94184631e+02, 2.78204590e+02, 3.94789764e+02, 2.89655029e+02 ]
