%YAML:1.0
---
points: [ 9.93348408e+00, 2.75913208e+02, 1.09879732e+01, 2.66969360e+02,
    1.19444389e+01, 2.58406555e+02, 1.30259218e+01, 2.49553604e+02,
    1.40691147e+01, 2.40936951e+02, 1.51521273e+01, 2.32120148e+02,
    1.85599384e+01, 2.76704651e+02, 1.94038277e+01, 2.68037598e+02,
    2.04392738e+01, 2.59202850e+02, 2.14919624e+01, 2.50555908e+02,
    2.26339569e+01, 2.41690933e+02, 2.36561108e+01, 2.33155106e+02,
    2.67956429e+01, 2.77709991e+02, 2.79144688e+01, 2.68862793e+02,
    2.89113369e+01, 2.60190918e+02, 2.99591675e+01, 2.51410339e+02,
    3.10345936e+01, 2.42698349e+02, 3.20700951e+01, 2.33891800e+02,
    3.54063644e+01, 2.78612732e+02, 3.63786011e+01, 2.69859192e+02,
    3.74091835e+01, 2.60971008e+02, 3.84734230e+01, 2.52298111e+02,
    3.95981407e+01, 2.43460449e+02, 4.07279854e+01, 2.34884064e+02,
    4.39672050e+01, 2.79546387e+02, 4.50228233e+01, 2.70692322e+02,
    4.60217514e+01, 2.61927521e+02, 4.71763229e+01, 2.53110580e+02,
    4.81886444e+01, 2.44385574e+02, 4.92922859e+01, 2.35666855e+02,
    5.26663704e+01, 2.80376404e+02, 5.36902809e+01, 2.71639191e+02,
    5.47979469e+01, 2.62704803e+02, 5.58506012e+01, 2.53975037e+02,
    5.69888840e+01, 2.45160782e+02, 5.80799217e+01, 2.36522461e+02,
    6.14734993e+01, 2.81256744e+02, 6.25166740e+01, 2.72411835e+02,
    6.35936317e+01, 2.63571838e+02, 6.46753998e+01, 2.54795776e+02,
    6.57468719e+01, 2.46025925e+02, 6.68332138e+01, 2.37263321e+02,
    7.03297729e+01, 2.81949646e+02, 7.13356323e+01, 2.73294250e+02,
    7.24717941e+01, 2.64328064e+02, 7.35264359e+01, 2.55661270e+02,
    7.46467972e+01, 2.46798447e+02, 7.56858139e+01, 2.38174988e+02 ]
