%YAML:1.0
---
points: [ 2.76248138e+02, 1.58657562e+02, 3.02543304e+02, 1.58454330e+02,
    3.29414520e+02, 1.58383560e+02, 3.56028931e+02, 1.58309723e+02,
    3.82597473e+02, 1.58390930e+02, 4.09349976e+02, 1.58419891e+02,
    2.79661041e+02, 1.85715744e+02, 3.06431305e+02, 1.85697968e+02,
    3.32855591e+02, 1.85501633e+02, 3.59351379e+02, 1.85471497e+02,
    3.85752319e+02, 1.85348557e+02, 4.12260834e+02, 1.85274063e+02,
    2.82796173e+02, 2.12509705e+02, 3.09263184e+02, 2.12195633e+02,
    3.35722229e+02, 2.12117538e+02, 3.62043701e+02, 2.11867126e+02,
    3.88468201e+02, 2.11814240e+02, 4.14649384e+02, 2.11764053e+02,
    2.85649780e+02, 2.38752869e+02, 3.12186310e+02, 2.38572250e+02,
    3.38504974e+02, 2.38471436e+02, 3.64865204e+02, 2.38363770e+02,
    3.91155945e+02, 2.38116989e+02, 4.17418640e+02, 2.37980301e+02,
    2.88563721e+02, 2.64964569e+02, 3.14931366e+02, 2.64846405e+02,
    3.41404022e+02, 2.64654297e+02, 3.67484192e+02, 2.64428528e+02,
    3.93635315e+02, 2.64275360e+02, 4.19711365e+02, 2.63986481e+02,
    2.91519745e+02, 2.90984314e+02, 3.17770264e+02, 2.90788177e+02,
    3.44114410e+02, 2.90640350e+02, 3.70284393e+02, 2.90454285e+02,
    3.96342926e+02, 2.90133301e+02, 4.22377747e+02, 2.89951813e+02,
    2.94600586e+02, 3.16987335e+02, 3.20801758e+02, 3.16778931e+02,
    3.46755188e+02, 3.16465668e+02, 3.72720764e+02, 3.16045013e+02,
    3.98716278e+02, 3.15902802e+02, 4.24607178e+02, 3.15772583e+02,
    2.97482544e+02, 3.42735840e+02, 3.23512970e+02, 3.42270996e+02,
    3.49564423e+02, 3.42032440e+02, 3.75512726e+02, 3.41761688e+02,
    4.01449219e+02, 3.41402527e+02, 4.27406219e+02, 3.41174866e+02 ]
