%YAML:1.0
---
points: [ 1.49070825e+03, 4.59763733e+02, 1.49145850e+03, 4.94380768e+02,
    1.49230444e+03, 5.28646057e+02, 1.49321790e+03, 5.62577698e+02,
    1.49436707e+03, 5.96567078e+02, 1.49522473e+03, 6.30216187e+02,
    1.45556250e+03, 4.62398926e+02, 1.45653821e+03, 4.97080048e+02,
    1.45764893e+03, 5.31258484e+02, 1.45855688e+03, 5.65364624e+02,
    1.45957629e+03, 5.98950989e+02, 1.46068933e+03, 6.32787842e+02,
    1.42058826e+03, 4.65239166e+02, 1.42155884e+03, 4.99546722e+02,
    1.42260522e+03, 5.33860657e+02, 1.42381726e+03, 5.67703552e+02,
    1.42519080e+03, 6.01668335e+02, 1.42637122e+03, 6.35235413e+02,
    1.38538184e+03, 4.67714050e+02, 1.38652051e+03, 5.02369720e+02,
    1.38768152e+03, 5.36484375e+02, 1.38919763e+03, 5.70421570e+02,
    1.39044885e+03, 6.04030029e+02, 1.39166077e+03, 6.37704407e+02,
    1.35037500e+03, 4.70591003e+02, 1.35173328e+03, 5.04822540e+02,
    1.35317249e+03, 5.39063110e+02, 1.35440698e+03, 5.72737549e+02,
    1.35569397e+03, 6.06544312e+02, 1.35722961e+03, 6.39966064e+02,
    1.31561133e+03, 4.73248505e+02, 1.31692896e+03, 5.07556458e+02,
    1.31834753e+03, 5.41536133e+02, 1.31990576e+03, 5.75343689e+02,
    1.32140344e+03, 6.08868896e+02, 1.32287073e+03, 6.42433899e+02,
    1.28109045e+03, 4.75902069e+02, 1.28255286e+03, 5.10187714e+02,
    1.28430701e+03, 5.44296143e+02, 1.28562305e+03, 5.77720032e+02,
    1.28723755e+03, 6.11580566e+02, 1.28888049e+03, 6.44836243e+02,
    1.24661121e+03, 4.78513855e+02, 1.24840137e+03, 5.12817078e+02,
    1.24989246e+03, 5.46729492e+02, 1.25175806e+03, 5.80581116e+02,
    1.25350110e+03, 6.14082458e+02, 1.25503711e+03, 6.47521240e+02 ]
