%YAML:1.0
---
points: [ 4.63924042e+02, 1.75158371e+02, 4.64285461e+02, 1.87230225e+02,
    4.64664764e+02, 1.98938660e+02, 4.64871887e+02, 2.10850067e+02,
    4.65278961e+02, 2.22577087e+02, 4.65653534e+02, 2.34317673e+02,
    4.52170776e+02, 1.76244858e+02, 4.52634674e+02, 1.88105270e+02,
    4.52964355e+02, 2.00133011e+02, 4.53351685e+02, 2.11764008e+02,
    4.53687866e+02, 2.23753220e+02, 4.53965912e+02, 2.35220993e+02,
    4.40423737e+02, 1.77141556e+02, 4.40729218e+02, 1.89294754e+02,
    4.41208527e+02, 2.00939331e+02, 4.41633667e+02, 2.12951172e+02,
    4.42044128e+02, 2.24587570e+02, 4.42561310e+02, 2.36427139e+02,
    4.28377411e+02, 1.78248413e+02, 4.28841980e+02, 1.90226929e+02,
    4.29378235e+02, 2.02056976e+02, 4.29812347e+02, 2.13903229e+02,
    4.30325470e+02, 2.25658691e+02, 4.30720215e+02, 2.37308487e+02,
    4.16333466e+02, 1.79215164e+02, 4.16887878e+02, 1.91237381e+02,
    4.17439209e+02, 2.03118774e+02, 4.17857574e+02, 2.14945068e+02,
    4.18368774e+02, 2.26611221e+02, 4.18905090e+02, 2.38287552e+02,
    4.04305328e+02, 1.80292664e+02, 4.04804779e+02, 1.92243134e+02,
    4.05363739e+02, 2.04147003e+02, 4.05947723e+02, 2.15852478e+02,
    4.06456665e+02, 2.27625824e+02, 4.06986725e+02, 2.39248276e+02,
    3.92322235e+02, 1.81299179e+02, 3.92832275e+02, 1.93295761e+02,
    3.93360931e+02, 2.05148712e+02, 3.94022705e+02, 2.16901733e+02,
    3.94570587e+02, 2.28635696e+02, 3.95215881e+02, 2.40256805e+02,
    3.80274139e+02, 1.82407211e+02, 3.80952057e+02, 1.94289307e+02,
    3.81580994e+02, 2.06183792e+02, 3.82211182e+02, 2.17878891e+02,
    3.82863373e+02, 2.29744629e+02, 3.83504150e+02, 2.41290268e+02 ]
