%YAML:1.0
---
points: [ 7.47976608e+01, 2.02351303e+02, 7.50279083e+01, 1.94858093e+02,
    7.54194031e+01, 1.87769867e+02, 7.56750870e+01, 1.80514694e+02,
    7.58156586e+01, 1.73193893e+02, 7.60917282e+01, 1.65787766e+02,
    8.22915115e+01, 2.02699844e+02, 8.25967178e+01, 1.95348480e+02,
    8.27704926e+01, 1.88023697e+02, 8.29470139e+01, 1.80787430e+02,
    8.33276596e+01, 1.73593826e+02, 8.36140823e+01, 1.66240601e+02,
    8.96764755e+01, 2.02836365e+02, 8.98376465e+01, 1.95699432e+02,
    9.01209259e+01, 1.88474319e+02, 9.03819122e+01, 1.81045380e+02,
    9.06755295e+01, 1.73809052e+02, 9.08284225e+01, 1.66651123e+02,
    9.69232407e+01, 2.03199844e+02, 9.72342300e+01, 1.95865509e+02,
    9.74741211e+01, 1.88727890e+02, 9.77334824e+01, 1.81557739e+02,
    9.78625565e+01, 1.74126877e+02, 9.81725998e+01, 1.66833313e+02,
    1.04379883e+02, 2.03647964e+02, 1.04571220e+02, 1.96318817e+02,
    1.04828438e+02, 1.88961365e+02, 1.05036118e+02, 1.81737274e+02,
    1.05324814e+02, 1.74630280e+02, 1.05598328e+02, 1.67208832e+02,
    1.11653839e+02, 2.03803436e+02, 1.11926056e+02, 1.96649109e+02,
    1.12188240e+02, 1.89390594e+02, 1.12489159e+02, 1.82117310e+02,
    1.12689392e+02, 1.74800049e+02, 1.12869110e+02, 1.67650543e+02,
    1.19134880e+02, 2.04170883e+02, 1.19371552e+02, 1.96845840e+02,
    1.19611603e+02, 1.89756210e+02, 1.19864822e+02, 1.82528259e+02,
    1.20091057e+02, 1.75235535e+02, 1.20303429e+02, 1.67825424e+02,
    1.26489044e+02, 2.04526245e+02, 1.26746353e+02, 1.97327133e+02,
    1.27030952e+02, 1.89920700e+02, 1.27237030e+02, 1.82799789e+02,
    1.27462570e+02, 1.75604263e+02, 1.27651955e+02, 1.68326431e+02 ]
