%YAML:1.0
---
points: [ 4.63929169e+02, 1.75224503e+02, 4.64334869e+02, 1.87258774e+02,
    4.64693756e+02, 1.99042007e+02, 4.64924774e+02, 2.10921661e+02,
    4.65287231e+02, 2.22617477e+02, 4.65651428e+02, 2.34369400e+02,
    4.52230896e+02, 1.76315750e+02, 4.52674561e+02, 1.88191742e+02,
    4.52993744e+02, 2.00220886e+02, 4.53351715e+02, 2.11791565e+02,
    4.53721069e+02, 2.23784302e+02, 4.54002441e+02, 2.35313522e+02,
    4.40468323e+02, 1.77247589e+02, 4.40751892e+02, 1.89337372e+02,
    4.41250397e+02, 2.01050476e+02, 4.41657349e+02, 2.13028091e+02,
    4.42080292e+02, 2.24666336e+02, 4.42600983e+02, 2.36484482e+02,
    4.28417725e+02, 1.78320465e+02, 4.28843567e+02, 1.90249115e+02,
    4.29391235e+02, 2.02148529e+02, 4.29829559e+02, 2.13981995e+02,
    4.30312836e+02, 2.25720383e+02, 4.30676819e+02, 2.37356949e+02,
    4.16363312e+02, 1.79310669e+02, 4.16882751e+02, 1.91249313e+02,
    4.17446442e+02, 2.03176224e+02, 4.17868378e+02, 2.14983917e+02,
    4.18352356e+02, 2.26647812e+02, 4.18876953e+02, 2.38358612e+02,
    4.04300110e+02, 1.80358551e+02, 4.04822083e+02, 1.92267670e+02,
    4.05360474e+02, 2.04180206e+02, 4.05910126e+02, 2.15874100e+02,
    4.06479431e+02, 2.27676529e+02, 4.06999146e+02, 2.39275223e+02,
    3.92324127e+02, 1.81342133e+02, 3.92911316e+02, 1.93353256e+02,
    3.93374573e+02, 2.05202835e+02, 3.94025116e+02, 2.16980560e+02,
    3.94562927e+02, 2.28691101e+02, 3.95250183e+02, 2.40305664e+02,
    3.80343506e+02, 1.82468033e+02, 3.80992645e+02, 1.94336060e+02,
    3.81551086e+02, 2.06273575e+02, 3.82208344e+02, 2.17965424e+02,
    3.82866852e+02, 2.29767609e+02, 3.83506714e+02, 2.41333893e+02 ]
