%YAML:1.0
---
points: [ 1.49081323e+03, 4.59885376e+02, 1.49151331e+03, 4.94524231e+02,
    1.49238513e+03, 5.28805969e+02, 1.49323889e+03, 5.62696716e+02,
    1.49439624e+03, 5.96712524e+02, 1.49528625e+03, 6.30440186e+02,
    1.45560193e+03, 4.62517273e+02, 1.45653601e+03, 4.97246674e+02,
    1.45766125e+03, 5.31466309e+02, 1.45862024e+03, 5.65501770e+02,
    1.45958667e+03, 5.99199524e+02, 1.46068091e+03, 6.33012207e+02,
    1.42061304e+03, 4.65387939e+02, 1.42158875e+03, 4.99737457e+02,
    1.42263464e+03, 5.34030884e+02, 1.42394543e+03, 5.67845459e+02,
    1.42527686e+03, 6.01806213e+02, 1.42645654e+03, 6.35446716e+02,
    1.38540076e+03, 4.67942108e+02, 1.38654297e+03, 5.02491882e+02,
    1.38777966e+03, 5.36649536e+02, 1.38921143e+03, 5.70602173e+02,
    1.39053772e+03, 6.04221802e+02, 1.39178076e+03, 6.37918091e+02,
    1.35037708e+03, 4.70718964e+02, 1.35176917e+03, 5.05130280e+02,
    1.35324475e+03, 5.39269592e+02, 1.35443506e+03, 5.72866394e+02,
    1.35576831e+03, 6.06691711e+02, 1.35727759e+03, 6.40149292e+02,
    1.31566956e+03, 4.73427856e+02, 1.31693835e+03, 5.07720886e+02,
    1.31836902e+03, 5.41717529e+02, 1.31990088e+03, 5.75528259e+02,
    1.32149023e+03, 6.09058960e+02, 1.32299463e+03, 6.42627930e+02,
    1.28120251e+03, 4.76218536e+02, 1.28259131e+03, 5.10404968e+02,
    1.28438916e+03, 5.44394287e+02, 1.28566199e+03, 5.77874146e+02,
    1.28730176e+03, 6.11630005e+02, 1.28897375e+03, 6.45113586e+02,
    1.24665576e+03, 4.78653564e+02, 1.24842871e+03, 5.13002136e+02,
    1.25003357e+03, 5.46967773e+02, 1.25184680e+03, 5.80748596e+02,
    1.25357080e+03, 6.14306458e+02, 1.25518054e+03, 6.47738159e+02 ]
