%YAML:1.0
---
points: [ 4.37954254e+02, 1.47164795e+02, 4.65808685e+02, 1.47540573e+02,
    4.93873138e+02, 1.47978760e+02, 5.21634399e+02, 1.48496719e+02,
    5.49154663e+02, 1.48988571e+02, 5.76492981e+02, 1.49505493e+02,
    4.40753235e+02, 1.75252319e+02, 4.69058807e+02, 1.75583282e+02,
    4.96601166e+02, 1.75861298e+02, 5.23970520e+02, 1.76348312e+02,
    5.51416443e+02, 1.76556198e+02, 5.78700378e+02, 1.76877960e+02,
    4.43683868e+02, 2.02823898e+02, 4.71385590e+02, 2.03178024e+02,
    4.99093048e+02, 2.03320312e+02, 5.26441162e+02, 2.03514938e+02,
    5.53657715e+02, 2.03691223e+02, 5.80874146e+02, 2.03949875e+02,
    4.46165405e+02, 2.30125580e+02, 4.73984772e+02, 2.30272202e+02,
    5.01387390e+02, 2.30364258e+02, 5.28569824e+02, 2.30507233e+02,
    5.55707031e+02, 2.30673615e+02, 5.82704956e+02, 2.30871246e+02,
    4.48749115e+02, 2.57206635e+02, 4.76256042e+02, 2.57312317e+02,
    5.03548767e+02, 2.57314331e+02, 5.30730591e+02, 2.57392120e+02,
    5.57781860e+02, 2.57461578e+02, 5.84820923e+02, 2.57521698e+02,
    4.51130615e+02, 2.83989380e+02, 4.78634521e+02, 2.83995361e+02,
    5.05955658e+02, 2.83942719e+02, 5.33015137e+02, 2.83901794e+02,
    5.59886902e+02, 2.83972168e+02, 5.86683838e+02, 2.83937347e+02,
    4.53881470e+02, 3.10837891e+02, 4.81133881e+02, 3.10725800e+02,
    5.08283417e+02, 3.10553772e+02, 5.35230896e+02, 3.10559143e+02,
    5.62027100e+02, 3.10419159e+02, 5.88615540e+02, 3.10362518e+02,
    4.56423615e+02, 3.37126343e+02, 4.83574646e+02, 3.36980408e+02,
    5.10561462e+02, 3.36886810e+02, 5.37468628e+02, 3.36617798e+02,
    5.64274109e+02, 3.36429993e+02, 5.90668030e+02, 3.36278107e+02 ]
