%YAML:1.0
---
points: [ 4.71797668e+02, 1.15570435e+02, 4.72323700e+02, 1.27926338e+02,
    4.72737061e+02, 1.40006653e+02, 4.73057465e+02, 1.52352020e+02,
    4.73470398e+02, 1.64326584e+02, 4.73755371e+02, 1.76556519e+02,
    4.60132538e+02, 1.16418427e+02, 4.60657349e+02, 1.28635956e+02,
    4.60925751e+02, 1.40871536e+02, 4.61485138e+02, 1.52966980e+02,
    4.61784027e+02, 1.65210587e+02, 4.62120819e+02, 1.77291809e+02,
    4.48337769e+02, 1.17091843e+02, 4.48726440e+02, 1.29548386e+02,
    4.49110077e+02, 1.41668091e+02, 4.49637756e+02, 1.53926559e+02,
    4.49937561e+02, 1.65956070e+02, 4.50351776e+02, 1.78240906e+02,
    4.36139923e+02, 1.17992683e+02, 4.36602051e+02, 1.30318192e+02,
    4.37087799e+02, 1.42691193e+02, 4.37450989e+02, 1.54758362e+02,
    4.37822479e+02, 1.67049408e+02, 4.38313904e+02, 1.78991516e+02,
    4.23995575e+02, 1.18765572e+02, 4.24519318e+02, 1.31312927e+02,
    4.24906128e+02, 1.43574814e+02, 4.25393188e+02, 1.55751022e+02,
    4.25758301e+02, 1.67848495e+02, 4.26218231e+02, 1.80024384e+02,
    4.11870056e+02, 1.19853104e+02, 4.12331116e+02, 1.32274200e+02,
    4.12739319e+02, 1.44580124e+02, 4.13204712e+02, 1.56679443e+02,
    4.13656372e+02, 1.68894226e+02, 4.14084930e+02, 1.80905548e+02,
    3.99686768e+02, 1.20799713e+02, 4.00185272e+02, 1.33242599e+02,
    4.00551971e+02, 1.45538391e+02, 4.01118744e+02, 1.57642441e+02,
    4.01439392e+02, 1.69765549e+02, 4.02049011e+02, 1.81907562e+02,
    3.87467804e+02, 1.21834755e+02, 3.87981873e+02, 1.34171005e+02,
    3.88504700e+02, 1.46508316e+02, 3.89051971e+02, 1.58593063e+02,
    3.89505432e+02, 1.70755325e+02, 3.90050781e+02, 1.82803421e+02 ]
