%YAML:1.0
---
points: [ 1.51818103e+03, 2.86266510e+02, 1.51845801e+03, 3.22311584e+02,
    1.51881006e+03, 3.57809021e+02, 1.51942798e+03, 3.93157166e+02,
    1.51998206e+03, 4.28408966e+02, 1.52046484e+03, 4.63377838e+02,
    1.48213892e+03, 2.88769684e+02, 1.48265430e+03, 3.24725464e+02,
    1.48323267e+03, 3.60454834e+02, 1.48381812e+03, 3.95768768e+02,
    1.48446545e+03, 4.30734283e+02, 1.48506116e+03, 4.65798920e+02,
    1.44614844e+03, 2.91608521e+02, 1.44676978e+03, 3.27621185e+02,
    1.44754358e+03, 3.62980377e+02, 1.44824182e+03, 3.98254547e+02,
    1.44912219e+03, 4.33392395e+02, 1.44967456e+03, 4.68227814e+02,
    1.41017297e+03, 2.94329834e+02, 1.41082935e+03, 3.30237244e+02,
    1.41168115e+03, 3.65757935e+02, 1.41244690e+03, 4.00891266e+02,
    1.41327417e+03, 4.35763885e+02, 1.41420618e+03, 4.70624451e+02,
    1.37426538e+03, 2.97297394e+02, 1.37514880e+03, 3.33016479e+02,
    1.37591638e+03, 3.68378052e+02, 1.37694214e+03, 4.03378052e+02,
    1.37791687e+03, 4.38365265e+02, 1.37888416e+03, 4.72939850e+02,
    1.33848962e+03, 2.99824493e+02, 1.33943958e+03, 3.35507080e+02,
    1.34038257e+03, 3.71005157e+02, 1.34158655e+03, 4.06126678e+02,
    1.34253796e+03, 4.40701691e+02, 1.34354834e+03, 4.75481415e+02,
    1.30314709e+03, 3.02588776e+02, 1.30422705e+03, 3.38272217e+02,
    1.30538501e+03, 3.73503113e+02, 1.30652014e+03, 4.08406006e+02,
    1.30762061e+03, 4.43392700e+02, 1.30868958e+03, 4.77784546e+02,
    1.26793298e+03, 3.05243073e+02, 1.26918335e+03, 3.40653687e+02,
    1.27036194e+03, 3.76116455e+02, 1.27164160e+03, 4.10885223e+02,
    1.27318213e+03, 4.45613556e+02, 1.27437903e+03, 4.80338593e+02 ]
