%YAML:1.0
---
points: [ 1.51818848e+03, 2.86423553e+02, 1.51848120e+03, 3.22491058e+02,
    1.51891333e+03, 3.58127167e+02, 1.51943921e+03, 3.93348022e+02,
    1.51996814e+03, 4.28592621e+02, 1.52049695e+03, 4.63586273e+02,
    1.48217932e+03, 2.88978210e+02, 1.48269739e+03, 3.25062744e+02,
    1.48326416e+03, 3.60670410e+02, 1.48389355e+03, 3.96083435e+02,
    1.48452295e+03, 4.30946838e+02, 1.48509692e+03, 4.66002869e+02,
    1.44613318e+03, 2.91780182e+02, 1.44679211e+03, 3.27810547e+02,
    1.44758325e+03, 3.63299683e+02, 1.44824194e+03, 3.98468689e+02,
    1.44915918e+03, 4.33531128e+02, 1.44970251e+03, 4.68437653e+02,
    1.41017590e+03, 2.94550415e+02, 1.41084058e+03, 3.30420135e+02,
    1.41170032e+03, 3.65961182e+02, 1.41248596e+03, 4.01215637e+02,
    1.41329346e+03, 4.35920502e+02, 1.41421057e+03, 4.70831573e+02,
    1.37428711e+03, 2.97437744e+02, 1.37517126e+03, 3.33203369e+02,
    1.37592395e+03, 3.68540527e+02, 1.37696729e+03, 4.03586761e+02,
    1.37792297e+03, 4.38511536e+02, 1.37886560e+03, 4.73146637e+02,
    1.33850256e+03, 3.00129456e+02, 1.33946191e+03, 3.35672394e+02,
    1.34042798e+03, 3.71167755e+02, 1.34158508e+03, 4.06326202e+02,
    1.34258545e+03, 4.40853027e+02, 1.34358521e+03, 4.75607697e+02,
    1.30316309e+03, 3.02777161e+02, 1.30427869e+03, 3.38481812e+02,
    1.30539087e+03, 3.73630463e+02, 1.30654810e+03, 4.08575134e+02,
    1.30766443e+03, 4.43529449e+02, 1.30874023e+03, 4.77930878e+02,
    1.26790149e+03, 3.05470795e+02, 1.26920837e+03, 3.40861389e+02,
    1.27042957e+03, 3.76271820e+02, 1.27166553e+03, 4.11266388e+02,
    1.27315027e+03, 4.45799652e+02, 1.27440552e+03, 4.80446198e+02 ]
