%YAML:1.0
---
points: [ 1.52748840e+02, 2.76329468e+02, 1.53282181e+02, 2.68972626e+02,
    1.53667557e+02, 2.61566803e+02, 1.54211838e+02, 2.54217957e+02,
    1.54617859e+02, 2.46837234e+02, 1.55084564e+02, 2.39438400e+02,
    1.60313583e+02, 2.76556549e+02, 1.60825027e+02, 2.69240479e+02,
    1.61265015e+02, 2.61863831e+02, 1.61670425e+02, 2.54480759e+02,
    1.62197678e+02, 2.47173782e+02, 1.62561508e+02, 2.39859375e+02,
    1.67824936e+02, 2.76890503e+02, 1.68295029e+02, 2.69443024e+02,
    1.68772690e+02, 2.62209900e+02, 1.69236588e+02, 2.54827209e+02,
    1.69691879e+02, 2.47522110e+02, 1.70105225e+02, 2.40174438e+02,
    1.75325150e+02, 2.77152405e+02, 1.75708298e+02, 2.69799561e+02,
    1.76162384e+02, 2.62428406e+02, 1.76554611e+02, 2.55177139e+02,
    1.77087173e+02, 2.47856888e+02, 1.77445938e+02, 2.40491119e+02,
    1.82690308e+02, 2.77362915e+02, 1.83221603e+02, 2.70152588e+02,
    1.83548141e+02, 2.62843842e+02, 1.84106964e+02, 2.55391693e+02,
    1.84460236e+02, 2.48231262e+02, 1.85019211e+02, 2.40887543e+02,
    1.90098663e+02, 2.77725739e+02, 1.90475769e+02, 2.70413971e+02,
    1.91082886e+02, 2.63178131e+02, 1.91374939e+02, 2.55807755e+02,
    1.91945847e+02, 2.48483841e+02, 1.92265244e+02, 2.41203949e+02,
    1.97437897e+02, 2.78042145e+02, 1.97954041e+02, 2.70771637e+02,
    1.98392914e+02, 2.63335907e+02, 1.98866577e+02, 2.56212189e+02,
    1.99266495e+02, 2.48869843e+02, 1.99697586e+02, 2.41502029e+02,
    2.04832870e+02, 2.78245605e+02, 2.05244125e+02, 2.71011627e+02,
    2.05716660e+02, 2.63667694e+02, 2.06176834e+02, 2.56405701e+02,
    2.06602448e+02, 2.49176208e+02, 2.07032455e+02, 2.41958847e+02 ]
