%YAML:1.0
---
points: [ 4.71817841e+02, 1.15598221e+02, 4.72324127e+02, 1.27989380e+02,
    4.72738434e+02, 1.40057343e+02, 4.73105469e+02, 1.52459061e+02,
    4.73480438e+02, 1.64375259e+02, 4.73748962e+02, 1.76631195e+02,
    4.60154907e+02, 1.16513718e+02, 4.60669830e+02, 1.28654037e+02,
    4.60924042e+02, 1.40954208e+02, 4.61494446e+02, 1.53050339e+02,
    4.61778351e+02, 1.65329376e+02, 4.62135010e+02, 1.77393433e+02,
    4.48341736e+02, 1.17177414e+02, 4.48720673e+02, 1.29645172e+02,
    4.49140625e+02, 1.41710342e+02, 4.49649078e+02, 1.53994156e+02,
    4.49951691e+02, 1.66072403e+02, 4.50361664e+02, 1.78348160e+02,
    4.36138458e+02, 1.18095039e+02, 4.36625519e+02, 1.30431320e+02,
    4.37068390e+02, 1.42761597e+02, 4.37511414e+02, 1.54801102e+02,
    4.37874329e+02, 1.67086029e+02, 4.38278656e+02, 1.79050034e+02,
    4.24002716e+02, 1.18830696e+02, 4.24512421e+02, 1.31405060e+02,
    4.24952179e+02, 1.43604828e+02, 4.25367432e+02, 1.55806595e+02,
    4.25762146e+02, 1.67892044e+02, 4.26269806e+02, 1.80091110e+02,
    4.11887939e+02, 1.19927628e+02, 4.12343536e+02, 1.32367599e+02,
    4.12751465e+02, 1.44626785e+02, 4.13248169e+02, 1.56742706e+02,
    4.13637268e+02, 1.68943527e+02, 4.14068695e+02, 1.80954468e+02,
    3.99689545e+02, 1.20881454e+02, 4.00195404e+02, 1.33324982e+02,
    4.00612000e+02, 1.45595108e+02, 4.01135712e+02, 1.57723404e+02,
    4.01464417e+02, 1.69816132e+02, 4.02057220e+02, 1.81947296e+02,
    3.87469727e+02, 1.21910667e+02, 3.88011536e+02, 1.34245041e+02,
    3.88465424e+02, 1.46593903e+02, 3.89040802e+02, 1.58646393e+02,
    3.89531250e+02, 1.70846954e+02, 3.90071899e+02, 1.82864594e+02 ]
