%YAML:1.0
---
points: [ 3.98473480e+02, 1.19561569e+02, 3.99215729e+02, 1.32726257e+02,
    3.99774292e+02, 1.45638229e+02, 4.00354095e+02, 1.58634064e+02,
    4.01024414e+02, 1.71528168e+02, 4.01636322e+02, 1.84353134e+02,
    3.85169312e+02, 1.20843895e+02, 3.85798706e+02, 1.33808578e+02,
    3.86440735e+02, 1.46855530e+02, 3.87061401e+02, 1.59672363e+02,
    3.87623230e+02, 1.72547165e+02, 3.88258911e+02, 1.85243698e+02,
    3.71880524e+02, 1.22090637e+02, 3.72483826e+02, 1.35057373e+02,
    3.73195007e+02, 1.47923721e+02, 3.73805176e+02, 1.60754318e+02,
    3.74481506e+02, 1.73444885e+02, 3.75147644e+02, 1.86190155e+02,
    3.58569092e+02, 1.23421364e+02, 3.59278625e+02, 1.36271957e+02,
    3.60055328e+02, 1.49146652e+02, 3.60652985e+02, 1.61788849e+02,
    3.61330627e+02, 1.74505096e+02, 3.62025146e+02, 1.87124023e+02,
    3.45562042e+02, 1.24642014e+02, 3.46265747e+02, 1.37540604e+02,
    3.46986542e+02, 1.50201340e+02, 3.47634216e+02, 1.62915955e+02,
    3.48332520e+02, 1.75464905e+02, 3.49117065e+02, 1.88028336e+02,
    3.32655853e+02, 1.25964554e+02, 3.33461090e+02, 1.38719162e+02,
    3.34171082e+02, 1.51401932e+02, 3.34895142e+02, 1.63874847e+02,
    3.35586426e+02, 1.76436218e+02, 3.36232513e+02, 1.88952393e+02,
    3.19967346e+02, 1.27165749e+02, 3.20620300e+02, 1.39837936e+02,
    3.21504547e+02, 1.52465271e+02, 3.22150146e+02, 1.64958939e+02,
    3.22863647e+02, 1.77473984e+02, 3.23718933e+02, 1.89900146e+02,
    3.07302032e+02, 1.28324326e+02, 3.08114716e+02, 1.41038895e+02,
    3.08837494e+02, 1.53594589e+02, 3.09488037e+02, 1.65963943e+02,
    3.10326569e+02, 1.78553543e+02, 3.11164703e+02, 1.90659836e+02 ]
