%YAML:1.0
---
points: [ 1.29574023e+03, 2.98907990e+02, 1.29714050e+03, 3.36627655e+02,
    1.29867468e+03, 3.74167938e+02, 1.30024463e+03, 4.11208527e+02,
    1.30171106e+03, 4.48256775e+02, 1.30325562e+03, 4.84912811e+02,
    1.25749609e+03, 3.02470856e+02, 1.25904419e+03, 3.39766449e+02,
    1.26052527e+03, 3.76955017e+02, 1.26220996e+03, 4.13755035e+02,
    1.26375342e+03, 4.50551941e+02, 1.26539954e+03, 4.87180298e+02,
    1.21932617e+03, 3.05802582e+02, 1.22116248e+03, 3.42982208e+02,
    1.22277466e+03, 3.79959137e+02, 1.22446887e+03, 4.16577515e+02,
    1.22632520e+03, 4.53199921e+02, 1.22800916e+03, 4.89456055e+02,
    1.18188733e+03, 3.09016724e+02, 1.18383911e+03, 3.46007812e+02,
    1.18559607e+03, 3.82703674e+02, 1.18728601e+03, 4.19226593e+02,
    1.18927100e+03, 4.55425446e+02, 1.19093701e+03, 4.91688049e+02,
    1.14493115e+03, 3.12388306e+02, 1.14682458e+03, 3.49188324e+02,
    1.14872498e+03, 3.85588867e+02, 1.15047314e+03, 4.21815643e+02,
    1.15253357e+03, 4.57894104e+02, 1.15438831e+03, 4.93796600e+02,
    1.10838379e+03, 3.15508484e+02, 1.11044080e+03, 3.52051086e+02,
    1.11236768e+03, 3.88303223e+02, 1.11428552e+03, 4.24426788e+02,
    1.11644031e+03, 4.60252686e+02, 1.11820483e+03, 4.96191895e+02,
    1.07231641e+03, 3.18538757e+02, 1.07446423e+03, 3.55010040e+02,
    1.07632617e+03, 3.91206573e+02, 1.07848047e+03, 4.26896851e+02,
    1.08049194e+03, 4.62530304e+02, 1.08247693e+03, 4.98233032e+02,
    1.03652002e+03, 3.21582550e+02, 1.03857080e+03, 3.57619995e+02,
    1.04053687e+03, 3.93599945e+02, 1.04285254e+03, 4.29345123e+02,
    1.04477417e+03, 4.64974854e+02, 1.04696436e+03, 5.00453949e+02 ]
