%YAML:1.0
---
points: [ 3.98523956e+02, 1.19543434e+02, 3.99216980e+02, 1.32710297e+02,
    3.99783173e+02, 1.45648819e+02, 4.00381592e+02, 1.58628433e+02,
    4.01019562e+02, 1.71499847e+02, 4.01601807e+02, 1.84367172e+02,
    3.85190491e+02, 1.20821335e+02, 3.85762665e+02, 1.33786835e+02,
    3.86432770e+02, 1.46851074e+02, 3.87076324e+02, 1.59653351e+02,
    3.87648254e+02, 1.72503021e+02, 3.88272034e+02, 1.85232651e+02,
    3.71909912e+02, 1.22073860e+02, 3.72483276e+02, 1.35079147e+02,
    3.73230286e+02, 1.47953491e+02, 3.73804352e+02, 1.60716125e+02,
    3.74447418e+02, 1.73467041e+02, 3.75143158e+02, 1.86197540e+02,
    3.58543793e+02, 1.23396713e+02, 3.59279968e+02, 1.36283524e+02,
    3.60074097e+02, 1.49128586e+02, 3.60663391e+02, 1.61822006e+02,
    3.61328918e+02, 1.74492371e+02, 3.62034119e+02, 1.87112595e+02,
    3.45531952e+02, 1.24636688e+02, 3.46244446e+02, 1.37533539e+02,
    3.47022583e+02, 1.50217926e+02, 3.47660309e+02, 1.62911774e+02,
    3.48294067e+02, 1.75456421e+02, 3.49080017e+02, 1.88061981e+02,
    3.32655334e+02, 1.25980270e+02, 3.33466888e+02, 1.38713272e+02,
    3.34172791e+02, 1.51413879e+02, 3.34886230e+02, 1.63887009e+02,
    3.35564575e+02, 1.76458389e+02, 3.36246002e+02, 1.88895493e+02,
    3.19933533e+02, 1.27135857e+02, 3.20640991e+02, 1.39808228e+02,
    3.21506104e+02, 1.52477676e+02, 3.22136322e+02, 1.64869659e+02,
    3.22862305e+02, 1.77500443e+02, 3.23743256e+02, 1.89847076e+02,
    3.07312256e+02, 1.28327850e+02, 3.08123291e+02, 1.41057404e+02,
    3.08862976e+02, 1.53583679e+02, 3.09524231e+02, 1.65920776e+02,
    3.10254089e+02, 1.78553726e+02, 3.11204468e+02, 1.90697067e+02 ]
