%YAML:1.0
---
points: [ 5.35738342e+02, 1.43199265e+02, 5.62257446e+02, 1.43292679e+02,
    5.88904053e+02, 1.43421371e+02, 6.15195007e+02, 1.43563187e+02,
    6.41613281e+02, 1.43796997e+02, 6.68055420e+02, 1.43887878e+02,
    5.38244202e+02, 1.70506317e+02, 5.64713623e+02, 1.70598755e+02,
    5.91134949e+02, 1.70646408e+02, 6.17356995e+02, 1.70780975e+02,
    6.43534058e+02, 1.70882278e+02, 6.69699646e+02, 1.70944260e+02,
    5.40477844e+02, 1.97610596e+02, 5.66696777e+02, 1.97577698e+02,
    5.93011353e+02, 1.97649033e+02, 6.19208008e+02, 1.97625549e+02,
    6.45234314e+02, 1.97683517e+02, 6.71360901e+02, 1.97705063e+02,
    5.42631470e+02, 2.24343918e+02, 5.68862793e+02, 2.24303055e+02,
    5.94995239e+02, 2.24336380e+02, 6.21192932e+02, 2.24363495e+02,
    6.47062500e+02, 2.24330292e+02, 6.72972534e+02, 2.24343140e+02,
    5.44674133e+02, 2.50666824e+02, 5.70802917e+02, 2.50645096e+02,
    5.96809753e+02, 2.50553680e+02, 6.22811096e+02, 2.50558655e+02,
    6.48659119e+02, 2.50578018e+02, 6.74546021e+02, 2.50558624e+02,
    5.46775635e+02, 2.77056122e+02, 5.72721619e+02, 2.76893036e+02,
    5.98626404e+02, 2.76851166e+02, 6.24493164e+02, 2.76843567e+02,
    6.50302124e+02, 2.76741364e+02, 6.75980774e+02, 2.76676392e+02,
    5.48917053e+02, 3.03145264e+02, 5.74792480e+02, 3.02964600e+02,
    6.00657043e+02, 3.02839355e+02, 6.26448669e+02, 3.02686737e+02,
    6.51926575e+02, 3.02641235e+02, 6.77474854e+02, 3.02569916e+02,
    5.50996704e+02, 3.28846161e+02, 5.76832397e+02, 3.28743866e+02,
    6.02574463e+02, 3.28688049e+02, 6.28154846e+02, 3.28548187e+02,
    6.53567627e+02, 3.28418121e+02, 6.79288391e+02, 3.28280762e+02 ]
