%YAML:1.0
---
points: [ 2.76008911e+02, 2.89606659e+02, 2.76630554e+02, 2.82274933e+02,
    2.77247955e+02, 2.74819122e+02, 2.77862854e+02, 2.67470367e+02,
    2.78441833e+02, 2.60146118e+02, 2.79139404e+02, 2.52917053e+02,
    2.83318604e+02, 2.90220062e+02, 2.83990448e+02, 2.82842163e+02,
    2.84530762e+02, 2.75369537e+02, 2.85183411e+02, 2.68134186e+02,
    2.85811005e+02, 2.60726532e+02, 2.86396515e+02, 2.53444366e+02,
    2.90646332e+02, 2.90855286e+02, 2.91263458e+02, 2.83388214e+02,
    2.91905396e+02, 2.76116119e+02, 2.92452911e+02, 2.68768494e+02,
    2.93172302e+02, 2.61478973e+02, 2.93788391e+02, 2.54051315e+02,
    2.98009827e+02, 2.91537628e+02, 2.98544373e+02, 2.84118927e+02,
    2.99214569e+02, 2.76770355e+02, 2.99832367e+02, 2.69422913e+02,
    3.00421997e+02, 2.62150238e+02, 3.01060089e+02, 2.54705200e+02,
    3.05321503e+02, 2.92191010e+02, 3.06019257e+02, 2.84820465e+02,
    3.06528961e+02, 2.77448181e+02, 3.07212280e+02, 2.70103088e+02,
    3.07733582e+02, 2.62781097e+02, 3.08378632e+02, 2.55353867e+02,
    3.12721436e+02, 2.92894379e+02, 3.13323456e+02, 2.85567291e+02,
    3.13953339e+02, 2.78150818e+02, 3.14499939e+02, 2.70804993e+02,
    3.15157990e+02, 2.63409119e+02, 3.15789429e+02, 2.56088470e+02,
    3.20111176e+02, 2.93467163e+02, 3.20702606e+02, 2.86272156e+02,
    3.21289246e+02, 2.78836761e+02, 3.21917969e+02, 2.71461853e+02,
    3.22501160e+02, 2.64064148e+02, 3.23119080e+02, 2.56753052e+02,
    3.27558838e+02, 2.94222015e+02, 3.28143982e+02, 2.86856628e+02,
    3.28658386e+02, 2.79489410e+02, 3.29289032e+02, 2.72120239e+02,
    3.29866150e+02, 2.64760712e+02, 3.30433929e+02, 2.57413422e+02 ]
