%YAML:1.0
---
points: [ 1.29575000e+03, 2.98911072e+02, 1.29713611e+03, 3.36603699e+02,
    1.29867346e+03, 3.74196960e+02, 1.30027124e+03, 4.11223633e+02,
    1.30169666e+03, 4.48256561e+02, 1.30326599e+03, 4.84887848e+02,
    1.25749402e+03, 3.02496307e+02, 1.25905322e+03, 3.39776367e+02,
    1.26052466e+03, 3.76991119e+02, 1.26220911e+03, 4.13737305e+02,
    1.26376013e+03, 4.50581177e+02, 1.26540100e+03, 4.87198303e+02,
    1.21936023e+03, 3.05786499e+02, 1.22113660e+03, 3.43005951e+02,
    1.22277625e+03, 3.79970947e+02, 1.22446997e+03, 4.16602203e+02,
    1.22633154e+03, 4.53203796e+02, 1.22804932e+03, 4.89465454e+02,
    1.18189929e+03, 3.09038910e+02, 1.18384912e+03, 3.45990204e+02,
    1.18556323e+03, 3.82694733e+02, 1.18730151e+03, 4.19231689e+02,
    1.18926318e+03, 4.55439209e+02, 1.19092993e+03, 4.91691833e+02,
    1.14491492e+03, 3.12412689e+02, 1.14683533e+03, 3.49187164e+02,
    1.14870044e+03, 3.85577545e+02, 1.15049109e+03, 4.21828735e+02,
    1.15256323e+03, 4.57873993e+02, 1.15441003e+03, 4.93805115e+02,
    1.10838916e+03, 3.15503296e+02, 1.11045959e+03, 3.52072418e+02,
    1.11237854e+03, 3.88327393e+02, 1.11430530e+03, 4.24431488e+02,
    1.11643909e+03, 4.60279663e+02, 1.11822412e+03, 4.96224640e+02,
    1.07229053e+03, 3.18574799e+02, 1.07446155e+03, 3.54973816e+02,
    1.07633325e+03, 3.91244873e+02, 1.07848059e+03, 4.26921143e+02,
    1.08049316e+03, 4.62530426e+02, 1.08246802e+03, 4.98238281e+02,
    1.03651624e+03, 3.21593536e+02, 1.03857153e+03, 3.57676147e+02,
    1.04054297e+03, 3.93566895e+02, 1.04287000e+03, 4.29362732e+02,
    1.04475769e+03, 4.64968353e+02, 1.04692639e+03, 5.00470978e+02 ]
