%YAML:1.0
---
points: [ 3.47677063e+02, 1.84293289e+02, 3.48530640e+02, 1.96427917e+02,
    3.49402802e+02, 2.08509918e+02, 3.50300232e+02, 2.20485504e+02,
    3.51279053e+02, 2.32426193e+02, 3.52229004e+02, 2.44394028e+02,
    3.35405609e+02, 1.85401932e+02, 3.36286346e+02, 1.97496002e+02,
    3.37227509e+02, 2.09485504e+02, 3.38218872e+02, 2.21502731e+02,
    3.39146576e+02, 2.33408951e+02, 3.40110962e+02, 2.45361877e+02,
    3.23242981e+02, 1.86483383e+02, 3.24165222e+02, 1.98584793e+02,
    3.25111145e+02, 2.10534515e+02, 3.26046631e+02, 2.22558487e+02,
    3.27059784e+02, 2.34386261e+02, 3.28087402e+02, 2.46335876e+02,
    3.11081787e+02, 1.87633743e+02, 3.11965912e+02, 1.99633667e+02,
    3.13040497e+02, 2.11674927e+02, 3.14017914e+02, 2.23537735e+02,
    3.14977264e+02, 2.35430344e+02, 3.15967255e+02, 2.47296844e+02,
    2.99003143e+02, 1.88651474e+02, 3.00002472e+02, 2.00699097e+02,
    3.00959625e+02, 2.12644516e+02, 3.02017517e+02, 2.24579544e+02,
    3.02931213e+02, 2.36329483e+02, 3.04058899e+02, 2.48235550e+02,
    2.86972321e+02, 1.89835022e+02, 2.87886505e+02, 2.01638611e+02,
    2.89104492e+02, 2.13694641e+02, 2.90084869e+02, 2.25508667e+02,
    2.91135498e+02, 2.37348587e+02, 2.92116943e+02, 2.49160721e+02,
    2.74904480e+02, 1.90771637e+02, 2.76014252e+02, 2.02774597e+02,
    2.77104370e+02, 2.14672684e+02, 2.78161743e+02, 2.26530731e+02,
    2.79224915e+02, 2.38361542e+02, 2.80258728e+02, 2.50125900e+02,
    2.63701172e+02, 1.92406540e+02, 2.63974854e+02, 2.03684128e+02,
    2.65285339e+02, 2.15635590e+02, 2.66283264e+02, 2.27565460e+02,
    2.67341217e+02, 2.39390533e+02, 2.68398010e+02, 2.51170807e+02 ]
