%YAML:1.0
---
points: [ 2.76364471e+02, 1.87500320e+02, 2.83412201e+02, 1.88054169e+02,
    2.90470398e+02, 1.88612961e+02, 2.97376099e+02, 1.89196823e+02,
    3.04317749e+02, 1.89697937e+02, 3.11199738e+02, 1.90267502e+02,
    2.75836823e+02, 1.94777145e+02, 2.82845795e+02, 1.95358139e+02,
    2.90031067e+02, 1.95869919e+02, 2.96854736e+02, 1.96314621e+02,
    3.03909088e+02, 1.96909805e+02, 3.10598236e+02, 1.97345581e+02,
    2.75277802e+02, 2.02148590e+02, 2.82294647e+02, 2.02581009e+02,
    2.89305084e+02, 2.03079315e+02, 2.96322754e+02, 2.03527390e+02,
    3.03303070e+02, 2.04033173e+02, 3.10048218e+02, 2.04448486e+02,
    2.74778595e+02, 2.09260269e+02, 2.81851013e+02, 2.09840378e+02,
    2.88955170e+02, 2.10247803e+02, 2.95938995e+02, 2.10664841e+02,
    3.02763611e+02, 2.11184418e+02, 3.09357819e+02, 2.11688782e+02,
    2.74264465e+02, 2.16626846e+02, 2.81328186e+02, 2.17036911e+02,
    2.88363220e+02, 2.17487671e+02, 2.95369995e+02, 2.17957352e+02,
    3.02316376e+02, 2.18368866e+02, 3.09077423e+02, 2.18770035e+02,
    2.73745789e+02, 2.23892807e+02, 2.80924622e+02, 2.24357025e+02,
    2.87937988e+02, 2.24731110e+02, 2.94906738e+02, 2.25186615e+02,
    3.01866516e+02, 2.25541122e+02, 3.08354248e+02, 2.26003891e+02,
    2.73292053e+02, 2.31230453e+02, 2.80285583e+02, 2.31527512e+02,
    2.87424042e+02, 2.32022675e+02, 2.94314819e+02, 2.32337021e+02,
    3.01343781e+02, 2.32696609e+02, 3.08074432e+02, 2.33110199e+02,
    2.72776794e+02, 2.38367447e+02, 2.79781586e+02, 2.38811874e+02,
    2.86910309e+02, 2.39135880e+02, 2.93866760e+02, 2.39465836e+02,
    3.00820099e+02, 2.39855713e+02, 3.07408417e+02, 2.40207321e+02 ]
