%YAML:1.0
---
points: [ 1.15244214e+03, 4.83125641e+02, 1.15467676e+03, 5.18095215e+02,
    1.15726013e+03, 5.52665222e+02, 1.15957361e+03, 5.87119263e+02,
    1.16188477e+03, 6.21502808e+02, 1.16436890e+03, 6.55628235e+02,
    1.11749438e+03, 4.86082092e+02, 1.12004199e+03, 5.20691162e+02,
    1.12244324e+03, 5.55384277e+02, 1.12485205e+03, 5.89690247e+02,
    1.12739709e+03, 6.23999695e+02, 1.12973315e+03, 6.58397339e+02,
    1.08258923e+03, 4.88638092e+02, 1.08528674e+03, 5.23504089e+02,
    1.08765710e+03, 5.58049438e+02, 1.09033118e+03, 5.92345825e+02,
    1.09274304e+03, 6.26625061e+02, 1.09538245e+03, 6.60850891e+02,
    1.04801270e+03, 4.91477173e+02, 1.05049854e+03, 5.26197144e+02,
    1.05325391e+03, 5.60651245e+02, 1.05565503e+03, 5.94963623e+02,
    1.05837756e+03, 6.29147034e+02, 1.06083167e+03, 6.63385132e+02,
    1.01323651e+03, 4.94192413e+02, 1.01613470e+03, 5.28840271e+02,
    1.01860638e+03, 5.63369629e+02, 1.02138892e+03, 5.97513367e+02,
    1.02379205e+03, 6.31651733e+02, 1.02660120e+03, 6.65772888e+02,
    9.78844666e+02, 4.97099182e+02, 9.81521851e+02, 5.31585144e+02,
    9.84390808e+02, 5.65912659e+02, 9.86935425e+02, 6.00187927e+02,
    9.89726685e+02, 6.34240234e+02, 9.92381409e+02, 6.68263428e+02,
    9.44513794e+02, 4.99652283e+02, 9.47484375e+02, 5.34223145e+02,
    9.49913086e+02, 5.68610107e+02, 9.52855591e+02, 6.02658630e+02,
    9.55476807e+02, 6.36763000e+02, 9.58313965e+02, 6.70749512e+02,
    9.10265808e+02, 5.02440613e+02, 9.12807739e+02, 5.37010376e+02,
    9.15750183e+02, 5.71338623e+02, 9.18485474e+02, 6.05465942e+02,
    9.21417725e+02, 6.39546082e+02, 9.24073425e+02, 6.73491089e+02 ]
