%YAML:1.0
---
points: [ 3.06784485e+02, 2.33032150e+02, 3.14165039e+02, 2.33432190e+02,
    3.21522736e+02, 2.33967255e+02, 3.28839142e+02, 2.34450500e+02,
    3.36119812e+02, 2.34900192e+02, 3.43330963e+02, 2.35397934e+02,
    3.06240845e+02, 2.40432373e+02, 3.13589630e+02, 2.40922150e+02,
    3.20969177e+02, 2.41350708e+02, 3.28241821e+02, 2.41866394e+02,
    3.35453888e+02, 2.42300064e+02, 3.42773560e+02, 2.42826965e+02,
    3.05706940e+02, 2.47979111e+02, 3.13133698e+02, 2.48345947e+02,
    3.20379852e+02, 2.48817566e+02, 3.27641235e+02, 2.49239548e+02,
    3.35033661e+02, 2.49731491e+02, 3.42282227e+02, 2.50203583e+02,
    3.05245697e+02, 2.55368011e+02, 3.12566315e+02, 2.55836761e+02,
    3.19956268e+02, 2.56289459e+02, 3.27228851e+02, 2.56743134e+02,
    3.34512482e+02, 2.57190460e+02, 3.41793976e+02, 2.57591187e+02,
    3.04664917e+02, 2.63030518e+02, 3.12174072e+02, 2.63305389e+02,
    3.19380768e+02, 2.63797974e+02, 3.26777374e+02, 2.64222900e+02,
    3.34083679e+02, 2.64581390e+02, 3.41306763e+02, 2.65128998e+02,
    3.04220795e+02, 2.70368591e+02, 3.11606567e+02, 2.70879211e+02,
    3.19015228e+02, 2.71223053e+02, 3.26289673e+02, 2.71655029e+02,
    3.33506683e+02, 2.72103943e+02, 3.40934143e+02, 2.72419067e+02,
    3.03748322e+02, 2.78023285e+02, 3.11101471e+02, 2.78312744e+02,
    3.18421021e+02, 2.78730774e+02, 3.25783020e+02, 2.79169922e+02,
    3.33083160e+02, 2.79567383e+02, 3.40294434e+02, 2.80019958e+02,
    3.03207703e+02, 2.85464813e+02, 3.10537537e+02, 2.85899384e+02,
    3.17959839e+02, 2.86230774e+02, 3.25282928e+02, 2.86550415e+02,
    3.32494507e+02, 2.87024200e+02, 3.39880493e+02, 2.87392395e+02 ]
