%YAML:1.0
---
points: [ 3.43372894e+02, 1.87933594e+02, 3.44342957e+02, 1.99980515e+02,
    3.45234802e+02, 2.11958282e+02, 3.46186768e+02, 2.23840729e+02,
    3.47083405e+02, 2.35683044e+02, 3.48091675e+02, 2.47540970e+02,
    3.31299927e+02, 1.89058105e+02, 3.32222107e+02, 2.01066223e+02,
    3.33182098e+02, 2.12979721e+02, 3.34136230e+02, 2.24833954e+02,
    3.35109070e+02, 2.36716675e+02, 3.36083527e+02, 2.48592468e+02,
    3.19227631e+02, 1.90147430e+02, 3.20160400e+02, 2.02115021e+02,
    3.21147369e+02, 2.14057236e+02, 3.22159515e+02, 2.25903244e+02,
    3.23094116e+02, 2.37695419e+02, 3.24172760e+02, 2.49531326e+02,
    3.07207092e+02, 1.91207764e+02, 3.08187988e+02, 2.03152206e+02,
    3.09184845e+02, 2.15079834e+02, 3.10146149e+02, 2.26861984e+02,
    3.11197052e+02, 2.38664688e+02, 3.12168976e+02, 2.50471497e+02,
    2.95176788e+02, 1.92270416e+02, 2.96240479e+02, 2.04259979e+02,
    2.97290833e+02, 2.16071167e+02, 2.98233856e+02, 2.27839172e+02,
    2.99281128e+02, 2.39649521e+02, 3.00301483e+02, 2.51418869e+02,
    2.83367371e+02, 1.93447372e+02, 2.84319855e+02, 2.05193192e+02,
    2.85316803e+02, 2.17090302e+02, 2.86394470e+02, 2.28861328e+02,
    2.87408844e+02, 2.40655731e+02, 2.88489838e+02, 2.52385117e+02,
    2.71410126e+02, 1.94371078e+02, 2.72639740e+02, 2.06336960e+02,
    2.73555145e+02, 2.18147949e+02, 2.74573608e+02, 2.29937180e+02,
    2.75619598e+02, 2.41678711e+02, 2.76665497e+02, 2.53413254e+02,
    2.59479309e+02, 1.95580170e+02, 2.60481812e+02, 2.07274445e+02,
    2.61779053e+02, 2.19210785e+02, 2.62749786e+02, 2.30953873e+02,
    2.63856659e+02, 2.42751617e+02, 2.64873108e+02, 2.54418793e+02 ]
