%YAML:1.0
---
points: [ 1.14072510e+03, 4.93463348e+02, 1.14326318e+03, 5.28101135e+02,
    1.14554004e+03, 5.62409790e+02, 1.14817004e+03, 5.96556641e+02,
    1.15042297e+03, 6.30514221e+02, 1.15289075e+03, 6.64735168e+02,
    1.10632336e+03, 4.96413177e+02, 1.10861377e+03, 5.30658997e+02,
    1.11137146e+03, 5.65191528e+02, 1.11359521e+03, 5.99162170e+02,
    1.11630237e+03, 6.33348816e+02, 1.11851636e+03, 6.67247925e+02,
    1.07156787e+03, 4.99031158e+02, 1.07432703e+03, 5.33538757e+02,
    1.07663770e+03, 5.67669067e+02, 1.07942896e+03, 6.01826904e+02,
    1.08185535e+03, 6.35832764e+02, 1.08456812e+03, 6.70053833e+02,
    1.03734973e+03, 5.01859650e+02, 1.03975378e+03, 5.36202209e+02,
    1.04261646e+03, 5.70524231e+02, 1.04507642e+03, 6.04465637e+02,
    1.04770776e+03, 6.38497864e+02, 1.05017322e+03, 6.72338196e+02,
    1.00269348e+03, 5.04444855e+02, 1.00559827e+03, 5.38949585e+02,
    1.00819080e+03, 5.73030396e+02, 1.01097644e+03, 6.07189758e+02,
    1.01344452e+03, 6.41056885e+02, 1.01623810e+03, 6.74914246e+02,
    9.68703186e+02, 5.07342773e+02, 9.71340881e+02, 5.41506592e+02,
    9.74175171e+02, 5.75712646e+02, 9.76679993e+02, 6.09599121e+02,
    9.79548340e+02, 6.43626038e+02, 9.82175964e+02, 6.77327026e+02,
    9.34400330e+02, 5.09833893e+02, 9.37366211e+02, 5.44380249e+02,
    9.40053467e+02, 5.78390625e+02, 9.42814209e+02, 6.12386047e+02,
    9.45486389e+02, 6.46299438e+02, 9.48347656e+02, 6.80143494e+02,
    9.00373718e+02, 5.12637512e+02, 9.02909058e+02, 5.46961914e+02,
    9.05856018e+02, 5.81207947e+02, 9.08588379e+02, 6.15077271e+02,
    9.11486145e+02, 6.49090393e+02, 9.14174377e+02, 6.82717773e+02 ]
