%YAML:1.0
---
points: [ 5.37522827e+02, 2.96365997e+02, 5.64553589e+02, 2.97289764e+02,
    5.91246399e+02, 2.98125885e+02, 6.17533875e+02, 2.98953979e+02,
    6.43594849e+02, 2.99859802e+02, 6.69253479e+02, 3.00763275e+02,
    5.38943176e+02, 3.22268311e+02, 5.65831238e+02, 3.22912933e+02,
    5.92406494e+02, 3.23608551e+02, 6.18546936e+02, 3.24330322e+02,
    6.44475830e+02, 3.24925964e+02, 6.70059082e+02, 3.25657532e+02,
    5.40340454e+02, 3.47701263e+02, 5.67143005e+02, 3.48306580e+02,
    5.93571350e+02, 3.48838074e+02, 6.19648376e+02, 3.49344543e+02,
    6.45313232e+02, 3.49749664e+02, 6.70704041e+02, 3.50354767e+02,
    5.41680115e+02, 3.73019684e+02, 5.68498413e+02, 3.73342773e+02,
    5.94792725e+02, 3.73658417e+02, 6.20739868e+02, 3.74114777e+02,
    6.46424377e+02, 3.74443817e+02, 6.71668701e+02, 3.74727173e+02,
    5.43075317e+02, 3.98218597e+02, 5.69639221e+02, 3.98372955e+02,
    5.95940552e+02, 3.98475006e+02, 6.21727539e+02, 3.98587402e+02,
    6.47335022e+02, 3.98705292e+02, 6.72435059e+02, 3.98827484e+02,
    5.44329468e+02, 4.23262421e+02, 5.70822083e+02, 4.23241760e+02,
    5.96950623e+02, 4.23188568e+02, 6.22796936e+02, 4.23160126e+02,
    6.48295654e+02, 4.23117065e+02, 6.73326599e+02, 4.23097260e+02,
    5.45588684e+02, 4.47923523e+02, 5.72066284e+02, 4.47727203e+02,
    5.98043884e+02, 4.47526978e+02, 6.23632751e+02, 4.47306885e+02,
    6.49075928e+02, 4.47121826e+02, 6.74065918e+02, 4.46854431e+02,
    5.47025940e+02, 4.72352722e+02, 5.73356750e+02, 4.72009247e+02,
    5.99291992e+02, 4.71641174e+02, 6.24647400e+02, 4.71370361e+02,
    6.49829834e+02, 4.70938629e+02, 6.74813965e+02, 4.70592255e+02 ]
