%YAML:1.0
---
points: [ 1.14069470e+03, 4.93453461e+02, 1.14331470e+03, 5.28165955e+02,
    1.14556934e+03, 5.62354980e+02, 1.14822803e+03, 5.96537048e+02,
    1.15042358e+03, 6.30491272e+02, 1.15301538e+03, 6.64757935e+02,
    1.10640955e+03, 4.96402649e+02, 1.10862610e+03, 5.30654602e+02,
    1.11140649e+03, 5.65249023e+02, 1.11361133e+03, 5.99090088e+02,
    1.11635034e+03, 6.33351868e+02, 1.11854639e+03, 6.67207947e+02,
    1.07156580e+03, 4.98917786e+02, 1.07438928e+03, 5.33478638e+02,
    1.07670166e+03, 5.67680786e+02, 1.07945508e+03, 6.01832703e+02,
    1.08184485e+03, 6.35784973e+02, 1.08463818e+03, 6.70100281e+02,
    1.03737903e+03, 5.01826721e+02, 1.03983667e+03, 5.36178162e+02,
    1.04263440e+03, 5.70487671e+02, 1.04518848e+03, 6.04418091e+02,
    1.04778137e+03, 6.38483398e+02, 1.05021643e+03, 6.72311279e+02,
    1.00274280e+03, 5.04381226e+02, 1.00561621e+03, 5.38901672e+02,
    1.00818994e+03, 5.73047424e+02, 1.01105957e+03, 6.07123596e+02,
    1.01349097e+03, 6.41027222e+02, 1.01629791e+03, 6.74879333e+02,
    9.68763855e+02, 5.07275330e+02, 9.71370728e+02, 5.41536926e+02,
    9.74164612e+02, 5.75658081e+02, 9.76684509e+02, 6.09566223e+02,
    9.79579224e+02, 6.43597107e+02, 9.82223083e+02, 6.77293213e+02,
    9.34387756e+02, 5.09840363e+02, 9.37411926e+02, 5.44371460e+02,
    9.39998108e+02, 5.78383667e+02, 9.42877930e+02, 6.12422241e+02,
    9.45564453e+02, 6.46239929e+02, 9.48408020e+02, 6.80160828e+02,
    9.00418518e+02, 5.12600891e+02, 9.02993530e+02, 5.46935608e+02,
    9.05960083e+02, 5.81181580e+02, 9.08535889e+02, 6.15028137e+02,
    9.11560425e+02, 6.49159668e+02, 9.14224182e+02, 6.82715698e+02 ]
