%YAML:1.0
---
points: [ 3.43406799e+02, 1.87923737e+02, 3.44296295e+02, 2.00040390e+02,
    3.45221344e+02, 2.11942383e+02, 3.46184509e+02, 2.23864792e+02,
    3.47097412e+02, 2.35681183e+02, 3.48136902e+02, 2.47504700e+02,
    3.31323090e+02, 1.89058167e+02, 3.32253265e+02, 2.01053696e+02,
    3.33195557e+02, 2.12961777e+02, 3.34161987e+02, 2.24847824e+02,
    3.35154022e+02, 2.36737518e+02, 3.36077118e+02, 2.48553146e+02,
    3.19245239e+02, 1.90141312e+02, 3.20146912e+02, 2.02112152e+02,
    3.21144653e+02, 2.14060059e+02, 3.22156952e+02, 2.25925400e+02,
    3.23117096e+02, 2.37675735e+02, 3.24165436e+02, 2.49505173e+02,
    3.07205994e+02, 1.91235641e+02, 3.08187042e+02, 2.03154831e+02,
    3.09209381e+02, 2.15102661e+02, 3.10157990e+02, 2.26819931e+02,
    3.11193939e+02, 2.38667130e+02, 3.12179138e+02, 2.50447723e+02,
    2.95194977e+02, 1.92273926e+02, 2.96250336e+02, 2.04269348e+02,
    2.97334869e+02, 2.16043030e+02, 2.98236420e+02, 2.27829849e+02,
    2.99247803e+02, 2.39667496e+02, 3.00311249e+02, 2.51404160e+02,
    2.83361237e+02, 1.93383514e+02, 2.84301514e+02, 2.05204498e+02,
    2.85356567e+02, 2.17092163e+02, 2.86427002e+02, 2.28839142e+02,
    2.87428314e+02, 2.40657349e+02, 2.88493469e+02, 2.52343506e+02,
    2.71344910e+02, 1.94340927e+02, 2.72671356e+02, 2.06317154e+02,
    2.73555908e+02, 2.18160873e+02, 2.74584076e+02, 2.29872955e+02,
    2.75625031e+02, 2.41657150e+02, 2.76668945e+02, 2.53355850e+02,
    2.59430176e+02, 1.95393433e+02, 2.60525269e+02, 2.07365326e+02,
    2.61816803e+02, 2.19204468e+02, 2.62778351e+02, 2.30925766e+02,
    2.63886200e+02, 2.42688553e+02, 2.64868469e+02, 2.54413773e+02 ]
