%YAML:1.0
---
points: [ 3.29693939e+02, 2.38303223e+02, 3.30617615e+02, 2.49812317e+02,
    3.31583405e+02, 2.61342834e+02, 3.32555145e+02, 2.72812897e+02,
    3.33461639e+02, 2.84323822e+02, 3.34485229e+02, 2.95780945e+02,
    3.18128845e+02, 2.39323349e+02, 3.19034332e+02, 2.50853485e+02,
    3.20063019e+02, 2.62416321e+02, 3.21050964e+02, 2.73833801e+02,
    3.22032257e+02, 2.85357391e+02, 3.22994019e+02, 2.96840973e+02,
    3.06479340e+02, 2.40362595e+02, 3.07456573e+02, 2.51898483e+02,
    3.08416687e+02, 2.63445496e+02, 3.09467865e+02, 2.74953217e+02,
    3.10448151e+02, 2.86419037e+02, 3.11452057e+02, 2.97936920e+02,
    2.94892365e+02, 2.41480087e+02, 2.95878571e+02, 2.52953705e+02,
    2.96908051e+02, 2.64543762e+02, 2.97861176e+02, 2.75976044e+02,
    2.98936615e+02, 2.87446198e+02, 2.99958282e+02, 2.98932800e+02,
    2.83270355e+02, 2.42504303e+02, 2.84308350e+02, 2.54015488e+02,
    2.85345001e+02, 2.65581818e+02, 2.86329437e+02, 2.77011749e+02,
    2.87390137e+02, 2.88536682e+02, 2.88375732e+02, 3.00008057e+02,
    2.71722321e+02, 2.43541107e+02, 2.72722931e+02, 2.55056274e+02,
    2.73808899e+02, 2.66541992e+02, 2.74829742e+02, 2.78058960e+02,
    2.75846008e+02, 2.89498627e+02, 2.76866974e+02, 3.01047729e+02,
    2.60113007e+02, 2.44573837e+02, 2.61218536e+02, 2.56113800e+02,
    2.62247925e+02, 2.67678009e+02, 2.63292542e+02, 2.79208740e+02,
    2.64306519e+02, 2.90680603e+02, 2.65346985e+02, 3.02195465e+02,
    2.48605316e+02, 2.45717941e+02, 2.49660858e+02, 2.57219177e+02,
    2.50646271e+02, 2.68827515e+02, 2.51746292e+02, 2.80310455e+02,
    2.52797699e+02, 2.91950378e+02, 2.53809250e+02, 3.03439514e+02 ]
