%YAML:1.0
---
points: [ 1.10196838e+03, 6.37759583e+02, 1.10456433e+03, 6.70843750e+02,
    1.10692908e+03, 7.03875610e+02, 1.10941650e+03, 7.36829956e+02,
    1.11193408e+03, 7.69786499e+02, 1.11442615e+03, 8.02670532e+02,
    1.06893506e+03, 6.40496582e+02, 1.07127527e+03, 6.73748657e+02,
    1.07383398e+03, 7.06867065e+02, 1.07630872e+03, 7.39710815e+02,
    1.07882971e+03, 7.72503235e+02, 1.08140747e+03, 8.05641724e+02,
    1.03543713e+03, 6.43450989e+02, 1.03806543e+03, 6.76442200e+02,
    1.04055347e+03, 7.09548828e+02, 1.04328967e+03, 7.42560730e+02,
    1.04562354e+03, 7.75613159e+02, 1.04835913e+03, 8.08573547e+02,
    1.00201636e+03, 6.45983459e+02, 1.00466058e+03, 6.79373718e+02,
    1.00722437e+03, 7.12411438e+02, 1.00995862e+03, 7.45388916e+02,
    1.01252551e+03, 7.78305664e+02, 1.01531683e+03, 8.11407104e+02,
    9.68698303e+02, 6.48760620e+02, 9.71302856e+02, 6.81962646e+02,
    9.74035095e+02, 7.15198792e+02, 9.76564880e+02, 7.48240723e+02,
    9.79372559e+02, 7.81212280e+02, 9.81776917e+02, 8.13958618e+02,
    9.35271667e+02, 6.51468872e+02, 9.38096069e+02, 6.84808472e+02,
    9.40633667e+02, 7.17988647e+02, 9.43496887e+02, 7.50709595e+02,
    9.46034912e+02, 7.83749573e+02, 9.48826721e+02, 8.16768677e+02,
    9.01816406e+02, 6.54430054e+02, 9.04679382e+02, 6.87561340e+02,
    9.07393860e+02, 7.20705627e+02, 9.10292114e+02, 7.53787659e+02,
    9.12775879e+02, 7.86806274e+02, 9.15581604e+02, 8.19794067e+02,
    8.68432434e+02, 6.57185547e+02, 8.71175049e+02, 6.90606262e+02,
    8.74079468e+02, 7.23742371e+02, 8.76658325e+02, 7.56939392e+02,
    8.79446228e+02, 7.90229492e+02, 8.82138733e+02, 8.23174988e+02 ]
