%YAML:1.0
---
points: [ 1.98362061e+02, 2.22156845e+02, 2.06213165e+02, 2.22640854e+02,
    2.14251373e+02, 2.23145691e+02, 2.21965332e+02, 2.23649017e+02,
    2.29659790e+02, 2.24124725e+02, 2.37414810e+02, 2.24537308e+02,
    1.97874954e+02, 2.29861053e+02, 2.05726608e+02, 2.30266327e+02,
    2.13596588e+02, 2.30833572e+02, 2.21320969e+02, 2.31272766e+02,
    2.29172470e+02, 2.31752533e+02, 2.36915024e+02, 2.32280487e+02,
    1.97281555e+02, 2.37523331e+02, 2.05214157e+02, 2.38080475e+02,
    2.13109756e+02, 2.38476746e+02, 2.20817459e+02, 2.38913589e+02,
    2.28590561e+02, 2.39410172e+02, 2.36361298e+02, 2.39869415e+02,
    1.96676834e+02, 2.45399704e+02, 2.04637909e+02, 2.45892548e+02,
    2.12412003e+02, 2.46319580e+02, 2.20325546e+02, 2.46746063e+02,
    2.28039871e+02, 2.47135727e+02, 2.35729340e+02, 2.47586792e+02,
    1.96241440e+02, 2.53168900e+02, 2.04182480e+02, 2.53614899e+02,
    2.11992081e+02, 2.54076920e+02, 2.19710114e+02, 2.54377380e+02,
    2.27466507e+02, 2.54882767e+02, 2.35241730e+02, 2.55257187e+02,
    1.95570038e+02, 2.61119720e+02, 2.03478928e+02, 2.61381042e+02,
    2.11306229e+02, 2.61798370e+02, 2.19220322e+02, 2.62215881e+02,
    2.26945648e+02, 2.62599487e+02, 2.34716949e+02, 2.63060333e+02,
    1.95112488e+02, 2.68882172e+02, 2.03016937e+02, 2.69195862e+02,
    2.10856308e+02, 2.69578217e+02, 2.18573929e+02, 2.70036194e+02,
    2.26377594e+02, 2.70321777e+02, 2.34197586e+02, 2.70741882e+02,
    1.94434372e+02, 2.76651245e+02, 2.02435974e+02, 2.77052490e+02,
    2.10266541e+02, 2.77392059e+02, 2.18092911e+02, 2.77718750e+02,
    2.25829224e+02, 2.78141632e+02, 2.33621399e+02, 2.78386932e+02 ]
