%YAML:1.0
---
points: [ 1.10197009e+03, 6.37684875e+02, 1.10460376e+03, 6.70779602e+02,
    1.10693518e+03, 7.03765320e+02, 1.10941992e+03, 7.36769836e+02,
    1.11190784e+03, 7.69789917e+02, 1.11440698e+03, 8.02610107e+02,
    1.06886108e+03, 6.40415283e+02, 1.07126514e+03, 6.73617859e+02,
    1.07386279e+03, 7.06760925e+02, 1.07630066e+03, 7.39647949e+02,
    1.07878259e+03, 7.72526611e+02, 1.08146704e+03, 8.05615417e+02,
    1.03547864e+03, 6.43384399e+02, 1.03796338e+03, 6.76417236e+02,
    1.04053235e+03, 7.09461792e+02, 1.04328601e+03, 7.42557861e+02,
    1.04567175e+03, 7.75557434e+02, 1.04834265e+03, 8.08518433e+02,
    1.00199237e+03, 6.45956055e+02, 1.00464716e+03, 6.79328979e+02,
    1.00729517e+03, 7.12489136e+02, 1.01004401e+03, 7.45300964e+02,
    1.01251953e+03, 7.78244690e+02, 1.01531415e+03, 8.11378723e+02,
    9.68728333e+02, 6.48687317e+02, 9.71296753e+02, 6.81881958e+02,
    9.73940491e+02, 7.15138977e+02, 9.76573059e+02, 7.48195618e+02,
    9.79420715e+02, 7.81186035e+02, 9.81803772e+02, 8.13883789e+02,
    9.35287476e+02, 6.51426453e+02, 9.38000427e+02, 6.84760986e+02,
    9.40669739e+02, 7.17857727e+02, 9.43415039e+02, 7.50685791e+02,
    9.46019165e+02, 7.83627869e+02, 9.48822083e+02, 8.16784790e+02,
    9.01877808e+02, 6.54335449e+02, 9.04667419e+02, 6.87513489e+02,
    9.07416687e+02, 7.20696533e+02, 9.10332642e+02, 7.53741028e+02,
    9.12811035e+02, 7.86739929e+02, 9.15604309e+02, 8.19710999e+02,
    8.68443787e+02, 6.57163879e+02, 8.71128113e+02, 6.90584656e+02,
    8.74048218e+02, 7.23688232e+02, 8.76647156e+02, 7.56798157e+02,
    8.79505615e+02, 7.90149353e+02, 8.82207825e+02, 8.23191833e+02 ]
