%YAML:1.0
---
points: [ 1.07792517e+03, 4.28737488e+02, 1.10097583e+03, 4.29250885e+02,
    1.12373926e+03, 4.29607208e+02, 1.14659741e+03, 4.30039764e+02,
    1.16929028e+03, 4.30372772e+02, 1.19191919e+03, 4.30737915e+02,
    1.07682520e+03, 4.51994598e+02, 1.09985107e+03, 4.52353516e+02,
    1.12260803e+03, 4.52815460e+02, 1.14523718e+03, 4.53259705e+02,
    1.16811841e+03, 4.53655884e+02, 1.19069336e+03, 4.53947083e+02,
    1.07599561e+03, 4.75201172e+02, 1.09891492e+03, 4.75507355e+02,
    1.12173083e+03, 4.75831024e+02, 1.14424744e+03, 4.76219940e+02,
    1.16685168e+03, 4.76534485e+02, 1.18954321e+03, 4.76742584e+02,
    1.07524463e+03, 4.98189117e+02, 1.09810681e+03, 4.98423431e+02,
    1.12087561e+03, 4.98633759e+02, 1.14337952e+03, 4.98973633e+02,
    1.16577185e+03, 4.99262756e+02, 1.18842322e+03, 4.99507690e+02,
    1.07452905e+03, 5.21023376e+02, 1.09721619e+03, 5.21336243e+02,
    1.11992908e+03, 5.21621765e+02, 1.14243420e+03, 5.21834595e+02,
    1.16479321e+03, 5.22159973e+02, 1.18731958e+03, 5.22356873e+02,
    1.07380249e+03, 5.43854492e+02, 1.09642273e+03, 5.44142578e+02,
    1.11892468e+03, 5.44334656e+02, 1.14151880e+03, 5.44527344e+02,
    1.16397290e+03, 5.44694641e+02, 1.18625500e+03, 5.44851196e+02,
    1.07303540e+03, 5.66477905e+02, 1.09556982e+03, 5.66594055e+02,
    1.11809229e+03, 5.66819763e+02, 1.14045093e+03, 5.66925598e+02,
    1.16288074e+03, 5.67218811e+02, 1.18532129e+03, 5.67372498e+02,
    1.07206653e+03, 5.88952881e+02, 1.09474939e+03, 5.89119934e+02,
    1.11722473e+03, 5.89261963e+02, 1.13947180e+03, 5.89359985e+02,
    1.16173083e+03, 5.89497437e+02, 1.18415161e+03, 5.89696594e+02 ]
