%YAML:1.0
---
points: [ 3.29656952e+02, 2.38254425e+02, 3.30623260e+02, 2.49815659e+02,
    3.31558990e+02, 2.61300262e+02, 3.32562988e+02, 2.72765198e+02,
    3.33476318e+02, 2.84304779e+02, 3.34473511e+02, 2.95748138e+02,
    3.18116089e+02, 2.39286530e+02, 3.19119293e+02, 2.50853989e+02,
    3.20076111e+02, 2.62425354e+02, 3.21032440e+02, 2.73783752e+02,
    3.22046631e+02, 2.85385773e+02, 3.23041107e+02, 2.96802002e+02,
    3.06430084e+02, 2.40319244e+02, 3.07446350e+02, 2.51907822e+02,
    3.08440735e+02, 2.63414429e+02, 3.09453979e+02, 2.74886505e+02,
    3.10497131e+02, 2.86385498e+02, 3.11474213e+02, 2.97909515e+02,
    2.94866028e+02, 2.41396179e+02, 2.95880096e+02, 2.52925781e+02,
    2.96918213e+02, 2.64481842e+02, 2.97906982e+02, 2.75903656e+02,
    2.98941406e+02, 2.87446594e+02, 2.99895538e+02, 2.98896027e+02,
    2.83243286e+02, 2.42421692e+02, 2.84298065e+02, 2.53963379e+02,
    2.85359528e+02, 2.65556519e+02, 2.86396484e+02, 2.76998718e+02,
    2.87398438e+02, 2.88554169e+02, 2.88370911e+02, 2.99978088e+02,
    2.71719269e+02, 2.43550385e+02, 2.72734955e+02, 2.55004669e+02,
    2.73766083e+02, 2.66530914e+02, 2.74845123e+02, 2.78105225e+02,
    2.75860565e+02, 2.89490479e+02, 2.76868835e+02, 3.00988831e+02,
    2.60128845e+02, 2.44567444e+02, 2.61209137e+02, 2.56102997e+02,
    2.62284790e+02, 2.67663483e+02, 2.63282196e+02, 2.79179932e+02,
    2.64314117e+02, 2.90703735e+02, 2.65374817e+02, 3.02189209e+02,
    2.48649460e+02, 2.45662842e+02, 2.49652557e+02, 2.57226318e+02,
    2.50660370e+02, 2.68820923e+02, 2.51702240e+02, 2.80307953e+02,
    2.52789078e+02, 2.91902863e+02, 2.53794281e+02, 3.03420868e+02 ]
