%YAML:1.0
---
points: [ 1.06815430e+03, 3.67992493e+02, 1.09142859e+03, 3.68545044e+02,
    1.11448621e+03, 3.69176514e+02, 1.13742334e+03, 3.69579773e+02,
    1.16023047e+03, 3.69928192e+02, 1.18313916e+03, 3.70515930e+02,
    1.06713452e+03, 3.91701691e+02, 1.09030054e+03, 3.92283386e+02,
    1.11324414e+03, 3.92601288e+02, 1.13612817e+03, 3.93045532e+02,
    1.15893311e+03, 3.93479797e+02, 1.18171704e+03, 3.93885345e+02,
    1.06630383e+03, 4.15168457e+02, 1.08937817e+03, 4.15540100e+02,
    1.11224414e+03, 4.16059174e+02, 1.13494836e+03, 4.16473114e+02,
    1.15774719e+03, 4.16810547e+02, 1.18050159e+03, 4.17208496e+02,
    1.06549072e+03, 4.38588776e+02, 1.08849683e+03, 4.38882904e+02,
    1.11141028e+03, 4.39347260e+02, 1.13395740e+03, 4.39596954e+02,
    1.15672058e+03, 4.39795837e+02, 1.17938025e+03, 4.40206482e+02,
    1.06467065e+03, 4.61709930e+02, 1.08757861e+03, 4.62065613e+02,
    1.11048364e+03, 4.62319214e+02, 1.13310022e+03, 4.62590942e+02,
    1.15550671e+03, 4.62875488e+02, 1.17824829e+03, 4.63253204e+02,
    1.06397351e+03, 4.84922394e+02, 1.08669641e+03, 4.85137726e+02,
    1.10952612e+03, 4.85450989e+02, 1.13210803e+03, 4.85663696e+02,
    1.15454016e+03, 4.85752960e+02, 1.17705029e+03, 4.86020905e+02,
    1.06324646e+03, 5.07768951e+02, 1.08588538e+03, 5.07989716e+02,
    1.10851404e+03, 5.08249359e+02, 1.13114124e+03, 5.08419189e+02,
    1.15353748e+03, 5.08544800e+02, 1.17581982e+03, 5.08635681e+02,
    1.06241382e+03, 5.30472229e+02, 1.08511743e+03, 5.30627563e+02,
    1.10764001e+03, 5.30702332e+02, 1.13002698e+03, 5.30904419e+02,
    1.15244128e+03, 5.31095337e+02, 1.17474695e+03, 5.31175293e+02 ]
