%YAML:1.0
---
points: [ 2.20621460e+02, 2.45793457e+02, 2.21571091e+02, 2.57342590e+02,
    2.22549210e+02, 2.68962311e+02, 2.23449921e+02, 2.80471985e+02,
    2.24346481e+02, 2.92020050e+02, 2.25307053e+02, 3.03607666e+02,
    2.09119781e+02, 2.46483932e+02, 2.10051453e+02, 2.58162628e+02,
    2.11061722e+02, 2.69677673e+02, 2.11952133e+02, 2.81186035e+02,
    2.12897858e+02, 2.92701904e+02, 2.13811600e+02, 3.04301392e+02,
    1.97490280e+02, 2.47270493e+02, 1.98458511e+02, 2.58844604e+02,
    1.99477158e+02, 2.70380463e+02, 2.00422104e+02, 2.81866852e+02,
    2.01354477e+02, 2.93433655e+02, 2.02269928e+02, 3.04929077e+02,
    1.86081299e+02, 2.48046707e+02, 1.87057404e+02, 2.59543854e+02,
    1.88025497e+02, 2.71118927e+02, 1.88984268e+02, 2.82576660e+02,
    1.89903046e+02, 2.94122162e+02, 1.90867035e+02, 3.05572296e+02,
    1.74594742e+02, 2.48820602e+02, 1.75569519e+02, 2.60289032e+02,
    1.76616043e+02, 2.71805389e+02, 1.77484085e+02, 2.83324768e+02,
    1.78535660e+02, 2.94736755e+02, 1.79520554e+02, 3.06174347e+02,
    1.63175919e+02, 2.49547394e+02, 1.64252441e+02, 2.61067719e+02,
    1.65238098e+02, 2.72484589e+02, 1.66208710e+02, 2.83959930e+02,
    1.67233902e+02, 2.95340210e+02, 1.68211685e+02, 3.06722961e+02,
    1.51847702e+02, 2.50276031e+02, 1.52862213e+02, 2.61805908e+02,
    1.53896118e+02, 2.73253296e+02, 1.54906586e+02, 2.84657898e+02,
    1.55872421e+02, 2.96100586e+02, 1.56890457e+02, 3.07395966e+02,
    1.40357803e+02, 2.51091339e+02, 1.41392212e+02, 2.62614807e+02,
    1.42382355e+02, 2.74027679e+02, 1.43392288e+02, 2.85440857e+02,
    1.44387985e+02, 2.96812469e+02, 1.45425629e+02, 3.08174622e+02 ]
