%YAML:1.0
---
points: [ 7.87462341e+02, 6.56537170e+02, 7.90164673e+02, 6.90221313e+02,
    7.92515381e+02, 7.23455139e+02, 7.95093384e+02, 7.56588440e+02,
    7.97478821e+02, 7.89850952e+02, 8.00044189e+02, 8.23098145e+02,
    7.54434631e+02, 6.58528748e+02, 7.56909668e+02, 6.91936584e+02,
    7.59467163e+02, 7.25186035e+02, 7.61926392e+02, 7.58431213e+02,
    7.64519897e+02, 7.91473145e+02, 7.66742981e+02, 8.24600220e+02,
    7.21337891e+02, 6.60343872e+02, 7.23777466e+02, 6.93637390e+02,
    7.26502075e+02, 7.27084167e+02, 7.28891968e+02, 7.60129150e+02,
    7.31428650e+02, 7.93153992e+02, 7.33794434e+02, 8.26411133e+02,
    6.88336548e+02, 6.62131042e+02, 6.90891968e+02, 6.95506958e+02,
    6.93542664e+02, 7.28679504e+02, 6.96203369e+02, 7.61698059e+02,
    6.98644287e+02, 7.94759277e+02, 7.01265564e+02, 8.27864990e+02,
    6.55415833e+02, 6.64139282e+02, 6.58306824e+02, 6.97258606e+02,
    6.60762817e+02, 7.30359619e+02, 6.63525940e+02, 7.63384644e+02,
    6.65812927e+02, 7.96370483e+02, 6.68624512e+02, 8.29267212e+02,
    6.22801453e+02, 6.65903320e+02, 6.25502991e+02, 6.98871460e+02,
    6.28296204e+02, 7.32236633e+02, 6.30938293e+02, 7.64991089e+02,
    6.33562866e+02, 7.97794373e+02, 6.36253296e+02, 8.30737305e+02,
    5.90244507e+02, 6.67666077e+02, 5.92798279e+02, 7.00880920e+02,
    5.95616333e+02, 7.33808411e+02, 5.98245911e+02, 7.66667542e+02,
    6.00996521e+02, 7.99559753e+02, 6.03409302e+02, 8.32713074e+02,
    5.57397644e+02, 6.69764771e+02, 5.59990417e+02, 7.02855713e+02,
    5.62620056e+02, 7.35821533e+02, 5.65270996e+02, 7.68871582e+02,
    5.67804504e+02, 8.01748474e+02, 5.70467651e+02, 8.34459839e+02 ]
