%YAML:1.0
---
points: [ 7.87395325e+02, 6.56568665e+02, 7.90143127e+02, 6.90260742e+02,
    7.92492432e+02, 7.23496399e+02, 7.95124878e+02, 7.56581726e+02,
    7.97477478e+02, 7.89870056e+02, 7.99886780e+02, 8.23058472e+02,
    7.54371582e+02, 6.58548096e+02, 7.56865540e+02, 6.91896606e+02,
    7.59384277e+02, 7.25272156e+02, 7.61869690e+02, 7.58498901e+02,
    7.64492432e+02, 7.91555786e+02, 7.66683350e+02, 8.24595825e+02,
    7.21329285e+02, 6.60335449e+02, 7.23748413e+02, 6.93649902e+02,
    7.26556030e+02, 7.27028198e+02, 7.28852600e+02, 7.60185913e+02,
    7.31446472e+02, 7.93217834e+02, 7.33730774e+02, 8.26376953e+02,
    6.88278992e+02, 6.62098694e+02, 6.90841125e+02, 6.95514587e+02,
    6.93529236e+02, 7.28770386e+02, 6.96185181e+02, 7.61710754e+02,
    6.98613159e+02, 7.94799438e+02, 7.01231140e+02, 8.27897644e+02,
    6.55417542e+02, 6.64054565e+02, 6.58283936e+02, 6.97250854e+02,
    6.60662720e+02, 7.30395752e+02, 6.63475403e+02, 7.63379517e+02,
    6.65806763e+02, 7.96355774e+02, 6.68613464e+02, 8.29269043e+02,
    6.22744690e+02, 6.65962158e+02, 6.25473572e+02, 6.98950562e+02,
    6.28252136e+02, 7.32288208e+02, 6.30929871e+02, 7.64994507e+02,
    6.33522034e+02, 7.97819702e+02, 6.36154907e+02, 8.30748596e+02,
    5.90229919e+02, 6.67703125e+02, 5.92730347e+02, 7.00902832e+02,
    5.95581360e+02, 7.33874756e+02, 5.98203735e+02, 7.66662354e+02,
    6.00945801e+02, 7.99573242e+02, 6.03420227e+02, 8.32678162e+02,
    5.57369202e+02, 6.69733276e+02, 5.59880005e+02, 7.02795959e+02,
    5.62633545e+02, 7.35844360e+02, 5.65229675e+02, 7.68808838e+02,
    5.67769836e+02, 8.01724365e+02, 5.70481812e+02, 8.34517090e+02 ]
