%YAML:1.0
---
points: [ 2.20610947e+02, 2.45762817e+02, 2.21541855e+02, 2.57377136e+02,
    2.22540604e+02, 2.68920868e+02, 2.23425430e+02, 2.80478546e+02,
    2.24320709e+02, 2.92043579e+02, 2.25263580e+02, 3.03587860e+02,
    2.09097382e+02, 2.46500092e+02, 2.10068024e+02, 2.58127502e+02,
    2.11053238e+02, 2.69689362e+02, 2.11948929e+02, 2.81161041e+02,
    2.12871124e+02, 2.92758148e+02, 2.13757233e+02, 3.04288513e+02,
    1.97476440e+02, 2.47297592e+02, 1.98464554e+02, 2.58857788e+02,
    1.99472610e+02, 2.70397644e+02, 2.00393631e+02, 2.81859192e+02,
    2.01331223e+02, 2.93445007e+02, 2.02285797e+02, 3.04934174e+02,
    1.86070724e+02, 2.48072327e+02, 1.87056198e+02, 2.59591278e+02,
    1.88007065e+02, 2.71138184e+02, 1.88963806e+02, 2.82571411e+02,
    1.89871948e+02, 2.94102631e+02, 1.90868591e+02, 3.05518799e+02,
    1.74562973e+02, 2.48793823e+02, 1.75547913e+02, 2.60311584e+02,
    1.76571945e+02, 2.71829895e+02, 1.77524155e+02, 2.83323334e+02,
    1.78513000e+02, 2.94708191e+02, 1.79461044e+02, 3.06134094e+02,
    1.63160782e+02, 2.49540680e+02, 1.64190140e+02, 2.61081116e+02,
    1.65208313e+02, 2.72438660e+02, 1.66193954e+02, 2.83998932e+02,
    1.67236694e+02, 2.95359375e+02, 1.68187698e+02, 3.06716705e+02,
    1.51812103e+02, 2.50281281e+02, 1.52853226e+02, 2.61819702e+02,
    1.53861191e+02, 2.73271851e+02, 1.54870026e+02, 2.84680908e+02,
    1.55817825e+02, 2.96055023e+02, 1.56883957e+02, 3.07390900e+02,
    1.40332550e+02, 2.51053482e+02, 1.41384583e+02, 2.62598083e+02,
    1.42370880e+02, 2.74002716e+02, 1.43340027e+02, 2.85462280e+02,
    1.44354950e+02, 2.96808380e+02, 1.45423172e+02, 3.08196686e+02 ]
