%YAML:1.0
---
points: [ 1.03943945e+03, 1.76739090e+02, 1.06346106e+03, 1.77671524e+02,
    1.08695801e+03, 1.78573517e+02, 1.11056348e+03, 1.79607147e+02,
    1.13377930e+03, 1.80530960e+02, 1.15728943e+03, 1.81489914e+02,
    1.03845618e+03, 2.02398315e+02, 1.06225635e+03, 2.03223389e+02,
    1.08583020e+03, 2.03883072e+02, 1.10924060e+03, 2.04784332e+02,
    1.13256970e+03, 2.05561539e+02, 1.15574219e+03, 2.06446899e+02,
    1.03762598e+03, 2.27402649e+02, 1.06120459e+03, 2.28300461e+02,
    1.08480518e+03, 2.28811371e+02, 1.10812256e+03, 2.29555832e+02,
    1.13151624e+03, 2.30269211e+02, 1.15457739e+03, 2.31021622e+02,
    1.03698206e+03, 2.52227020e+02, 1.06051501e+03, 2.52984131e+02,
    1.08404443e+03, 2.53598694e+02, 1.10723718e+03, 2.54272644e+02,
    1.13034888e+03, 2.54881760e+02, 1.15350281e+03, 2.55540451e+02,
    1.03636169e+03, 2.76835266e+02, 1.05976477e+03, 2.77395386e+02,
    1.08308789e+03, 2.78045898e+02, 1.10627087e+03, 2.78597534e+02,
    1.12929553e+03, 2.79149414e+02, 1.15237878e+03, 2.79804382e+02,
    1.03564478e+03, 3.01396027e+02, 1.05901025e+03, 3.01873749e+02,
    1.08211914e+03, 3.02446411e+02, 1.10533997e+03, 3.02889465e+02,
    1.12821436e+03, 3.03456268e+02, 1.15116162e+03, 3.03950958e+02,
    1.03472668e+03, 3.25524139e+02, 1.05817139e+03, 3.25939423e+02,
    1.08137854e+03, 3.26576630e+02, 1.10427136e+03, 3.27068542e+02,
    1.12726050e+03, 3.27544250e+02, 1.15000159e+03, 3.27887115e+02,
    1.03417981e+03, 3.49559448e+02, 1.05739978e+03, 3.49921051e+02,
    1.08039246e+03, 3.50492279e+02, 1.10330847e+03, 3.50822723e+02,
    1.12617737e+03, 3.51286835e+02, 1.14873828e+03, 3.51575439e+02 ]
