%YAML:1.0
---
points: [ 2.38985001e+02, 1.94183197e+02, 2.40039368e+02, 2.05914642e+02,
    2.40980484e+02, 2.17557007e+02, 2.41897491e+02, 2.29200958e+02,
    2.42791214e+02, 2.40725220e+02, 2.43784241e+02, 2.52315109e+02,
    2.27405167e+02, 1.95031860e+02, 2.28371643e+02, 2.06709686e+02,
    2.29367401e+02, 2.18384903e+02, 2.30375534e+02, 2.29943436e+02,
    2.31377029e+02, 2.41424545e+02, 2.32300201e+02, 2.52988754e+02,
    2.15953003e+02, 1.95867249e+02, 2.17020386e+02, 2.07553253e+02,
    2.17990707e+02, 2.19199539e+02, 2.19027740e+02, 2.30623322e+02,
    2.19933411e+02, 2.42207077e+02, 2.20928406e+02, 2.53633987e+02,
    2.04507278e+02, 1.96698776e+02, 2.05637146e+02, 2.08340256e+02,
    2.06559601e+02, 2.19892899e+02, 2.07631348e+02, 2.31380630e+02,
    2.08573471e+02, 2.42825089e+02, 2.09578552e+02, 2.54316177e+02,
    1.93226898e+02, 1.97444275e+02, 1.94295059e+02, 2.09125610e+02,
    1.95327850e+02, 2.20587387e+02, 1.96314346e+02, 2.32129410e+02,
    1.97369843e+02, 2.43474304e+02, 1.98427246e+02, 2.54852631e+02,
    1.81986740e+02, 1.98273132e+02, 1.83128372e+02, 2.09908356e+02,
    1.84183640e+02, 2.21316269e+02, 1.85220642e+02, 2.32819351e+02,
    1.86200745e+02, 2.44215149e+02, 1.87195496e+02, 2.55444901e+02,
    1.69960526e+02, 1.99898529e+02, 1.71912186e+02, 2.10570938e+02,
    1.72933914e+02, 2.22134369e+02, 1.73973190e+02, 2.33510452e+02,
    1.75062515e+02, 2.44907166e+02, 1.76112076e+02, 2.56177307e+02,
    1.59452454e+02, 1.99918930e+02, 1.60575775e+02, 2.11462372e+02,
    1.61681061e+02, 2.22880692e+02, 1.62670380e+02, 2.34282166e+02,
    1.63778595e+02, 2.45619095e+02, 1.64876877e+02, 2.57021301e+02 ]
