%YAML:1.0
---
points: [ 8.41493225e+02, 5.08397064e+02, 8.44160400e+02, 5.42317139e+02,
    8.46743286e+02, 5.75981812e+02, 8.49332336e+02, 6.09463379e+02,
    8.51922852e+02, 6.43048035e+02, 8.54353516e+02, 6.76302612e+02,
    8.08358765e+02, 5.10558228e+02, 8.11231079e+02, 5.44393005e+02,
    8.13587708e+02, 5.77806274e+02, 8.16466187e+02, 6.11402344e+02,
    8.18879944e+02, 6.44638733e+02, 8.21635193e+02, 6.77715576e+02,
    7.75515869e+02, 5.12682434e+02, 7.78316772e+02, 5.46306580e+02,
    7.81039856e+02, 5.79817322e+02, 7.83572571e+02, 6.13036560e+02,
    7.86179565e+02, 6.46288391e+02, 7.88871216e+02, 6.79476990e+02,
    7.42860535e+02, 5.14683289e+02, 7.45611816e+02, 5.48457642e+02,
    7.48502747e+02, 5.81604919e+02, 7.51143799e+02, 6.14775208e+02,
    7.53879211e+02, 6.47894775e+02, 7.56471497e+02, 6.80861145e+02,
    7.10584106e+02, 5.16948730e+02, 7.13366150e+02, 5.50349487e+02,
    7.16291687e+02, 5.83437439e+02, 7.18910156e+02, 6.16535767e+02,
    7.21784912e+02, 6.49519104e+02, 7.24336914e+02, 6.82319946e+02,
    6.78437683e+02, 5.18936584e+02, 6.81385315e+02, 5.52295471e+02,
    6.84420044e+02, 5.85370422e+02, 6.86975342e+02, 6.18266663e+02,
    6.89933472e+02, 6.50976318e+02, 6.92503418e+02, 6.83783264e+02,
    6.46432800e+02, 5.20992859e+02, 6.49422852e+02, 5.54294556e+02,
    6.52368469e+02, 5.87278992e+02, 6.55132446e+02, 6.19867798e+02,
    6.58098877e+02, 6.52787170e+02, 6.60600586e+02, 6.85536011e+02,
    6.14266052e+02, 5.23194946e+02, 6.17107300e+02, 5.56188782e+02,
    6.19872986e+02, 5.89137634e+02, 6.22818420e+02, 6.22052307e+02,
    6.25544067e+02, 6.54672180e+02, 6.28448547e+02, 6.87283875e+02 ]
