%YAML:1.0
---
points: [ 9.87496490e+01, 1.89742172e+02, 1.06038750e+02, 1.86184250e+02,
    1.13175262e+02, 1.82433701e+02, 1.20382912e+02, 1.78840820e+02,
    1.27611816e+02, 1.75119766e+02, 1.34734848e+02, 1.71521896e+02,
    1.02787811e+02, 1.96905304e+02, 1.09907402e+02, 1.93110687e+02,
    1.17114311e+02, 1.89430542e+02, 1.24244972e+02, 1.85792496e+02,
    1.31378723e+02, 1.82146637e+02, 1.38479477e+02, 1.78486557e+02,
    1.06518776e+02, 2.03785080e+02, 1.13709946e+02, 2.00118347e+02,
    1.20963043e+02, 1.96356247e+02, 1.28121948e+02, 1.92750671e+02,
    1.35192352e+02, 1.89087708e+02, 1.42386780e+02, 1.85382294e+02,
    1.10249657e+02, 2.10755417e+02, 1.17554749e+02, 2.07111359e+02,
    1.24773918e+02, 2.03306549e+02, 1.31818359e+02, 1.99669876e+02,
    1.38969482e+02, 1.95999008e+02, 1.46023331e+02, 1.92297089e+02,
    1.14137482e+02, 2.17744827e+02, 1.21340858e+02, 2.14108704e+02,
    1.28473938e+02, 2.10316513e+02, 1.35628571e+02, 2.06621277e+02,
    1.42733719e+02, 2.03009903e+02, 1.49959961e+02, 1.99315613e+02,
    1.17926872e+02, 2.24785538e+02, 1.25106026e+02, 2.21049286e+02,
    1.32360550e+02, 2.17280960e+02, 1.39434982e+02, 2.13520355e+02,
    1.46549667e+02, 2.09914536e+02, 1.53681427e+02, 2.06206299e+02,
    1.21765694e+02, 2.31667847e+02, 1.28966324e+02, 2.27959320e+02,
    1.36097778e+02, 2.24248657e+02, 1.43155182e+02, 2.20528458e+02,
    1.50324570e+02, 2.16781509e+02, 1.57352158e+02, 2.13150497e+02,
    1.25626236e+02, 2.38625305e+02, 1.32691223e+02, 2.34880508e+02,
    1.39868515e+02, 2.31100250e+02, 1.47008240e+02, 2.27410980e+02,
    1.54058258e+02, 2.23589096e+02, 1.61103714e+02, 2.19949814e+02 ]
