%YAML:1.0
---
points: [ 2.38980148e+02, 1.94199142e+02, 2.40019653e+02, 2.05962814e+02,
    2.40984207e+02, 2.17578262e+02, 2.41877380e+02, 2.29182007e+02,
    2.42821472e+02, 2.40754913e+02, 2.43814224e+02, 2.52308319e+02,
    2.27393402e+02, 1.95066406e+02, 2.28410690e+02, 2.06730667e+02,
    2.29405472e+02, 2.18409073e+02, 2.30394318e+02, 2.29996033e+02,
    2.31375671e+02, 2.41439880e+02, 2.32321121e+02, 2.53025665e+02,
    2.15972580e+02, 1.95879547e+02, 2.17063446e+02, 2.07546631e+02,
    2.18038162e+02, 2.19189758e+02, 2.18986404e+02, 2.30649017e+02,
    2.19922638e+02, 2.42204880e+02, 2.20941132e+02, 2.53650650e+02,
    2.04500992e+02, 1.96685928e+02, 2.05618469e+02, 2.08342606e+02,
    2.06586197e+02, 2.19845840e+02, 2.07660690e+02, 2.31367630e+02,
    2.08588608e+02, 2.42831497e+02, 2.09585464e+02, 2.54272430e+02,
    1.93200592e+02, 1.97479858e+02, 1.94283661e+02, 2.09122787e+02,
    1.95346313e+02, 2.20602844e+02, 1.96338547e+02, 2.32127197e+02,
    1.97339508e+02, 2.43498199e+02, 1.98389114e+02, 2.54901871e+02,
    1.82017715e+02, 1.98281204e+02, 1.83051117e+02, 2.09891037e+02,
    1.84157669e+02, 2.21372742e+02, 1.85254379e+02, 2.32807693e+02,
    1.86251373e+02, 2.44220657e+02, 1.87205017e+02, 2.55461151e+02,
    1.70807709e+02, 1.99160965e+02, 1.71893799e+02, 2.10645554e+02,
    1.72948624e+02, 2.22161804e+02, 1.74050217e+02, 2.33512512e+02,
    1.75074936e+02, 2.44965240e+02, 1.76095001e+02, 2.56217834e+02,
    1.59532547e+02, 1.99935120e+02, 1.60574799e+02, 2.11491730e+02,
    1.61687714e+02, 2.22895355e+02, 1.62717102e+02, 2.34293533e+02,
    1.63794815e+02, 2.45618073e+02, 1.64889069e+02, 2.57002869e+02 ]
