%YAML:1.0
---
points: [ 8.41459167e+02, 5.08421112e+02, 8.44184631e+02, 5.42393860e+02,
    8.46779358e+02, 5.75967590e+02, 8.49290833e+02, 6.09473267e+02,
    8.51928162e+02, 6.43034363e+02, 8.54318848e+02, 6.76364868e+02,
    8.08345154e+02, 5.10591187e+02, 8.11235962e+02, 5.44406433e+02,
    8.13605835e+02, 5.77829285e+02, 8.16464233e+02, 6.11435364e+02,
    8.18906189e+02, 6.44667358e+02, 8.21639160e+02, 6.77766296e+02,
    7.75507446e+02, 5.12663208e+02, 7.78300781e+02, 5.46336609e+02,
    7.81065125e+02, 5.79798462e+02, 7.83583984e+02, 6.13128845e+02,
    7.86217163e+02, 6.46352966e+02, 7.88897400e+02, 6.79569641e+02,
    7.42941711e+02, 5.14682739e+02, 7.45600098e+02, 5.48462769e+02,
    7.48466492e+02, 5.81626282e+02, 7.51168274e+02, 6.14734863e+02,
    7.53907654e+02, 6.47966309e+02, 7.56453003e+02, 6.80903564e+02,
    7.10554565e+02, 5.17016357e+02, 7.13366516e+02, 5.50401245e+02,
    7.16293945e+02, 5.83461426e+02, 7.18874512e+02, 6.16577454e+02,
    7.21793701e+02, 6.49514099e+02, 7.24377991e+02, 6.82370728e+02,
    6.78462158e+02, 5.19047241e+02, 6.81395996e+02, 5.52291199e+02,
    6.84389343e+02, 5.85456055e+02, 6.87026672e+02, 6.18354736e+02,
    6.90055725e+02, 6.51062256e+02, 6.92526672e+02, 6.83852112e+02,
    6.46453430e+02, 5.20988037e+02, 6.49418945e+02, 5.54304016e+02,
    6.52411743e+02, 5.87298401e+02, 6.55182251e+02, 6.19906494e+02,
    6.58099060e+02, 6.52875977e+02, 6.60625916e+02, 6.85600342e+02,
    6.14329895e+02, 5.23236084e+02, 6.17148132e+02, 5.56160278e+02,
    6.19892395e+02, 5.89229187e+02, 6.22829468e+02, 6.22069458e+02,
    6.25545532e+02, 6.54706543e+02, 6.28421143e+02, 6.87318481e+02 ]
