%YAML:1.0
---
points: [ 2.31159332e+02, 1.32673553e+02, 2.32175781e+02, 1.44822815e+02,
    2.33174423e+02, 1.56943100e+02, 2.34131989e+02, 1.68834534e+02,
    2.35048233e+02, 1.80839172e+02, 2.36064667e+02, 1.92623840e+02,
    2.19367188e+02, 1.33711258e+02, 2.20420776e+02, 1.45857529e+02,
    2.21409500e+02, 1.57829483e+02, 2.22412872e+02, 1.69755295e+02,
    2.23387863e+02, 1.81641251e+02, 2.24366547e+02, 1.93431686e+02,
    2.07677490e+02, 1.34669174e+02, 2.08727325e+02, 1.46805038e+02,
    2.09756531e+02, 1.58707367e+02, 2.10767197e+02, 1.70611496e+02,
    2.11786057e+02, 1.82421143e+02, 2.12796432e+02, 1.94206070e+02,
    1.96091476e+02, 1.35695374e+02, 1.97150772e+02, 1.47704636e+02,
    1.98203339e+02, 1.59639786e+02, 1.99294647e+02, 1.71463760e+02,
    2.00254807e+02, 1.83278625e+02, 2.01289444e+02, 1.95078461e+02,
    1.84517365e+02, 1.36618683e+02, 1.85630859e+02, 1.48646881e+02,
    1.86753204e+02, 1.60520187e+02, 1.87793076e+02, 1.72344955e+02,
    1.88902588e+02, 1.84156998e+02, 1.89938126e+02, 1.95797775e+02,
    1.73051788e+02, 1.37629639e+02, 1.74208450e+02, 1.49593307e+02,
    1.75333572e+02, 1.61434097e+02, 1.76395111e+02, 1.73215469e+02,
    1.77499252e+02, 1.84890015e+02, 1.78580215e+02, 1.96564438e+02,
    1.61628342e+02, 1.38496552e+02, 1.62842545e+02, 1.50437866e+02,
    1.63975601e+02, 1.62336411e+02, 1.65052582e+02, 1.74097443e+02,
    1.66178268e+02, 1.85704910e+02, 1.68111862e+02, 1.98594696e+02,
    1.50199493e+02, 1.39481842e+02, 1.51364761e+02, 1.51399933e+02,
    1.52351135e+02, 1.63222473e+02, 1.53563812e+02, 1.74854507e+02,
    1.54657104e+02, 1.86522446e+02, 1.55799316e+02, 1.98228653e+02 ]
