%YAML:1.0
---
points: [ 8.19875061e+02, 3.31460388e+02, 8.22580688e+02, 3.66371613e+02,
    8.25132385e+02, 4.01268738e+02, 8.27680603e+02, 4.35352661e+02,
    8.30101074e+02, 4.69792969e+02, 8.32646851e+02, 5.03844727e+02,
    7.86296326e+02, 3.34186554e+02, 7.89069153e+02, 3.68915466e+02,
    7.91565552e+02, 4.03442627e+02, 7.94341248e+02, 4.37697662e+02,
    7.96764282e+02, 4.71888397e+02, 7.99461609e+02, 5.06085388e+02,
    7.52789490e+02, 3.36581635e+02, 7.55522522e+02, 3.71354523e+02,
    7.58302002e+02, 4.05807983e+02, 7.60830627e+02, 4.39965088e+02,
    7.63639709e+02, 4.74154907e+02, 7.66187561e+02, 5.08017792e+02,
    7.19530457e+02, 3.39254486e+02, 7.22456238e+02, 3.73784393e+02,
    7.25297791e+02, 4.08130402e+02, 7.27971252e+02, 4.42279724e+02,
    7.30704712e+02, 4.76215729e+02, 7.33440369e+02, 5.09981628e+02,
    6.86468933e+02, 3.41656708e+02, 6.89580872e+02, 3.76258850e+02,
    6.92294250e+02, 4.10444489e+02, 6.95320557e+02, 4.44442383e+02,
    6.98003235e+02, 4.78301117e+02, 7.00916138e+02, 5.12029419e+02,
    6.53753906e+02, 3.44335510e+02, 6.56762085e+02, 3.78579681e+02,
    6.59809265e+02, 4.12815186e+02, 6.62746155e+02, 4.46515991e+02,
    6.65593506e+02, 4.80411804e+02, 6.68583679e+02, 5.13871704e+02,
    6.21137939e+02, 3.46535553e+02, 6.24197205e+02, 3.81075256e+02,
    6.27216125e+02, 4.14847229e+02, 6.30202087e+02, 4.48799530e+02,
    6.33164124e+02, 4.82343384e+02, 6.35931152e+02, 5.15917725e+02,
    5.88285156e+02, 3.49191284e+02, 5.91205505e+02, 3.83196625e+02,
    5.94396423e+02, 4.17148529e+02, 5.97117126e+02, 4.50703522e+02,
    6.00235535e+02, 4.84424988e+02, 6.03092285e+02, 5.17967102e+02 ]
