%YAML:1.0
---
points: [ 2.31175934e+02, 1.32691757e+02, 2.32179840e+02, 1.44847046e+02,
    2.33185303e+02, 1.56967728e+02, 2.34109146e+02, 1.68849472e+02,
    2.35025726e+02, 1.80780243e+02, 2.36058304e+02, 1.92633881e+02,
    2.19388321e+02, 1.33747604e+02, 2.20426941e+02, 1.45882019e+02,
    2.21407074e+02, 1.57806824e+02, 2.22416992e+02, 1.69789368e+02,
    2.23392273e+02, 1.81640106e+02, 2.24324478e+02, 1.93443268e+02,
    2.07691528e+02, 1.34675812e+02, 2.08737900e+02, 1.46806305e+02,
    2.09756165e+02, 1.58744049e+02, 2.10790695e+02, 1.70651077e+02,
    2.11818298e+02, 1.82456833e+02, 2.12839859e+02, 1.94229767e+02,
    1.96114792e+02, 1.35723907e+02, 1.97167648e+02, 1.47720612e+02,
    1.98209793e+02, 1.59658798e+02, 1.99249069e+02, 1.71472366e+02,
    2.00284134e+02, 1.83326813e+02, 2.01318817e+02, 1.95078552e+02,
    1.84497925e+02, 1.36613144e+02, 1.85631210e+02, 1.48664597e+02,
    1.86757614e+02, 1.60541565e+02, 1.87845718e+02, 1.72377411e+02,
    1.88901901e+02, 1.84168243e+02, 1.89934677e+02, 1.95816208e+02,
    1.73020615e+02, 1.37680161e+02, 1.74235840e+02, 1.49598969e+02,
    1.75310745e+02, 1.61482269e+02, 1.76412933e+02, 1.73252472e+02,
    1.77496368e+02, 1.84939270e+02, 1.78561981e+02, 1.96532562e+02,
    1.61679260e+02, 1.38577606e+02, 1.62837753e+02, 1.50473145e+02,
    1.63961792e+02, 1.62330307e+02, 1.65093369e+02, 1.74065292e+02,
    1.66182220e+02, 1.85757034e+02, 1.67239761e+02, 1.97375259e+02,
    1.50165009e+02, 1.39522095e+02, 1.51360641e+02, 1.51384476e+02,
    1.52406982e+02, 1.63196899e+02, 1.53572449e+02, 1.74880798e+02,
    1.54642426e+02, 1.86549774e+02, 1.55764099e+02, 1.98258774e+02 ]
