%YAML:1.0
---
points: [ 8.19829041e+02, 3.31520386e+02, 8.22607239e+02, 3.66405151e+02,
    8.25146851e+02, 4.01324493e+02, 8.27726440e+02, 4.35370483e+02,
    8.30126526e+02, 4.69823853e+02, 8.32658630e+02, 5.03873932e+02,
    7.86304382e+02, 3.34206879e+02, 7.89062866e+02, 3.68956146e+02,
    7.91581177e+02, 4.03507660e+02, 7.94364380e+02, 4.37739044e+02,
    7.96761475e+02, 4.71923523e+02, 7.99501770e+02, 5.06152008e+02,
    7.52828308e+02, 3.36649689e+02, 7.55546326e+02, 3.71368195e+02,
    7.58328857e+02, 4.05887390e+02, 7.60865540e+02, 4.40051514e+02,
    7.63687195e+02, 4.74211151e+02, 7.66212158e+02, 5.08056763e+02,
    7.19539734e+02, 3.39306366e+02, 7.22500916e+02, 3.73876953e+02,
    7.25328247e+02, 4.08155609e+02, 7.27982605e+02, 4.42312042e+02,
    7.30746582e+02, 4.76245636e+02, 7.33456787e+02, 5.10043152e+02,
    6.86493286e+02, 3.41714874e+02, 6.89578674e+02, 3.76307739e+02,
    6.92305542e+02, 4.10461060e+02, 6.95388916e+02, 4.44484772e+02,
    6.97985474e+02, 4.78331329e+02, 7.00916443e+02, 5.12076660e+02,
    6.53769470e+02, 3.44374756e+02, 6.56788208e+02, 3.78585327e+02,
    6.59833801e+02, 4.12829437e+02, 6.62839050e+02, 4.46530121e+02,
    6.65594849e+02, 4.80439178e+02, 6.68596191e+02, 5.13905457e+02,
    6.21182617e+02, 3.46588501e+02, 6.24226379e+02, 3.81100281e+02,
    6.27273560e+02, 4.14963715e+02, 6.30223877e+02, 4.48837738e+02,
    6.33174194e+02, 4.82410248e+02, 6.35990173e+02, 5.16023376e+02,
    5.88306885e+02, 3.49172455e+02, 5.91251038e+02, 3.83235657e+02,
    5.94395691e+02, 4.17186829e+02, 5.97128723e+02, 4.50740723e+02,
    6.00248657e+02, 4.84485016e+02, 6.03093628e+02, 5.18013611e+02 ]
