%YAML:1.0
---
points: [ 1.99231659e+02, 1.68956100e+02, 2.05573654e+02, 1.65485443e+02,
    2.12117554e+02, 1.62294098e+02, 2.18483078e+02, 1.59050735e+02,
    2.24983566e+02, 1.55633484e+02, 2.31551102e+02, 1.52633255e+02,
    2.02455978e+02, 1.75348724e+02, 2.09119629e+02, 1.72068695e+02,
    2.15671677e+02, 1.68765793e+02, 2.22045013e+02, 1.65522720e+02,
    2.28537537e+02, 1.62216522e+02, 2.34431580e+02, 1.58961731e+02,
    2.06349442e+02, 1.82196823e+02, 2.12512268e+02, 1.78672821e+02,
    2.19096191e+02, 1.75227936e+02, 2.25605453e+02, 1.71911270e+02,
    2.31855255e+02, 1.68726303e+02, 2.38324722e+02, 1.65486465e+02,
    2.09618332e+02, 1.88494598e+02, 2.16235641e+02, 1.85135849e+02,
    2.22746735e+02, 1.81837524e+02, 2.28806458e+02, 1.78542648e+02,
    2.35484680e+02, 1.75013077e+02, 2.41163696e+02, 1.71843613e+02,
    2.13401184e+02, 1.95405380e+02, 2.19690018e+02, 1.91675644e+02,
    2.25926254e+02, 1.88437881e+02, 2.32465118e+02, 1.84864471e+02,
    2.38752228e+02, 1.81554398e+02, 2.45015167e+02, 1.78094620e+02,
    2.16669632e+02, 2.01673828e+02, 2.22997238e+02, 1.98299759e+02,
    2.29498276e+02, 1.94789047e+02, 2.35783356e+02, 1.91535645e+02,
    2.42100052e+02, 1.88011887e+02, 2.48017136e+02, 1.84779144e+02,
    2.20419601e+02, 2.08069107e+02, 2.26478302e+02, 2.04620041e+02,
    2.33024536e+02, 2.01126129e+02, 2.39219940e+02, 1.97709625e+02,
    2.45642059e+02, 1.94472656e+02, 2.51848297e+02, 1.91151260e+02,
    2.23592865e+02, 2.14227005e+02, 2.29880356e+02, 2.11102707e+02,
    2.36370529e+02, 2.07308655e+02, 2.42567307e+02, 2.04274307e+02,
    2.48944580e+02, 2.00400528e+02, 2.54670120e+02, 1.97380432e+02 ]
