%YAML:1.0
---
points: [ 1.19858594e+03, 3.58781860e+02, 1.21888232e+03, 3.59676880e+02,
    1.23894482e+03, 3.60661957e+02, 1.25885278e+03, 3.61500336e+02,
    1.27864490e+03, 3.62456604e+02, 1.29824243e+03, 3.63364166e+02,
    1.19652271e+03, 3.80775024e+02, 1.21675635e+03, 3.81625244e+02,
    1.23686414e+03, 3.82437286e+02, 1.25660559e+03, 3.83202271e+02,
    1.27636316e+03, 3.84073792e+02, 1.29611682e+03, 3.84946472e+02,
    1.19484302e+03, 4.02595154e+02, 1.21503296e+03, 4.03343018e+02,
    1.23487305e+03, 4.03977783e+02, 1.25471057e+03, 4.04726776e+02,
    1.27452869e+03, 4.05496674e+02, 1.29419727e+03, 4.06338715e+02,
    1.19336023e+03, 4.24279083e+02, 1.21338782e+03, 4.24818542e+02,
    1.23336975e+03, 4.25406403e+02, 1.25308838e+03, 4.26121429e+02,
    1.27267273e+03, 4.26799927e+02, 1.29218237e+03, 4.27481384e+02,
    1.19170276e+03, 4.45659851e+02, 1.21179785e+03, 4.46309265e+02,
    1.23173242e+03, 4.46819550e+02, 1.25137964e+03, 4.47416718e+02,
    1.27087415e+03, 4.48128357e+02, 1.29042981e+03, 4.48600128e+02,
    1.19030957e+03, 4.67153381e+02, 1.21039343e+03, 4.67573730e+02,
    1.23000732e+03, 4.68164642e+02, 1.24957837e+03, 4.68633942e+02,
    1.26923792e+03, 4.69165863e+02, 1.28859241e+03, 4.69606049e+02,
    1.18863574e+03, 4.88376038e+02, 1.20853247e+03, 4.88692200e+02,
    1.22828577e+03, 4.89175659e+02, 1.24796777e+03, 4.89624146e+02,
    1.26739160e+03, 4.90127777e+02, 1.28663965e+03, 4.90504089e+02,
    1.18698499e+03, 5.09425262e+02, 1.20696606e+03, 5.09843689e+02,
    1.22663062e+03, 5.10220520e+02, 1.24607117e+03, 5.10512207e+02,
    1.26550720e+03, 5.10800598e+02, 1.28485474e+03, 5.11140930e+02 ]
