%YAML:1.0
---
points: [ 4.41581970e+02, 3.74681915e+02, 4.44739502e+02, 4.08724976e+02,
    4.48146698e+02, 4.42528168e+02, 4.51179810e+02, 4.76263550e+02,
    4.54252930e+02, 5.09589233e+02, 4.57333740e+02, 5.43301025e+02,
    4.08720459e+02, 3.76914459e+02, 4.12110260e+02, 4.11074890e+02,
    4.15374969e+02, 4.44802582e+02, 4.18443878e+02, 4.78357086e+02,
    4.21738770e+02, 5.11831665e+02, 4.24633423e+02, 5.45280396e+02,
    3.75990723e+02, 3.79365845e+02, 3.79482605e+02, 4.13128601e+02,
    3.82587677e+02, 4.46771637e+02, 3.85758209e+02, 4.80432404e+02,
    3.88868866e+02, 5.13779236e+02, 3.92002808e+02, 5.47286316e+02,
    3.43688629e+02, 3.81549103e+02, 3.47146912e+02, 4.15357605e+02,
    3.50240173e+02, 4.49031097e+02, 3.53513397e+02, 4.82381226e+02,
    3.56676697e+02, 5.15862366e+02, 3.59864227e+02, 5.49335083e+02,
    3.11428436e+02, 3.83610596e+02, 3.14823975e+02, 4.17637726e+02,
    3.18085785e+02, 4.51164764e+02, 3.21479767e+02, 4.84534241e+02,
    3.24558533e+02, 5.17858887e+02, 3.27892090e+02, 5.51032593e+02,
    2.79441986e+02, 3.86113800e+02, 2.82649689e+02, 4.19645874e+02,
    2.86278687e+02, 4.53367401e+02, 2.89619110e+02, 4.86565704e+02,
    2.92861023e+02, 5.19850891e+02, 2.96199982e+02, 5.53227478e+02,
    2.47375916e+02, 3.88200562e+02, 2.50737732e+02, 4.21924683e+02,
    2.54202026e+02, 4.55337555e+02, 2.57467896e+02, 4.88593445e+02,
    2.60624054e+02, 5.21997925e+02, 2.64078247e+02, 5.55038513e+02,
    2.15095078e+02, 3.90509186e+02, 2.18307800e+02, 4.24047180e+02,
    2.21514587e+02, 4.57371796e+02, 2.24633148e+02, 4.90644348e+02,
    2.27855988e+02, 5.23990051e+02, 2.31364075e+02, 5.57009766e+02 ]
