%YAML:1.0
---
points: [ 9.94577026e+01, 1.48940887e+02, 1.00678055e+02, 1.60763412e+02,
    1.01849030e+02, 1.72587967e+02, 1.02977524e+02, 1.84153336e+02,
    1.04149094e+02, 1.95830994e+02, 1.05243164e+02, 2.07427032e+02,
    8.81469345e+01, 1.49919937e+02, 8.93408127e+01, 1.61723557e+02,
    9.05377884e+01, 1.73359360e+02, 9.16904068e+01, 1.85008591e+02,
    9.28308945e+01, 1.96623383e+02, 9.39846954e+01, 2.08295059e+02,
    7.71240082e+01, 1.50884598e+02, 7.82241821e+01, 1.62631409e+02,
    7.92855301e+01, 1.74262589e+02, 8.04695969e+01, 1.85822952e+02,
    8.15388794e+01, 1.97532883e+02, 8.27514191e+01, 2.08983505e+02,
    6.60343552e+01, 1.51860901e+02, 6.72126999e+01, 1.63623428e+02,
    6.83922958e+01, 1.75100067e+02, 6.94611282e+01, 1.86704208e+02,
    7.06771622e+01, 1.98250885e+02, 7.18060608e+01, 2.09781723e+02,
    5.53644562e+01, 1.52913620e+02, 5.64433212e+01, 1.64388748e+02,
    5.75292206e+01, 1.76010605e+02, 5.87205849e+01, 1.87541840e+02,
    5.97871475e+01, 1.99024277e+02, 6.09967270e+01, 2.10610901e+02,
    4.46306992e+01, 1.53821884e+02, 4.57925072e+01, 1.65553589e+02,
    4.68685036e+01, 1.76927048e+02, 4.79586449e+01, 1.88500778e+02,
    4.92114105e+01, 1.99865036e+02, 5.03386459e+01, 2.11456985e+02,
    3.42749786e+01, 1.54926331e+02, 3.52966309e+01, 1.66286652e+02,
    3.64548645e+01, 1.77917206e+02, 3.74760742e+01, 1.89308563e+02,
    3.85828972e+01, 2.00733505e+02, 3.98275223e+01, 2.11975922e+02,
    2.38600941e+01, 1.55841888e+02, 2.48720093e+01, 1.67485077e+02,
    2.58139458e+01, 1.78695068e+02, 2.68986759e+01, 1.90214188e+02,
    2.79283810e+01, 2.01464615e+02, 2.90800247e+01, 2.12913177e+02 ]
