%YAML:1.0
---
points: [ 1.67773938e+03, 4.13254852e+02, 1.70071582e+03, 4.13268311e+02,
    1.72347717e+03, 4.13145294e+02, 1.74624121e+03, 4.13100342e+02,
    1.76882019e+03, 4.12971863e+02, 1.79129041e+03, 4.13005646e+02,
    1.67484204e+03, 4.36552094e+02, 1.69754785e+03, 4.36466431e+02,
    1.72054431e+03, 4.36361633e+02, 1.74314709e+03, 4.36320374e+02,
    1.76570349e+03, 4.36253571e+02, 1.78856396e+03, 4.36204956e+02,
    1.67242773e+03, 4.59706512e+02, 1.69525781e+03, 4.59630402e+02,
    1.71779761e+03, 4.59538818e+02, 1.74054846e+03, 4.59499268e+02,
    1.76336353e+03, 4.59371338e+02, 1.78588806e+03, 4.59265991e+02,
    1.67034607e+03, 4.82652557e+02, 1.69313892e+03, 4.82566498e+02,
    1.71578760e+03, 4.82466003e+02, 1.73837012e+03, 4.82354065e+02,
    1.76080286e+03, 4.82211914e+02, 1.78352832e+03, 4.82149719e+02,
    1.66820276e+03, 5.05698639e+02, 1.69091968e+03, 5.05554382e+02,
    1.71341357e+03, 5.05405731e+02, 1.73606934e+03, 5.05213959e+02,
    1.75855627e+03, 5.05088501e+02, 1.78093835e+03, 5.04929443e+02,
    1.66614490e+03, 5.28517944e+02, 1.68881958e+03, 5.28409973e+02,
    1.71140576e+03, 5.28198486e+02, 1.73362988e+03, 5.28034668e+02,
    1.75609277e+03, 5.27846497e+02, 1.77865100e+03, 5.27701843e+02,
    1.66393396e+03, 5.50992737e+02, 1.68645190e+03, 5.50799133e+02,
    1.70890686e+03, 5.50656555e+02, 1.73142676e+03, 5.50526062e+02,
    1.75371265e+03, 5.50478638e+02, 1.77604089e+03, 5.50348938e+02,
    1.66159985e+03, 5.73541748e+02, 1.68431421e+03, 5.73323792e+02,
    1.70662720e+03, 5.73199341e+02, 1.72878943e+03, 5.72967957e+02,
    1.75124548e+03, 5.72778748e+02, 1.77362964e+03, 5.72553833e+02 ]
