%YAML:1.0
---
points: [ 4.41619415e+02, 3.74738617e+02, 4.44768921e+02, 4.08737152e+02,
    4.48185608e+02, 4.42583771e+02, 4.51226562e+02, 4.76240875e+02,
    4.54275208e+02, 5.09636841e+02, 4.57381714e+02, 5.43329529e+02,
    4.08751099e+02, 3.76957489e+02, 4.12148621e+02, 4.11068634e+02,
    4.15381927e+02, 4.44791840e+02, 4.18457275e+02, 4.78377899e+02,
    4.21802032e+02, 5.11869690e+02, 4.24671356e+02, 5.45306885e+02,
    3.76068848e+02, 3.79357361e+02, 3.79543427e+02, 4.13142761e+02,
    3.82620331e+02, 4.46768066e+02, 3.85824432e+02, 4.80438354e+02,
    3.88864441e+02, 5.13832886e+02, 3.92035950e+02, 5.47268616e+02,
    3.43711884e+02, 3.81574219e+02, 3.47161682e+02, 4.15380188e+02,
    3.50324890e+02, 4.49083710e+02, 3.53556671e+02, 4.82411163e+02,
    3.56692352e+02, 5.15893494e+02, 3.59939850e+02, 5.49310608e+02,
    3.11462952e+02, 3.83627350e+02, 3.14831146e+02, 4.17632233e+02,
    3.18116180e+02, 4.51198914e+02, 3.21527161e+02, 4.84561829e+02,
    3.24577850e+02, 5.17886902e+02, 3.27918396e+02, 5.51086670e+02,
    2.79427521e+02, 3.86105957e+02, 2.82701569e+02, 4.19682617e+02,
    2.86279175e+02, 4.53357208e+02, 2.89636505e+02, 4.86576752e+02,
    2.92851898e+02, 5.19878662e+02, 2.96192230e+02, 5.53159424e+02,
    2.47467300e+02, 3.88234222e+02, 2.50834641e+02, 4.21961853e+02,
    2.54258835e+02, 4.55372925e+02, 2.57531677e+02, 4.88641907e+02,
    2.60656342e+02, 5.22004395e+02, 2.64098724e+02, 5.55086365e+02,
    2.15124527e+02, 3.90512604e+02, 2.18314713e+02, 4.24090210e+02,
    2.21600204e+02, 4.57397125e+02, 2.24704926e+02, 4.90681610e+02,
    2.27875381e+02, 5.23996887e+02, 2.31432358e+02, 5.57075195e+02 ]
