%YAML:1.0
---
points: [ 9.94519272e+01, 1.48952957e+02, 1.00670280e+02, 1.60772308e+02,
    1.01850410e+02, 1.72576553e+02, 1.02952408e+02, 1.84170639e+02,
    1.04134155e+02, 1.95808441e+02, 1.05242676e+02, 2.07448563e+02,
    8.81557922e+01, 1.49941055e+02, 8.93550797e+01, 1.61700851e+02,
    9.05411911e+01, 1.73370789e+02, 9.16813278e+01, 1.85007278e+02,
    9.28463440e+01, 1.96634415e+02, 9.39917984e+01, 2.08271088e+02,
    7.71667862e+01, 1.50899628e+02, 7.81951981e+01, 1.62602936e+02,
    7.93211288e+01, 1.74278412e+02, 8.05312347e+01, 1.85824463e+02,
    8.15750732e+01, 1.97564117e+02, 8.27519073e+01, 2.09009460e+02,
    6.60589218e+01, 1.51823700e+02, 6.72528839e+01, 1.63656723e+02,
    6.83909302e+01, 1.75121933e+02, 6.94661102e+01, 1.86709549e+02,
    7.06625214e+01, 1.98264984e+02, 7.17893219e+01, 2.09747589e+02,
    5.53758621e+01, 1.52908691e+02, 5.64357376e+01, 1.64420746e+02,
    5.75414658e+01, 1.76021286e+02, 5.87525063e+01, 1.87545837e+02,
    5.98090286e+01, 1.99077576e+02, 6.10097046e+01, 2.10597672e+02,
    4.46383858e+01, 1.53846802e+02, 4.58407440e+01, 1.65551682e+02,
    4.68638878e+01, 1.76924423e+02, 4.79632721e+01, 1.88485764e+02,
    4.92207909e+01, 1.99852661e+02, 5.03471756e+01, 2.11441147e+02,
    3.42816963e+01, 1.54933731e+02, 3.53136711e+01, 1.66280045e+02,
    3.64654808e+01, 1.77903900e+02, 3.74776230e+01, 1.89277618e+02,
    3.85987473e+01, 2.00716278e+02, 3.98349991e+01, 2.12002884e+02,
    2.38775139e+01, 1.55826721e+02, 2.48936272e+01, 1.67465393e+02,
    2.58165474e+01, 1.78694122e+02, 2.69224167e+01, 1.90226379e+02,
    2.79213448e+01, 2.01492249e+02, 2.90799046e+01, 2.12922379e+02 ]
