%YAML:1.0
---
points: [ 4.17909790e+02, 5.31679871e+02, 4.21373260e+02, 5.65445557e+02,
    4.24357849e+02, 5.98789185e+02, 4.27539490e+02, 6.32334290e+02,
    4.30596069e+02, 6.65596069e+02, 4.33626709e+02, 6.98762695e+02,
    3.84772980e+02, 5.34027283e+02, 3.88035065e+02, 5.67604553e+02,
    3.91351105e+02, 6.01241516e+02, 3.94563568e+02, 6.34466980e+02,
    3.97603760e+02, 6.67706238e+02, 4.00801483e+02, 7.01186035e+02,
    3.51490234e+02, 5.36298645e+02, 3.55016998e+02, 5.69968018e+02,
    3.58251068e+02, 6.03333191e+02, 3.61369751e+02, 6.36691711e+02,
    3.64542450e+02, 6.70176636e+02, 3.67578735e+02, 7.03338745e+02,
    3.18608612e+02, 5.38666687e+02, 3.22245911e+02, 5.72186951e+02,
    3.25411499e+02, 6.05640869e+02, 3.28594330e+02, 6.38858459e+02,
    3.31888123e+02, 6.71998047e+02, 3.34987549e+02, 7.05382629e+02,
    2.85861633e+02, 5.40680359e+02, 2.89429016e+02, 5.74442627e+02,
    2.92642609e+02, 6.07700928e+02, 2.96207855e+02, 6.41035950e+02,
    2.99252625e+02, 6.74366577e+02, 3.02575836e+02, 7.07400269e+02,
    2.53437393e+02, 5.43154663e+02, 2.56786163e+02, 5.76508118e+02,
    2.60363007e+02, 6.09798584e+02, 2.63782379e+02, 6.43319031e+02,
    2.67020416e+02, 6.76248657e+02, 2.70429840e+02, 7.09299438e+02,
    2.20766373e+02, 5.45367310e+02, 2.24377213e+02, 5.78776611e+02,
    2.27837555e+02, 6.12200500e+02, 2.31111145e+02, 6.45263794e+02,
    2.34313217e+02, 6.78408264e+02, 2.37664795e+02, 7.11632324e+02,
    1.87753830e+02, 5.47596558e+02, 1.91282135e+02, 5.81085022e+02,
    1.94471100e+02, 6.14295410e+02, 1.97712891e+02, 6.47531921e+02,
    2.00991364e+02, 6.80694214e+02, 2.04474091e+02, 7.13708557e+02 ]
