%YAML:1.0
---
points: [ 9.18250961e+01, 2.03658524e+02, 9.30250931e+01, 2.15225632e+02,
    9.42791901e+01, 2.26863953e+02, 9.54016418e+01, 2.38422882e+02,
    9.66334152e+01, 2.49974792e+02, 9.77708359e+01, 2.61456909e+02,
    8.03930435e+01, 2.04546997e+02, 8.16529922e+01, 2.16134689e+02,
    8.28934250e+01, 2.27710785e+02, 8.41091461e+01, 2.39308853e+02,
    8.52926254e+01, 2.50766022e+02, 8.65163956e+01, 2.62348389e+02,
    6.91956406e+01, 2.05484528e+02, 7.03796310e+01, 2.16976028e+02,
    7.15787735e+01, 2.28647873e+02, 7.28623657e+01, 2.40042679e+02,
    7.40646667e+01, 2.51703003e+02, 7.53048096e+01, 2.62989105e+02,
    5.80568123e+01, 2.06253433e+02, 5.94104652e+01, 2.17904022e+02,
    6.05618095e+01, 2.29435242e+02, 6.17433281e+01, 2.40884140e+02,
    6.30064240e+01, 2.52424332e+02, 6.42918625e+01, 2.63771301e+02,
    4.71835365e+01, 2.07199097e+02, 4.84875641e+01, 2.18704086e+02,
    4.96795006e+01, 2.30283920e+02, 5.09522018e+01, 2.41688141e+02,
    5.22498856e+01, 2.53146790e+02, 5.34975281e+01, 2.64475250e+02,
    3.64697990e+01, 2.07992538e+02, 3.77882690e+01, 2.19720779e+02,
    3.89767799e+01, 2.30959946e+02, 4.02556610e+01, 2.42537598e+02,
    4.15816154e+01, 2.53758240e+02, 4.28868103e+01, 2.65179230e+02,
    2.60416145e+01, 2.08986755e+02, 2.71993713e+01, 2.20407623e+02,
    2.84898281e+01, 2.31858658e+02, 2.96660023e+01, 2.43153564e+02,
    3.09406605e+01, 2.54612503e+02, 3.22830887e+01, 2.65791138e+02,
    1.55069008e+01, 2.09768433e+02, 1.67023830e+01, 2.21269852e+02,
    1.78699074e+01, 2.32572098e+02, 1.91504898e+01, 2.43993271e+02,
    2.03789539e+01, 2.55189758e+02, 2.17688847e+01, 2.66656616e+02 ]
