%YAML:1.0
---
points: [ 9.18106308e+01, 2.03646957e+02, 9.29902115e+01, 2.15249435e+02,
    9.42662582e+01, 2.26855255e+02, 9.53909302e+01, 2.38379532e+02,
    9.66601868e+01, 2.49959122e+02, 9.77848969e+01, 2.61470703e+02,
    8.04102020e+01, 2.04531662e+02, 8.16474457e+01, 2.16096344e+02,
    8.28916855e+01, 2.27704483e+02, 8.41149750e+01, 2.39311188e+02,
    8.52560043e+01, 2.50787781e+02, 8.65038757e+01, 2.62347748e+02,
    6.91911926e+01, 2.05435760e+02, 7.03754425e+01, 2.16950546e+02,
    7.15727158e+01, 2.28620499e+02, 7.28758926e+01, 2.40026947e+02,
    7.40856323e+01, 2.51677338e+02, 7.53298187e+01, 2.63022217e+02,
    5.80666924e+01, 2.06266220e+02, 5.94123230e+01, 2.17907715e+02,
    6.05766983e+01, 2.29449051e+02, 6.17528610e+01, 2.40871338e+02,
    6.30057411e+01, 2.52377335e+02, 6.42661743e+01, 2.63735535e+02,
    4.72080574e+01, 2.07171967e+02, 4.85038986e+01, 2.18679657e+02,
    4.96721725e+01, 2.30278519e+02, 5.09481926e+01, 2.41665802e+02,
    5.22577934e+01, 2.53149750e+02, 5.35052719e+01, 2.64429321e+02,
    3.65069695e+01, 2.07941589e+02, 3.77809105e+01, 2.19703506e+02,
    3.89677887e+01, 2.30945984e+02, 4.02406044e+01, 2.42509537e+02,
    4.15965538e+01, 2.53753067e+02, 4.28993225e+01, 2.65158356e+02,
    2.60517311e+01, 2.08949341e+02, 2.71820850e+01, 2.20379944e+02,
    2.84667377e+01, 2.31844940e+02, 2.96836929e+01, 2.43139236e+02,
    3.09380627e+01, 2.54602600e+02, 3.22784119e+01, 2.65791138e+02,
    1.55093832e+01, 2.09771378e+02, 1.67141800e+01, 2.21228943e+02,
    1.78886452e+01, 2.32571976e+02, 1.91428318e+01, 2.43972214e+02,
    2.03672829e+01, 2.55168121e+02, 2.17937641e+01, 2.66636414e+02 ]
