%YAML:1.0
---
points: [ 4.17941071e+02, 5.31648682e+02, 4.21323090e+02, 5.65454895e+02,
    4.24398468e+02, 5.98770325e+02, 4.27568054e+02, 6.32298828e+02,
    4.30642151e+02, 6.65517761e+02, 4.33680206e+02, 6.98778687e+02,
    3.84750122e+02, 5.34013123e+02, 3.87982880e+02, 5.67573608e+02,
    3.91399078e+02, 6.01200867e+02, 3.94565521e+02, 6.34446533e+02,
    3.97574005e+02, 6.67679810e+02, 4.00790009e+02, 7.01147644e+02,
    3.51514130e+02, 5.36316772e+02, 3.55022736e+02, 5.69945007e+02,
    3.58306793e+02, 6.03301086e+02, 3.61372375e+02, 6.36662048e+02,
    3.64542297e+02, 6.70145813e+02, 3.67601501e+02, 7.03227112e+02,
    3.18622314e+02, 5.38586060e+02, 3.22269562e+02, 5.72132935e+02,
    3.25431061e+02, 6.05580750e+02, 3.28648071e+02, 6.38811462e+02,
    3.31870758e+02, 6.71970276e+02, 3.34999207e+02, 7.05428345e+02,
    2.85908142e+02, 5.40660278e+02, 2.89479706e+02, 5.74406555e+02,
    2.92611969e+02, 6.07726990e+02, 2.96129578e+02, 6.40949585e+02,
    2.99308624e+02, 6.74332092e+02, 3.02571472e+02, 7.07359619e+02,
    2.53470535e+02, 5.43089783e+02, 2.56857452e+02, 5.76477173e+02,
    2.60322723e+02, 6.09722778e+02, 2.63903900e+02, 6.43164307e+02,
    2.66968384e+02, 6.76247864e+02, 2.70388458e+02, 7.09300110e+02,
    2.20758255e+02, 5.45309937e+02, 2.24318024e+02, 5.78719971e+02,
    2.27845505e+02, 6.12176086e+02, 2.31097534e+02, 6.45158813e+02,
    2.34384857e+02, 6.78375549e+02, 2.37757919e+02, 7.11646240e+02,
    1.87777084e+02, 5.47529053e+02, 1.91259750e+02, 5.80995239e+02,
    1.94504013e+02, 6.14257629e+02, 1.97678314e+02, 6.47470154e+02,
    2.01075989e+02, 6.80703430e+02, 2.04575317e+02, 7.13599670e+02 ]
