%YAML:1.0
---
points: [ 4.23733917e+02, 6.89184265e+02, 4.27034454e+02, 7.22226440e+02,
    4.29874176e+02, 7.55084351e+02, 4.32966736e+02, 7.87748718e+02,
    4.35715485e+02, 8.20468018e+02, 4.38652893e+02, 8.53423950e+02,
    3.90995728e+02, 6.91445190e+02, 3.94176331e+02, 7.24342773e+02,
    3.97197906e+02, 7.57239868e+02, 4.00142120e+02, 7.90016418e+02,
    4.02984222e+02, 8.22657654e+02, 4.06056274e+02, 8.55404358e+02,
    3.58197235e+02, 6.93478577e+02, 3.61218292e+02, 7.26563843e+02,
    3.64434937e+02, 7.59383118e+02, 3.67304291e+02, 7.92164734e+02,
    3.70210815e+02, 8.24754089e+02, 3.73217316e+02, 8.57591064e+02,
    3.25417755e+02, 6.95670837e+02, 3.28528961e+02, 7.28639038e+02,
    3.31626099e+02, 7.61393433e+02, 3.34604370e+02, 7.94148743e+02,
    3.37770782e+02, 8.26800171e+02, 3.40709900e+02, 8.59513000e+02,
    2.92633606e+02, 6.97675720e+02, 2.96168182e+02, 7.30555603e+02,
    2.99245697e+02, 7.63546204e+02, 3.02354156e+02, 7.96168762e+02,
    3.05521027e+02, 8.28696045e+02, 3.08481964e+02, 8.61366882e+02,
    2.60344116e+02, 6.99832153e+02, 2.63739990e+02, 7.32724121e+02,
    2.66930298e+02, 7.65591187e+02, 2.70312012e+02, 7.97962341e+02,
    2.73418152e+02, 8.30577087e+02, 2.76581726e+02, 8.63250000e+02,
    2.28094421e+02, 7.01910339e+02, 2.31328568e+02, 7.34747498e+02,
    2.34459259e+02, 7.67494019e+02, 2.37766678e+02, 8.00118958e+02,
    2.40859650e+02, 8.32777222e+02, 2.44047668e+02, 8.65167542e+02,
    1.95340698e+02, 7.04056824e+02, 1.98253525e+02, 7.37134521e+02,
    2.01540451e+02, 7.69770996e+02, 2.04600479e+02, 8.02414062e+02,
    2.07585892e+02, 8.34935059e+02, 2.11218857e+02, 8.67355591e+02 ]
