%YAML:1.0
---
points: [ 3.33822113e+02, 1.78896652e+02, 3.39520294e+02, 1.75802170e+02,
    3.45871979e+02, 1.72146591e+02, 3.51843628e+02, 1.69198181e+02,
    3.58187317e+02, 1.65589523e+02, 3.64175995e+02, 1.62624237e+02,
    3.36589661e+02, 1.84852890e+02, 3.42877930e+02, 1.81944168e+02,
    3.49199982e+02, 1.78612320e+02, 3.55371246e+02, 1.75145203e+02,
    3.61505188e+02, 1.71997543e+02, 3.67154114e+02, 1.68626556e+02,
    3.40374847e+02, 1.91713638e+02, 3.46435944e+02, 1.88268799e+02,
    3.52393219e+02, 1.84955475e+02, 3.58675995e+02, 1.81395721e+02,
    3.64728210e+02, 1.78175415e+02, 3.70778107e+02, 1.74939026e+02,
    3.43513977e+02, 1.97713699e+02, 3.49690369e+02, 1.94679016e+02,
    3.55886597e+02, 1.91279434e+02, 3.61827911e+02, 1.87976639e+02,
    3.68223419e+02, 1.84437195e+02, 3.73608704e+02, 1.81201416e+02,
    3.47235626e+02, 2.04531265e+02, 3.53130768e+02, 2.00965103e+02,
    3.59189789e+02, 1.97587097e+02, 3.65327209e+02, 1.94244507e+02,
    3.71486938e+02, 1.90960968e+02, 3.77410614e+02, 1.87368042e+02,
    3.50345123e+02, 2.10701157e+02, 3.56504150e+02, 2.07519775e+02,
    3.62683380e+02, 2.04075104e+02, 3.68562775e+02, 2.00779388e+02,
    3.74705475e+02, 1.97214035e+02, 3.80328339e+02, 1.93968994e+02,
    3.53955780e+02, 2.17296570e+02, 3.59746643e+02, 2.13556885e+02,
    3.65872620e+02, 2.10347153e+02, 3.71889648e+02, 2.06884521e+02,
    3.78202698e+02, 2.03536438e+02, 3.84160370e+02, 2.00476807e+02,
    3.56919739e+02, 2.23076462e+02, 3.63036804e+02, 2.20198349e+02,
    3.69325806e+02, 2.16259583e+02, 3.75365936e+02, 2.13222702e+02,
    3.81548218e+02, 2.09503357e+02, 3.87113800e+02, 2.06506226e+02 ]
