%YAML:1.0
---
points: [ 9.42773972e+01, 2.58223450e+02, 9.54246979e+01, 2.69542999e+02,
    9.65962219e+01, 2.80919739e+02, 9.78065567e+01, 2.92229889e+02,
    9.89667664e+01, 3.03550903e+02, 1.00176208e+02, 3.14721832e+02,
    8.29414673e+01, 2.58979065e+02, 8.42130051e+01, 2.70409546e+02,
    8.54295349e+01, 2.81689789e+02, 8.66606064e+01, 2.92960449e+02,
    8.78902740e+01, 3.04166412e+02, 8.91657639e+01, 3.15547058e+02,
    7.18973465e+01, 2.59811371e+02, 7.30765381e+01, 2.71104126e+02,
    7.42794418e+01, 2.82490601e+02, 7.55604019e+01, 2.93736237e+02,
    7.67572784e+01, 3.04903931e+02, 7.80809708e+01, 3.16021545e+02,
    6.08187675e+01, 2.60598633e+02, 6.21839561e+01, 2.71859009e+02,
    6.34672966e+01, 2.83051697e+02, 6.46288147e+01, 2.94338074e+02,
    6.59713516e+01, 3.05551300e+02, 6.72298965e+01, 3.16671387e+02,
    5.01268768e+01, 2.61316437e+02, 5.14105339e+01, 2.72524811e+02,
    5.26887474e+01, 2.83791962e+02, 5.40290680e+01, 2.94769348e+02,
    5.53622665e+01, 3.06038147e+02, 5.67364006e+01, 3.16976501e+02,
    3.94559288e+01, 2.61843170e+02, 4.08370285e+01, 2.73222473e+02,
    4.21006775e+01, 2.84358673e+02, 4.35004425e+01, 2.95534271e+02,
    4.49360695e+01, 3.06542328e+02, 4.62698364e+01, 3.17565582e+02,
    2.90274563e+01, 2.62699158e+02, 3.03514576e+01, 2.73765106e+02,
    3.17251148e+01, 2.84912537e+02, 3.31273766e+01, 2.95856567e+02,
    3.45524673e+01, 3.06955444e+02, 3.60349617e+01, 3.17803833e+02,
    1.86403141e+01, 2.63159943e+02, 2.00063362e+01, 2.74519653e+02,
    2.13319435e+01, 2.85481415e+02, 2.27177067e+01, 2.96663788e+02,
    2.41807117e+01, 3.07424866e+02, 2.56778545e+01, 3.18489441e+02 ]
