%YAML:1.0
---
points: [ 4.23628204e+02, 6.88922729e+02, 4.27097168e+02, 7.22104553e+02,
    4.29879272e+02, 7.54885742e+02, 4.32864349e+02, 7.87617859e+02,
    4.35675568e+02, 8.20443726e+02, 4.38644440e+02, 8.53298279e+02,
    3.90953644e+02, 6.91350586e+02, 3.94125061e+02, 7.24251831e+02,
    3.97209290e+02, 7.57180298e+02, 4.00221832e+02, 7.89745972e+02,
    4.02999176e+02, 8.22607666e+02, 4.06132355e+02, 8.55282043e+02,
    3.58175690e+02, 6.93409119e+02, 3.61258026e+02, 7.26476990e+02,
    3.64409668e+02, 7.59338440e+02, 3.67326172e+02, 7.92057068e+02,
    3.70201141e+02, 8.24680054e+02, 3.73196747e+02, 8.57456482e+02,
    3.25456390e+02, 6.95604736e+02, 3.28508179e+02, 7.28592957e+02,
    3.31662354e+02, 7.61302368e+02, 3.34555908e+02, 7.94065613e+02,
    3.37755157e+02, 8.26713867e+02, 3.40724823e+02, 8.59470764e+02,
    2.92662811e+02, 6.97530396e+02, 2.96180817e+02, 7.30478394e+02,
    2.99211517e+02, 7.63423096e+02, 3.02345337e+02, 7.96151306e+02,
    3.05599335e+02, 8.28589355e+02, 3.08522644e+02, 8.61245605e+02,
    2.60407288e+02, 6.99696716e+02, 2.63779968e+02, 7.32655029e+02,
    2.66845795e+02, 7.65413879e+02, 2.70308624e+02, 7.97769897e+02,
    2.73465759e+02, 8.30471069e+02, 2.76580811e+02, 8.63095276e+02,
    2.27988678e+02, 7.01812683e+02, 2.31393738e+02, 7.34643982e+02,
    2.34523193e+02, 7.67401978e+02, 2.37821625e+02, 7.99996094e+02,
    2.40846451e+02, 8.32702209e+02, 2.44139694e+02, 8.65129150e+02,
    1.95276550e+02, 7.03847717e+02, 1.98227921e+02, 7.37114746e+02,
    2.01518082e+02, 7.69745911e+02, 2.04582916e+02, 8.02388611e+02,
    2.07631927e+02, 8.34866699e+02, 2.11249908e+02, 8.67324829e+02 ]
