%YAML:1.0
---
points: [ 1.90652637e+03, 2.33299362e+02, 1.90370544e+03, 2.58452393e+02,
    1.90070239e+03, 2.83463440e+02, 1.89757422e+03, 3.08368378e+02,
    1.89480017e+03, 3.33071838e+02, 1.89155530e+03, 3.57493591e+02,
    1.88149695e+03, 2.33659348e+02, 1.87874084e+03, 2.58992981e+02,
    1.87574475e+03, 2.83994751e+02, 1.87327026e+03, 3.08776825e+02,
    1.87029138e+03, 3.33556824e+02, 1.86761780e+03, 3.58033081e+02,
    1.85710156e+03, 2.34330261e+02, 1.85432666e+03, 2.59560242e+02,
    1.85165161e+03, 2.84605652e+02, 1.84900720e+03, 3.09356781e+02,
    1.84645752e+03, 3.34110962e+02, 1.84368042e+03, 3.58575562e+02,
    1.83282654e+03, 2.34686539e+02, 1.83039001e+03, 2.60115906e+02,
    1.82764111e+03, 2.85245453e+02, 1.82509570e+03, 3.09978668e+02,
    1.82236475e+03, 3.34567047e+02, 1.81973303e+03, 3.59263947e+02,
    1.80853076e+03, 2.35274673e+02, 1.80594788e+03, 2.60604462e+02,
    1.80345825e+03, 2.85832367e+02, 1.80080847e+03, 3.10514374e+02,
    1.79839233e+03, 3.35226074e+02, 1.79568555e+03, 3.59726746e+02,
    1.78423438e+03, 2.35766281e+02, 1.78167371e+03, 2.61296051e+02,
    1.77923218e+03, 2.86395294e+02, 1.77656006e+03, 3.11219757e+02,
    1.77427039e+03, 3.35703705e+02, 1.77172278e+03, 3.60439850e+02,
    1.75942371e+03, 2.36497086e+02, 1.75700110e+03, 2.61688690e+02,
    1.75460315e+03, 2.86906921e+02, 1.75233789e+03, 3.11694183e+02,
    1.74979517e+03, 3.36461670e+02, 1.74758008e+03, 3.60944855e+02,
    1.73469067e+03, 2.37176834e+02, 1.73249048e+03, 2.62455322e+02,
    1.73021338e+03, 2.87494446e+02, 1.72769885e+03, 3.12423126e+02,
    1.72552576e+03, 3.37132935e+02, 1.72327014e+03, 3.61662140e+02 ]
