%YAML:1.0
---
points: [ 9.42599945e+01, 2.58176025e+02, 9.54062958e+01, 2.69526093e+02,
    9.66390686e+01, 2.80880035e+02, 9.77789078e+01, 2.92172852e+02,
    9.89513855e+01, 3.03524628e+02, 1.00162971e+02, 3.14670685e+02,
    8.29827805e+01, 2.58892609e+02, 8.42225037e+01, 2.70389587e+02,
    8.54326859e+01, 2.81638031e+02, 8.66026459e+01, 2.92950775e+02,
    8.78901138e+01, 3.04138428e+02, 8.91310654e+01, 3.15481598e+02,
    7.18948746e+01, 2.59786957e+02, 7.30573654e+01, 2.71050171e+02,
    7.42992477e+01, 2.82431885e+02, 7.55871429e+01, 2.93690216e+02,
    7.67761307e+01, 3.04883240e+02, 7.80725784e+01, 3.15989410e+02,
    6.08193588e+01, 2.60554108e+02, 6.21795769e+01, 2.71830597e+02,
    6.34529800e+01, 2.83024475e+02, 6.46337585e+01, 2.94281860e+02,
    6.59631577e+01, 3.05517120e+02, 6.72666321e+01, 3.16669067e+02,
    5.01359291e+01, 2.61259674e+02, 5.14114761e+01, 2.72478729e+02,
    5.26837997e+01, 2.83778412e+02, 5.40112839e+01, 2.94791443e+02,
    5.53576126e+01, 3.05974976e+02, 5.67394333e+01, 3.16930206e+02,
    3.94632339e+01, 2.61818604e+02, 4.08550262e+01, 2.73200806e+02,
    4.20765266e+01, 2.84306915e+02, 4.35047340e+01, 2.95514313e+02,
    4.49072495e+01, 3.06511078e+02, 4.62720566e+01, 3.17491638e+02,
    2.90572300e+01, 2.62674103e+02, 3.03067989e+01, 2.73733307e+02,
    3.17341061e+01, 2.84908203e+02, 3.31376762e+01, 2.95816162e+02,
    3.45155449e+01, 3.06964630e+02, 3.60418434e+01, 3.17758453e+02,
    1.86267719e+01, 2.63118896e+02, 1.99696732e+01, 2.74484131e+02,
    2.13399544e+01, 2.85447937e+02, 2.27352238e+01, 2.96639038e+02,
    2.41926079e+01, 3.07392914e+02, 2.57040901e+01, 3.18419250e+02 ]
