%YAML:1.0
---
points: [ 1.59651489e+02, 5.92662476e+02, 1.81554092e+02, 5.74651001e+02,
    2.04122604e+02, 5.56560486e+02, 2.26632095e+02, 5.38469910e+02,
    2.49537979e+02, 5.20072571e+02, 2.72540009e+02, 5.01634094e+02,
    1.79193756e+02, 6.17428101e+02, 2.01429642e+02, 5.99555786e+02,
    2.23815918e+02, 5.81538208e+02, 2.46398895e+02, 5.63471008e+02,
    2.69106140e+02, 5.45352417e+02, 2.91858734e+02, 5.26843323e+02,
    1.98229233e+02, 6.42201660e+02, 2.20467194e+02, 6.24350586e+02,
    2.42795624e+02, 6.06348267e+02, 2.65304932e+02, 5.88494019e+02,
    2.87971344e+02, 5.70398560e+02, 3.10850525e+02, 5.52063232e+02,
    2.16466614e+02, 6.66854248e+02, 2.38739487e+02, 6.49177307e+02,
    2.61297180e+02, 6.31414062e+02, 2.83835754e+02, 6.13508179e+02,
    3.06641998e+02, 5.95421936e+02, 3.29676880e+02, 5.77225891e+02,
    2.34793777e+02, 6.91743530e+02, 2.57323883e+02, 6.74039734e+02,
    2.79846741e+02, 6.56383423e+02, 3.02542206e+02, 6.38572876e+02,
    3.25458221e+02, 6.20573364e+02, 3.48517303e+02, 6.02438110e+02,
    2.53264694e+02, 7.16509888e+02, 2.75662201e+02, 6.99005981e+02,
    2.98504120e+02, 6.81311646e+02, 3.21344360e+02, 6.63563843e+02,
    3.44333069e+02, 6.45676636e+02, 3.67391479e+02, 6.27618896e+02,
    2.72134827e+02, 7.41300476e+02, 2.94588928e+02, 7.23714050e+02,
    3.17326294e+02, 7.06211304e+02, 3.40151031e+02, 6.88559937e+02,
    3.63109711e+02, 6.70699402e+02, 3.86252167e+02, 6.52769592e+02,
    2.90694458e+02, 7.65814575e+02, 3.13400269e+02, 7.48372681e+02,
    3.36091705e+02, 7.30932068e+02, 3.58897583e+02, 7.13428833e+02,
    3.81865540e+02, 6.95695496e+02, 4.05125214e+02, 6.77788452e+02 ]
