%YAML:1.0
---
points: [ 5.01451874e+00, 2.25228378e+02, 1.22279062e+01, 2.19174652e+02,
    1.91238823e+01, 2.12861435e+02, 2.64605560e+01, 2.06569733e+02,
    3.36912270e+01, 2.00201706e+02, 4.13325844e+01, 1.93670349e+02,
    1.16079798e+01, 2.33681412e+02, 1.84378757e+01, 2.27460968e+02,
    2.56293640e+01, 2.21372391e+02, 3.27708664e+01, 2.15137024e+02,
    4.02941017e+01, 2.08783722e+02, 4.76590424e+01, 2.02357468e+02,
    1.75548019e+01, 2.42085815e+02, 2.47034645e+01, 2.36064178e+02,
    3.17178478e+01, 2.29837799e+02, 3.91502457e+01, 2.23671036e+02,
    4.64408989e+01, 2.17352371e+02, 5.41344872e+01, 2.10964569e+02,
    2.36925659e+01, 2.50649353e+02, 3.06234798e+01, 2.44536072e+02,
    3.79714279e+01, 2.38450409e+02, 4.52433434e+01, 2.32257065e+02,
    5.28239708e+01, 2.25990616e+02, 6.04103584e+01, 2.19678635e+02,
    2.96514568e+01, 2.59075012e+02, 3.68928947e+01, 2.53130981e+02,
    4.41134148e+01, 2.47013733e+02, 5.15459938e+01, 2.40893265e+02,
    5.91596375e+01, 2.34605896e+02, 6.68949280e+01, 2.28314575e+02,
    3.58623009e+01, 2.67662170e+02, 4.29718513e+01, 2.61593903e+02,
    5.03939056e+01, 2.55571915e+02, 5.78689194e+01, 2.49472153e+02,
    6.55518951e+01, 2.43297119e+02, 7.32940674e+01, 2.37004318e+02,
    4.20930672e+01, 2.76056091e+02, 4.94250946e+01, 2.70190277e+02,
    5.67929192e+01, 2.64125946e+02, 6.43119888e+01, 2.58075897e+02,
    7.20372238e+01, 2.51884232e+02, 7.99185181e+01, 2.45705429e+02,
    4.84344139e+01, 2.84540039e+02, 5.57574997e+01, 2.78543701e+02,
    6.31821823e+01, 2.72700317e+02, 7.08053665e+01, 2.66590851e+02,
    7.86109085e+01, 2.60546265e+02, 8.63326035e+01, 2.54304947e+02 ]
