%YAML:1.0
---
points: [ 1.59686020e+02, 5.92562866e+02, 1.81648697e+02, 5.74530396e+02,
    2.04146408e+02, 5.56394043e+02, 2.26648178e+02, 5.38304077e+02,
    2.49530991e+02, 5.19880310e+02, 2.72601105e+02, 5.01478638e+02,
    1.79323425e+02, 6.17231995e+02, 2.01452209e+02, 5.99350708e+02,
    2.23929062e+02, 5.81358032e+02, 2.46442017e+02, 5.63347290e+02,
    2.69211060e+02, 5.45178284e+02, 2.91863525e+02, 5.26740234e+02,
    1.98217453e+02, 6.41989990e+02, 2.20479538e+02, 6.24132690e+02,
    2.42838745e+02, 6.06237305e+02, 2.65399780e+02, 5.88330566e+02,
    2.88088409e+02, 5.70177429e+02, 3.10882812e+02, 5.51853821e+02,
    2.16554733e+02, 6.66720093e+02, 2.38806320e+02, 6.49087341e+02,
    2.61353546e+02, 6.31277222e+02, 2.83901093e+02, 6.13380615e+02,
    3.06741760e+02, 5.95241638e+02, 3.29647614e+02, 5.76985107e+02,
    2.34857132e+02, 6.91579834e+02, 2.57394470e+02, 6.73818420e+02,
    2.79898468e+02, 6.56169006e+02, 3.02595398e+02, 6.38425720e+02,
    3.25477631e+02, 6.20411682e+02, 3.48575531e+02, 6.02238831e+02,
    2.53337006e+02, 7.16388428e+02, 2.75697235e+02, 6.98831726e+02,
    2.98558533e+02, 6.81189270e+02, 3.21340607e+02, 6.63378723e+02,
    3.44392273e+02, 6.45516479e+02, 3.67463654e+02, 6.27480042e+02,
    2.72200806e+02, 7.41084473e+02, 2.94719604e+02, 7.23490601e+02,
    3.17329407e+02, 7.05982910e+02, 3.40185303e+02, 6.88436096e+02,
    3.63242310e+02, 6.70529236e+02, 3.86272614e+02, 6.52638550e+02,
    2.90899078e+02, 7.65545349e+02, 3.13454163e+02, 7.48216248e+02,
    3.36105621e+02, 7.30763489e+02, 3.59035736e+02, 7.13233582e+02,
    3.81929138e+02, 6.95542114e+02, 4.05163727e+02, 6.77626343e+02 ]
