%YAML:1.0
---
points: [ 5.03846550e+00, 2.25178284e+02, 1.22290554e+01, 2.19128387e+02,
    1.91346607e+01, 2.12792603e+02, 2.64701519e+01, 2.06508514e+02,
    3.36972656e+01, 2.00109268e+02, 4.13028221e+01, 1.93612808e+02,
    1.16366749e+01, 2.33637482e+02, 1.84616356e+01, 2.27439240e+02,
    2.56197357e+01, 2.21305161e+02, 3.27947540e+01, 2.15045914e+02,
    4.02786407e+01, 2.08698074e+02, 4.77099838e+01, 2.02281830e+02,
    1.76034031e+01, 2.42032791e+02, 2.47050819e+01, 2.35979797e+02,
    3.17611694e+01, 2.29788284e+02, 3.91516838e+01, 2.23625641e+02,
    4.64672661e+01, 2.17269333e+02, 5.41515656e+01, 2.10914276e+02,
    2.36961727e+01, 2.50583038e+02, 3.06582603e+01, 2.44462479e+02,
    3.79950981e+01, 2.38392639e+02, 4.52465019e+01, 2.32228867e+02,
    5.28794174e+01, 2.25922302e+02, 6.04558411e+01, 2.19616989e+02,
    2.96562157e+01, 2.59032043e+02, 3.68925629e+01, 2.53074463e+02,
    4.41245613e+01, 2.46928711e+02, 5.15602913e+01, 2.40802139e+02,
    5.91685257e+01, 2.34532867e+02, 6.68876877e+01, 2.28244110e+02,
    3.58828850e+01, 2.67582062e+02, 4.29938278e+01, 2.61547028e+02,
    5.04144440e+01, 2.55513885e+02, 5.78961754e+01, 2.49411591e+02,
    6.55921783e+01, 2.43225433e+02, 7.33293915e+01, 2.36938904e+02,
    4.21089821e+01, 2.75999115e+02, 4.94482079e+01, 2.70104156e+02,
    5.68018303e+01, 2.64089050e+02, 6.43358459e+01, 2.58032104e+02,
    7.20374146e+01, 2.51792953e+02, 7.99418030e+01, 2.45619003e+02,
    4.84305344e+01, 2.84488892e+02, 5.57754364e+01, 2.78496521e+02,
    6.32021217e+01, 2.72613647e+02, 7.08342667e+01, 2.66504303e+02,
    7.86473007e+01, 2.60448456e+02, 8.63473282e+01, 2.54246597e+02 ]
