%YAML:1.0
---
points: [ 1.62542286e+01, 1.82800537e+02, 2.32355289e+01, 1.76506683e+02,
    3.00617390e+01, 1.70105194e+02, 3.73622169e+01, 1.63525558e+02,
    4.44355545e+01, 1.57013596e+02, 5.19560127e+01, 1.50301376e+02,
    2.26209888e+01, 1.91203247e+02, 2.93588352e+01, 1.84814194e+02,
    3.64975853e+01, 1.78441971e+02, 4.35571709e+01, 1.71983200e+02,
    5.09550819e+01, 1.65489243e+02, 5.82566795e+01, 1.58959991e+02,
    2.85308533e+01, 1.99438080e+02, 3.55417404e+01, 1.93254242e+02,
    4.25823593e+01, 1.86873703e+02, 4.98877258e+01, 1.80461792e+02,
    5.71515160e+01, 1.74008881e+02, 6.45729980e+01, 1.67413452e+02,
    3.45901070e+01, 2.07951889e+02, 4.14944229e+01, 2.01621735e+02,
    4.87514534e+01, 1.95316223e+02, 5.60232506e+01, 1.89029419e+02,
    6.33972435e+01, 1.82507645e+02, 7.09073639e+01, 1.76054245e+02,
    4.05021439e+01, 2.16280273e+02, 4.77062340e+01, 2.10127762e+02,
    5.48816719e+01, 2.03799805e+02, 6.22707710e+01, 1.97505768e+02,
    6.97559204e+01, 1.91101135e+02, 7.73633881e+01, 1.84608856e+02,
    4.67042503e+01, 2.24795486e+02, 5.37906456e+01, 2.18597321e+02,
    6.12062836e+01, 2.12358765e+02, 6.86273193e+01, 2.06038483e+02,
    7.62421341e+01, 1.99709457e+02, 8.38282013e+01, 1.93258728e+02,
    5.29282875e+01, 2.33195862e+02, 6.02332840e+01, 2.27093765e+02,
    6.75956726e+01, 2.20869110e+02, 7.50989227e+01, 2.14647278e+02,
    8.26634750e+01, 2.08265701e+02, 9.03997192e+01, 2.01927383e+02,
    5.92442055e+01, 2.41579956e+02, 6.65802612e+01, 2.35430267e+02,
    7.40287552e+01, 2.29341827e+02, 8.15287628e+01, 2.23123779e+02,
    8.92432556e+01, 2.16876953e+02, 9.69145889e+01, 2.10511932e+02 ]
