%YAML:1.0
---
points: [ 1.96825500e+02, 4.68882874e+02, 2.17961273e+02, 4.50680878e+02,
    2.39608887e+02, 4.32291229e+02, 2.61471222e+02, 4.13695343e+02,
    2.83465363e+02, 3.95132141e+02, 3.05598480e+02, 3.76292908e+02,
    2.16265427e+02, 4.93549164e+02, 2.37639145e+02, 4.75394897e+02,
    2.59283234e+02, 4.57105011e+02, 2.80993256e+02, 4.38705200e+02,
    3.02849213e+02, 4.20234314e+02, 3.24973755e+02, 4.01472748e+02,
    2.35041504e+02, 5.18074585e+02, 2.56442871e+02, 5.00082642e+02,
    2.78099945e+02, 4.81858398e+02, 2.99766052e+02, 4.63609528e+02,
    3.21688354e+02, 4.45207672e+02, 3.43743286e+02, 4.26572449e+02,
    2.53261978e+02, 5.42607422e+02, 2.74663849e+02, 5.24701294e+02,
    2.96418518e+02, 5.06597504e+02, 3.18327942e+02, 4.88482758e+02,
    3.40380524e+02, 4.70203217e+02, 3.62541595e+02, 4.51662354e+02,
    2.71440002e+02, 5.67287231e+02, 2.93121796e+02, 5.49393738e+02,
    3.14850342e+02, 5.31486938e+02, 3.36775391e+02, 5.13438110e+02,
    3.59005463e+02, 4.95212189e+02, 3.81318268e+02, 4.76771118e+02,
    2.89610046e+02, 5.91780823e+02, 3.11349548e+02, 5.74094849e+02,
    3.33384308e+02, 5.56224304e+02, 3.55452301e+02, 5.38334961e+02,
    3.77617371e+02, 5.20237732e+02, 4.00063873e+02, 5.01822083e+02,
    3.08333374e+02, 6.16322571e+02, 3.30207092e+02, 5.98645691e+02,
    3.52097351e+02, 5.80856567e+02, 3.74166443e+02, 5.63150452e+02,
    3.96450958e+02, 5.45145630e+02, 4.18909058e+02, 5.26927002e+02,
    3.26847595e+02, 6.40630554e+02, 3.48757507e+02, 6.23228699e+02,
    3.70713135e+02, 6.05546570e+02, 3.92832703e+02, 5.87847229e+02,
    4.15274139e+02, 5.70021545e+02, 4.37674988e+02, 5.51856934e+02 ]
