%YAML:1.0
---
points: [ 1.29803296e+03, 4.64878235e+02, 1.29657031e+03, 4.85637421e+02,
    1.29515540e+03, 5.06210144e+02, 1.29348413e+03, 5.26552307e+02,
    1.29192908e+03, 5.46790100e+02, 1.29058179e+03, 5.66882324e+02,
    1.27830957e+03, 4.64945465e+02, 1.27667590e+03, 4.85728119e+02,
    1.27537231e+03, 5.06421082e+02, 1.27410620e+03, 5.26844482e+02,
    1.27271277e+03, 5.47224792e+02, 1.27129370e+03, 5.67309021e+02,
    1.25865479e+03, 4.65113892e+02, 1.25739490e+03, 4.85859436e+02,
    1.25595276e+03, 5.06716278e+02, 1.25463757e+03, 5.27235901e+02,
    1.25341638e+03, 5.47587891e+02, 1.25230554e+03, 5.67728699e+02,
    1.23907312e+03, 4.65341797e+02, 1.23782117e+03, 4.86240234e+02,
    1.23662708e+03, 5.06962494e+02, 1.23544531e+03, 5.27585999e+02,
    1.23410449e+03, 5.48135193e+02, 1.23294336e+03, 5.68360291e+02,
    1.21935010e+03, 4.65454163e+02, 1.21812244e+03, 4.86471497e+02,
    1.21705249e+03, 5.07308167e+02, 1.21588037e+03, 5.27911255e+02,
    1.21462085e+03, 5.48620728e+02, 1.21348804e+03, 5.69004761e+02,
    1.19956897e+03, 4.65589508e+02, 1.19847546e+03, 4.86691650e+02,
    1.19728088e+03, 5.07544830e+02, 1.19614697e+03, 5.28347595e+02,
    1.19517676e+03, 5.48964783e+02, 1.19417969e+03, 5.69547913e+02,
    1.17948083e+03, 4.65677338e+02, 1.17851611e+03, 4.86786865e+02,
    1.17740417e+03, 5.07831390e+02, 1.17634363e+03, 5.28610107e+02,
    1.17538867e+03, 5.49445129e+02, 1.17441467e+03, 5.70055298e+02,
    1.15930310e+03, 4.65766113e+02, 1.15840063e+03, 4.87119507e+02,
    1.15745190e+03, 5.08270020e+02, 1.15645081e+03, 5.28953186e+02,
    1.15544458e+03, 5.49727295e+02, 1.15455676e+03, 5.70581909e+02 ]
