%YAML:1.0
---
points: [ 1.96833145e+02, 4.68893341e+02, 2.17956375e+02, 4.50668610e+02,
    2.39600906e+02, 4.32250763e+02, 2.61373810e+02, 4.13747437e+02,
    2.83411316e+02, 3.95152405e+02, 3.05595490e+02, 3.76284729e+02,
    2.16115829e+02, 4.93557220e+02, 2.37564209e+02, 4.75428864e+02,
    2.59247467e+02, 4.57152710e+02, 2.80925232e+02, 4.38732483e+02,
    3.02799591e+02, 4.20259796e+02, 3.24831207e+02, 4.01494507e+02,
    2.35031189e+02, 5.18152527e+02, 2.56440125e+02, 5.00085724e+02,
    2.78012604e+02, 4.81898346e+02, 2.99742401e+02, 4.63610474e+02,
    3.21670715e+02, 4.45251770e+02, 3.43746185e+02, 4.26580017e+02,
    2.53261520e+02, 5.42612122e+02, 2.74648865e+02, 5.24749512e+02,
    2.96415894e+02, 5.06628571e+02, 3.18294861e+02, 4.88532318e+02,
    3.40379272e+02, 4.70276459e+02, 3.62527924e+02, 4.51602844e+02,
    2.71442810e+02, 5.67321960e+02, 2.93118652e+02, 5.49411743e+02,
    3.14820282e+02, 5.31503418e+02, 3.36724365e+02, 5.13454468e+02,
    3.58909546e+02, 4.95233368e+02, 3.81289093e+02, 4.76746643e+02,
    2.89609680e+02, 5.91815735e+02, 3.11313232e+02, 5.74148438e+02,
    3.33368805e+02, 5.56293823e+02, 3.55423309e+02, 5.38352295e+02,
    3.77602478e+02, 5.20241516e+02, 3.99953766e+02, 5.01826080e+02,
    3.08326447e+02, 6.16303406e+02, 3.30151703e+02, 5.98658203e+02,
    3.51966309e+02, 5.80903076e+02, 3.74148407e+02, 5.63212646e+02,
    3.96409912e+02, 5.45247131e+02, 4.18838593e+02, 5.27035217e+02,
    3.26805634e+02, 6.40667297e+02, 3.48737549e+02, 6.23225830e+02,
    3.70694336e+02, 6.05553284e+02, 3.92801849e+02, 5.87924866e+02,
    4.15200775e+02, 5.70030029e+02, 4.37642303e+02, 5.51902771e+02 ]
