%YAML:1.0
---
points: [ 1.62365971e+01, 1.82845581e+02, 2.32210445e+01, 1.76506729e+02,
    3.00537338e+01, 1.70110626e+02, 3.73294792e+01, 1.63518661e+02,
    4.44465599e+01, 1.56990829e+02, 5.19287949e+01, 1.50305389e+02,
    2.26103268e+01, 1.91174606e+02, 2.93646297e+01, 1.84844467e+02,
    3.64914970e+01, 1.78459595e+02, 4.35545006e+01, 1.71998062e+02,
    5.09143639e+01, 1.65481476e+02, 5.82492027e+01, 1.58936005e+02,
    2.85043049e+01, 1.99440048e+02, 3.55471840e+01, 1.93248337e+02,
    4.25705910e+01, 1.86866333e+02, 4.98613510e+01, 1.80466232e+02,
    5.71269226e+01, 1.74014847e+02, 6.45503693e+01, 1.67407837e+02,
    3.45677528e+01, 2.07961716e+02, 4.14824142e+01, 2.01635132e+02,
    4.87462082e+01, 1.95319382e+02, 5.59892960e+01, 1.89032486e+02,
    6.34070473e+01, 1.82505402e+02, 7.09491959e+01, 1.76075317e+02,
    4.05065613e+01, 2.16289352e+02, 4.76965714e+01, 2.10152863e+02,
    5.48630905e+01, 2.03814011e+02, 6.22667084e+01, 1.97500748e+02,
    6.97642365e+01, 1.91141510e+02, 7.73524704e+01, 1.84659088e+02,
    4.66931801e+01, 2.24794342e+02, 5.37846336e+01, 2.18582840e+02,
    6.12023849e+01, 2.12384628e+02, 6.86274414e+01, 2.06049988e+02,
    7.62093353e+01, 1.99732864e+02, 8.38017044e+01, 1.93286026e+02,
    5.29005013e+01, 2.33204605e+02, 6.02125931e+01, 2.27103088e+02,
    6.75688782e+01, 2.20851700e+02, 7.51016769e+01, 2.14656174e+02,
    8.26746445e+01, 2.08273285e+02, 9.04225922e+01, 2.01946075e+02,
    5.92336426e+01, 2.41598267e+02, 6.65739059e+01, 2.35426392e+02,
    7.40217514e+01, 2.29357712e+02, 8.15035248e+01, 2.23140274e+02,
    8.91948013e+01, 2.16896606e+02, 9.68912888e+01, 2.10470078e+02 ]
