%YAML:1.0
---
points: [ 1.95667404e+02, 2.93175995e+02, 2.16891663e+02, 2.74272430e+02,
    2.38598557e+02, 2.55200958e+02, 2.60484253e+02, 2.36128235e+02,
    2.82661285e+02, 2.16568085e+02, 3.05015015e+02, 1.97035095e+02,
    2.14796921e+02, 3.18337708e+02, 2.36362167e+02, 2.99543365e+02,
    2.58010468e+02, 2.80637146e+02, 2.79785309e+02, 2.61581573e+02,
    3.01821625e+02, 2.42375854e+02, 3.24054504e+02, 2.22689331e+02,
    2.33362213e+02, 3.43283142e+02, 2.54945282e+02, 3.24710815e+02,
    2.76696625e+02, 3.05833832e+02, 2.98514130e+02, 2.86894043e+02,
    3.20492981e+02, 2.67668549e+02, 3.42740875e+02, 2.48331451e+02,
    2.51410049e+02, 3.68311188e+02, 2.73010040e+02, 3.49637177e+02,
    2.94794739e+02, 3.30981354e+02, 3.16724518e+02, 3.12077820e+02,
    3.39015289e+02, 2.93136414e+02, 3.61365631e+02, 2.73811768e+02,
    2.69434570e+02, 3.93190247e+02, 2.91227509e+02, 3.74695190e+02,
    3.13082336e+02, 3.56180908e+02, 3.35198029e+02, 3.37465698e+02,
    3.57449707e+02, 3.18525513e+02, 3.79925812e+02, 2.99482971e+02,
    2.87532410e+02, 4.18101227e+02, 3.09305298e+02, 3.99778381e+02,
    3.31461060e+02, 3.81323914e+02, 3.53637665e+02, 3.62694916e+02,
    3.76117462e+02, 3.43956482e+02, 3.98578827e+02, 3.25066254e+02,
    3.06069763e+02, 4.43068329e+02, 3.28053711e+02, 4.24871063e+02,
    3.50080475e+02, 4.06495758e+02, 3.72308533e+02, 3.88182007e+02,
    3.94752808e+02, 3.69472626e+02, 4.17385742e+02, 3.50626709e+02,
    3.24488190e+02, 4.67975922e+02, 3.46549011e+02, 4.49786194e+02,
    3.68662842e+02, 4.31612610e+02, 3.90928894e+02, 4.13339172e+02,
    4.13458435e+02, 3.94836334e+02, 4.36116547e+02, 3.76104553e+02 ]
