%YAML:1.0
---
points: [ 1.30980005e+03, 4.21887726e+02, 1.30825354e+03, 4.43006958e+02,
    1.30672827e+03, 4.63938477e+02, 1.30515564e+03, 4.84653778e+02,
    1.30352759e+03, 5.05242584e+02, 1.30192395e+03, 5.25706299e+02,
    1.28981409e+03, 4.21840210e+02, 1.28832471e+03, 4.42969482e+02,
    1.28668201e+03, 4.64033966e+02, 1.28533728e+03, 4.84817322e+02,
    1.28402051e+03, 5.05475922e+02, 1.28256726e+03, 5.25951965e+02,
    1.26985718e+03, 4.21861877e+02, 1.26853857e+03, 4.43116974e+02,
    1.26713721e+03, 4.64165771e+02, 1.26579150e+03, 4.85041290e+02,
    1.26446228e+03, 5.05794922e+02, 1.26321838e+03, 5.26425415e+02,
    1.25000073e+03, 4.21898254e+02, 1.24881238e+03, 4.43233856e+02,
    1.24760486e+03, 4.64418274e+02, 1.24628882e+03, 4.85250702e+02,
    1.24486182e+03, 5.06154510e+02, 1.24368115e+03, 5.26855530e+02,
    1.23019080e+03, 4.21874725e+02, 1.22886450e+03, 4.43369690e+02,
    1.22769897e+03, 4.64558258e+02, 1.22654480e+03, 4.85525818e+02,
    1.22537195e+03, 5.06416595e+02, 1.22411755e+03, 5.27258911e+02,
    1.21017480e+03, 4.21906738e+02, 1.20888916e+03, 4.43456451e+02,
    1.20769055e+03, 4.64660248e+02, 1.20661182e+03, 4.85801697e+02,
    1.20559253e+03, 5.06690491e+02, 1.20443359e+03, 5.27574707e+02,
    1.18978955e+03, 4.21894592e+02, 1.18869678e+03, 4.43542236e+02,
    1.18759167e+03, 4.64888458e+02, 1.18655017e+03, 4.85904175e+02,
    1.18559705e+03, 5.06951660e+02, 1.18458582e+03, 5.27863159e+02,
    1.16939246e+03, 4.21958527e+02, 1.16844214e+03, 4.43582336e+02,
    1.16737024e+03, 4.65008270e+02, 1.16633289e+03, 4.86151520e+02,
    1.16537134e+03, 5.07384430e+02, 1.16448352e+03, 5.28347656e+02 ]
