%YAML:1.0
---
points: [ 1.65260620e+01, 1.23151741e+02, 2.35371094e+01, 1.16449753e+02,
    3.03891182e+01, 1.09736412e+02, 3.77468567e+01, 1.02997902e+02,
    4.48794136e+01, 9.61916122e+01, 5.24411392e+01, 8.91524277e+01,
    2.24677429e+01, 1.31415482e+02, 2.92911243e+01, 1.24798920e+02,
    3.65449982e+01, 1.18107758e+02, 4.36213913e+01, 1.11353134e+02,
    5.10277634e+01, 1.04514198e+02, 5.83828850e+01, 9.77539215e+01,
    2.80929661e+01, 1.39667480e+02, 3.52079926e+01, 1.33127853e+02,
    4.22969780e+01, 1.26397209e+02, 4.96002083e+01, 1.19794380e+02,
    5.69490089e+01, 1.13039551e+02, 6.44095306e+01, 1.06121254e+02,
    3.38804169e+01, 1.48070618e+02, 4.09214516e+01, 1.41457703e+02,
    4.82300606e+01, 1.34906357e+02, 5.54856987e+01, 1.28184845e+02,
    6.30212631e+01, 1.21529457e+02, 7.05714951e+01, 1.14702492e+02,
    3.96264076e+01, 1.56387878e+02, 4.68818893e+01, 1.49936813e+02,
    5.41316071e+01, 1.43316757e+02, 6.15412178e+01, 1.36805878e+02,
    6.91312332e+01, 1.30102997e+02, 7.68257370e+01, 1.23364105e+02,
    4.55732803e+01, 1.64908783e+02, 5.28167152e+01, 1.58354462e+02,
    6.02678452e+01, 1.51922012e+02, 6.77612534e+01, 1.45337509e+02,
    7.54065704e+01, 1.38747864e+02, 8.30767593e+01, 1.32094223e+02,
    5.16874084e+01, 1.73349686e+02, 5.91357346e+01, 1.66996140e+02,
    6.64743652e+01, 1.60441055e+02, 7.41477509e+01, 1.54034332e+02,
    8.17112274e+01, 1.47365494e+02, 8.95702209e+01, 1.40803177e+02,
    5.78949318e+01, 1.81871277e+02, 6.52791061e+01, 1.75492035e+02,
    7.28677139e+01, 1.69124725e+02, 8.04483261e+01, 1.62599594e+02,
    8.81966248e+01, 1.56084152e+02, 9.58924332e+01, 1.49471802e+02 ]
