%YAML:1.0
---
points: [ 1.27814954e+03, 3.58259552e+02, 1.27665991e+03, 3.79675201e+02,
    1.27535706e+03, 4.00867004e+02, 1.27395068e+03, 4.21686157e+02,
    1.27255237e+03, 4.42595154e+02, 1.27115894e+03, 4.63291138e+02,
    1.25825928e+03, 3.58242859e+02, 1.25692444e+03, 3.79757843e+02,
    1.25559619e+03, 4.00986420e+02, 1.25439832e+03, 4.21904816e+02,
    1.25312268e+03, 4.42851868e+02, 1.25194824e+03, 4.63643890e+02,
    1.23847449e+03, 3.58328522e+02, 1.23737402e+03, 3.79830780e+02,
    1.23628528e+03, 4.01133118e+02, 1.23494189e+03, 4.22264954e+02,
    1.23384265e+03, 4.43148438e+02, 1.23275647e+03, 4.64024719e+02,
    1.21884778e+03, 3.58322083e+02, 1.21774158e+03, 3.79950287e+02,
    1.21670068e+03, 4.01440247e+02, 1.21564111e+03, 4.22529266e+02,
    1.21447742e+03, 4.43552948e+02, 1.21343933e+03, 4.64502991e+02,
    1.19918640e+03, 3.58329224e+02, 1.19796277e+03, 3.80061401e+02,
    1.19701270e+03, 4.01552399e+02, 1.19598682e+03, 4.22736633e+02,
    1.19519031e+03, 4.43836212e+02, 1.19413586e+03, 4.64896606e+02,
    1.17919067e+03, 3.58365509e+02, 1.17831714e+03, 3.80164307e+02,
    1.17725659e+03, 4.01695648e+02, 1.17630518e+03, 4.22984863e+02,
    1.17542578e+03, 4.44342163e+02, 1.17452942e+03, 4.65366364e+02,
    1.15888184e+03, 3.58388184e+02, 1.15812744e+03, 3.80315765e+02,
    1.15727820e+03, 4.01876526e+02, 1.15637146e+03, 4.23353363e+02,
    1.15548999e+03, 4.44583771e+02, 1.15458826e+03, 4.65618134e+02,
    1.13853198e+03, 3.58406219e+02, 1.13778284e+03, 3.80384644e+02,
    1.13711743e+03, 4.02101715e+02, 1.13634631e+03, 4.23538147e+02,
    1.13547070e+03, 4.44834106e+02, 1.13475085e+03, 4.66145142e+02 ]
