%YAML:1.0
---
points: [ 1.66069031e+01, 1.23151016e+02, 2.35733070e+01, 1.16499001e+02,
    3.04895935e+01, 1.09771103e+02, 3.78410034e+01, 1.03038231e+02,
    4.49814644e+01, 9.62196732e+01, 5.25322151e+01, 8.91863556e+01,
    2.25673866e+01, 1.31465866e+02, 2.93339138e+01, 1.24829735e+02,
    3.66011810e+01, 1.18130745e+02, 4.36844597e+01, 1.11375587e+02,
    5.11072502e+01, 1.04545357e+02, 5.84667130e+01, 9.77461777e+01,
    2.81691208e+01, 1.39658401e+02, 3.52845306e+01, 1.33166290e+02,
    4.23537102e+01, 1.26420113e+02, 4.96845589e+01, 1.19837616e+02,
    5.70137901e+01, 1.13044151e+02, 6.45043488e+01, 1.06171318e+02,
    3.39587173e+01, 1.48101273e+02, 4.10035019e+01, 1.41513016e+02,
    4.82788010e+01, 1.34960403e+02, 5.55419464e+01, 1.28241928e+02,
    6.30761986e+01, 1.21560913e+02, 7.06318893e+01, 1.14749496e+02,
    3.97061272e+01, 1.56401184e+02, 4.69287796e+01, 1.49989090e+02,
    5.41987648e+01, 1.43362762e+02, 6.16230888e+01, 1.36841644e+02,
    6.91920242e+01, 1.30104034e+02, 7.68716507e+01, 1.23404930e+02,
    4.56396523e+01, 1.64943878e+02, 5.28858871e+01, 1.58377335e+02,
    6.03170013e+01, 1.51986908e+02, 6.78027191e+01, 1.45401672e+02,
    7.54765320e+01, 1.38796051e+02, 8.31508179e+01, 1.32115906e+02,
    5.17532845e+01, 1.73383148e+02, 5.91846962e+01, 1.67030167e+02,
    6.65723190e+01, 1.60492935e+02, 7.42161560e+01, 1.54060318e+02,
    8.17854004e+01, 1.47419479e+02, 8.96092148e+01, 1.40843567e+02,
    5.79789276e+01, 1.81929260e+02, 6.53553162e+01, 1.75482544e+02,
    7.29858932e+01, 1.69163101e+02, 8.04848251e+01, 1.62655273e+02,
    8.82316589e+01, 1.56141876e+02, 9.59572678e+01, 1.49533401e+02 ]
