%YAML:1.0
---
points: [ 1.95875000e+02, 2.93341492e+02, 2.17150757e+02, 2.74344513e+02,
    2.38811859e+02, 2.55308228e+02, 2.60677582e+02, 2.36214203e+02,
    2.82840210e+02, 2.16657242e+02, 3.05188232e+02, 1.97270325e+02,
    2.14970535e+02, 3.18426605e+02, 2.36502350e+02, 2.99649170e+02,
    2.58219025e+02, 2.80738037e+02, 2.80052490e+02, 2.61667999e+02,
    3.02071136e+02, 2.42475876e+02, 3.24306122e+02, 2.22858521e+02,
    2.33551926e+02, 3.43442810e+02, 2.55168457e+02, 3.24797028e+02,
    2.76900421e+02, 3.05918793e+02, 2.98668884e+02, 2.87080902e+02,
    3.20692780e+02, 2.67775299e+02, 3.42971893e+02, 2.48458008e+02,
    2.51578979e+02, 3.68390076e+02, 2.73206543e+02, 3.49748413e+02,
    2.95063080e+02, 3.31116241e+02, 3.16995514e+02, 3.12272308e+02,
    3.39213623e+02, 2.93335815e+02, 3.61522644e+02, 2.73918243e+02,
    2.69590088e+02, 3.93344940e+02, 2.91391815e+02, 3.74790741e+02,
    3.13298615e+02, 3.56293915e+02, 3.35377594e+02, 3.37565552e+02,
    3.57635681e+02, 3.18668732e+02, 3.80169006e+02, 2.99580750e+02,
    2.87655518e+02, 4.18225800e+02, 3.09437134e+02, 3.99884918e+02,
    3.31610016e+02, 3.81453186e+02, 3.53796783e+02, 3.62826996e+02,
    3.76279572e+02, 3.44136414e+02, 3.98750244e+02, 3.25213806e+02,
    3.06249542e+02, 4.43179688e+02, 3.28218170e+02, 4.24977081e+02,
    3.50286774e+02, 4.06617279e+02, 3.72475342e+02, 3.88296295e+02,
    3.94905121e+02, 3.69543915e+02, 4.17515076e+02, 3.50751068e+02,
    3.24644226e+02, 4.68093292e+02, 3.46698486e+02, 4.49926270e+02,
    3.68835358e+02, 4.31704407e+02, 3.91196228e+02, 4.13455750e+02,
    4.13613953e+02, 3.94939636e+02, 4.36301727e+02, 3.76270294e+02 ]
