%YAML:1.0
---
points: [ 8.90050201e+01, 1.19580566e+02, 9.81122437e+01, 1.12854698e+02,
    1.07259720e+02, 1.06158119e+02, 1.16503647e+02, 9.93999557e+01,
    1.25729713e+02, 9.26543121e+01, 1.35037445e+02, 8.58610229e+01,
    9.60189590e+01, 1.29116211e+02, 1.05142830e+02, 1.22317238e+02,
    1.14305710e+02, 1.15661041e+02, 1.23442490e+02, 1.08986771e+02,
    1.32701263e+02, 1.02230797e+02, 1.41901703e+02, 9.54487228e+01,
    1.02864349e+02, 1.38426865e+02, 1.12034325e+02, 1.31812393e+02,
    1.21161179e+02, 1.25070503e+02, 1.30355759e+02, 1.18419731e+02,
    1.39535049e+02, 1.11745003e+02, 1.48729324e+02, 1.04960121e+02,
    1.09739624e+02, 1.47844635e+02, 1.18820190e+02, 1.41186279e+02,
    1.27988548e+02, 1.34513672e+02, 1.37164352e+02, 1.27878761e+02,
    1.46378952e+02, 1.21181740e+02, 1.55569931e+02, 1.14469772e+02,
    1.16539330e+02, 1.57135559e+02, 1.25675148e+02, 1.50535843e+02,
    1.34829208e+02, 1.43913315e+02, 1.43993057e+02, 1.37320633e+02,
    1.53193558e+02, 1.30632141e+02, 1.62387360e+02, 1.23976601e+02,
    1.23306854e+02, 1.66443268e+02, 1.32508698e+02, 1.59903015e+02,
    1.41717194e+02, 1.53285141e+02, 1.50819901e+02, 1.46689636e+02,
    1.60024658e+02, 1.40053864e+02, 1.69175323e+02, 1.33412262e+02,
    1.30214447e+02, 1.75753433e+02, 1.39381104e+02, 1.69208496e+02,
    1.48554398e+02, 1.62605301e+02, 1.57673538e+02, 1.56080475e+02,
    1.66811600e+02, 1.49483795e+02, 1.76047455e+02, 1.42875427e+02,
    1.37083542e+02, 1.85011734e+02, 1.46197205e+02, 1.78423798e+02,
    1.55370239e+02, 1.71902130e+02, 1.64511505e+02, 1.65356812e+02,
    1.73609894e+02, 1.58807343e+02, 1.82798981e+02, 1.52224213e+02 ]
