%YAML:1.0
---
points: [ 4.13300903e+02, 2.89533081e+02, 4.39879730e+02, 2.70544434e+02,
    4.66725952e+02, 2.51476730e+02, 4.93546082e+02, 2.32622696e+02,
    5.20447693e+02, 2.13469116e+02, 547., 206., 4.33855438e+02,
    3.17363678e+02, 4.60595367e+02, 2.98452515e+02, 4.87280151e+02,
    2.79537750e+02, 5.13935913e+02, 2.60564789e+02, 5.40613770e+02,
    2.41546936e+02, 5.67420898e+02, 2.22379333e+02, 4.53922607e+02,
    3.44715302e+02, 4.80582092e+02, 3.25894379e+02, 5.07256531e+02,
    3.06943970e+02, 5.33782166e+02, 2.88159454e+02, 5.60439636e+02,
    2.69119171e+02, 5.87161743e+02, 2.50095718e+02, 4.73570038e+02,
    3.71939056e+02, 5.00199249e+02, 3.53155273e+02, 5.26734863e+02,
    3.34358490e+02, 5.53310486e+02, 3.15394287e+02, 5.80118835e+02,
    2.96595795e+02, 6.06640564e+02, 2.77576172e+02, 4.93285553e+02,
    3.99085541e+02, 5.19865295e+02, 3.80398468e+02, 5.46373779e+02,
    3.61494049e+02, 5.72944275e+02, 3.42777771e+02, 5.99563965e+02,
    3.23927460e+02, 6.26287231e+02, 3.05117432e+02, 5.12770081e+02,
    4.26202515e+02, 5.39341492e+02, 4.07412567e+02, 5.65866760e+02,
    3.88722534e+02, 5.92492432e+02, 3.70079742e+02, 6.19043091e+02,
    3.51365143e+02, 6.45696289e+02, 3.32419067e+02, 5.32511597e+02,
    4.52983490e+02, 5.59081726e+02, 4.34381226e+02, 5.85522583e+02,
    4.15722046e+02, 6.12055176e+02, 3.97228577e+02, 6.38489136e+02,
    3.78440765e+02, 6.65134583e+02, 3.59651337e+02, 5.52064575e+02,
    4.79683136e+02, 5.78520081e+02, 4.61168640e+02, 6.04984253e+02,
    4.42586792e+02, 6.31396057e+02, 4.24056580e+02, 6.57900513e+02,
    4.05458527e+02, 6.84372437e+02, 3.86612305e+02 ]
