%YAML:1.0
---
points: [ 1.28814685e+03, 2.55297577e+02, 1.28674780e+03, 2.77395935e+02,
    1.28548254e+03, 2.99339539e+02, 1.28435278e+03, 3.21118927e+02,
    1.28287671e+03, 3.42828644e+02, 1.28154517e+03, 3.64313721e+02,
    1.26792444e+03, 2.55046371e+02, 1.26656372e+03, 2.77356598e+02,
    1.26539050e+03, 2.99366455e+02, 1.26432812e+03, 3.21185760e+02,
    1.26312842e+03, 3.42894135e+02, 1.26196387e+03, 3.64534515e+02,
    1.24783069e+03, 2.54975006e+02, 1.24660986e+03, 2.77318329e+02,
    1.24554834e+03, 2.99357758e+02, 1.24446021e+03, 3.21336884e+02,
    1.24341394e+03, 3.43007202e+02, 1.24249158e+03, 3.64657440e+02,
    1.22766321e+03, 2.54772751e+02, 1.22681628e+03, 2.77249603e+02,
    1.22570166e+03, 2.99363708e+02, 1.22466516e+03, 3.21407288e+02,
    1.22363403e+03, 3.43275909e+02, 1.22278699e+03, 3.64896942e+02,
    1.20753735e+03, 2.54645264e+02, 1.20655872e+03, 2.77124176e+02,
    1.20575818e+03, 2.99361725e+02, 1.20466394e+03, 3.21492462e+02,
    1.20389819e+03, 3.43469299e+02, 1.20291138e+03, 3.65269379e+02,
    1.18726843e+03, 2.54455536e+02, 1.18634082e+03, 2.77028442e+02,
    1.18555762e+03, 2.99369019e+02, 1.18472388e+03, 3.21597748e+02,
    1.18380750e+03, 3.43602783e+02, 1.18305432e+03, 3.65473083e+02,
    1.16644165e+03, 2.54302658e+02, 1.16559351e+03, 2.76870972e+02,
    1.16505640e+03, 2.99331268e+02, 1.16439758e+03, 3.21636414e+02,
    1.16375488e+03, 3.43768768e+02, 1.16288794e+03, 3.65613708e+02,
    1.14562866e+03, 2.53984238e+02, 1.14512842e+03, 2.76776733e+02,
    1.14442578e+03, 2.99361328e+02, 1.14377026e+03, 3.21758301e+02,
    1.14327991e+03, 3.43898560e+02, 1.14262109e+03, 3.65810547e+02 ]
