%YAML:1.0
---
points: [ 4.37392548e+02, 3.24983429e+02, 4.63824158e+02, 3.06563416e+02,
    4.90498077e+02, 2.87947968e+02, 5.17146240e+02, 2.69539673e+02,
    5.43707581e+02, 2.50999832e+02, 5.70521423e+02, 2.32610138e+02,
    4.56954010e+02, 3.52339020e+02, 4.83566010e+02, 3.33773041e+02,
    5.10119904e+02, 3.15399139e+02, 5.36569702e+02, 2.96919556e+02,
    5.63126831e+02, 2.78490234e+02, 5.89649536e+02, 2.59853699e+02,
    4.76059662e+02, 3.79245148e+02, 5.02593628e+02, 3.60785767e+02,
    5.29116089e+02, 3.42349396e+02, 5.55487549e+02, 3.24120148e+02,
    5.82002930e+02, 3.05515320e+02, 6.08560242e+02, 2.87017303e+02,
    4.94907501e+02, 4.05883453e+02, 5.21316467e+02, 3.87531311e+02,
    5.47845642e+02, 3.69142242e+02, 5.74222534e+02, 3.50702972e+02,
    6.00735413e+02, 3.32413483e+02, 6.27349487e+02, 3.13827087e+02,
    5.13588318e+02, 4.32646729e+02, 5.40153625e+02, 4.14319244e+02,
    5.66594666e+02, 3.96092041e+02, 5.92995300e+02, 3.77692444e+02,
    6.19516113e+02, 3.59318207e+02, 6.45974609e+02, 3.40826874e+02,
    5.32329895e+02, 4.59381195e+02, 5.58761353e+02, 4.41016907e+02,
    5.85378052e+02, 4.22736725e+02, 6.11779419e+02, 4.04483459e+02,
    6.38327148e+02, 3.86205658e+02, 6.64646606e+02, 3.67660767e+02,
    5.51235474e+02, 4.86079346e+02, 5.77625732e+02, 4.67741608e+02,
    6.04177246e+02, 4.49497528e+02, 6.30511536e+02, 4.31309052e+02,
    6.56948181e+02, 4.12891357e+02, 6.83391846e+02, 3.94542999e+02,
    5.69946228e+02, 5.12520874e+02, 5.96394714e+02, 4.94336731e+02,
    6.22803589e+02, 4.76127655e+02, 6.49251343e+02, 4.57794647e+02,
    6.75584167e+02, 4.39584717e+02, 7.01985413e+02, 4.21279694e+02 ]
