%YAML:1.0
---
points: [ 9.70446396e+01, 1.31791855e+02, 1.06170181e+02, 1.25255257e+02,
    1.15249512e+02, 1.18668221e+02, 1.24427803e+02, 1.12164253e+02,
    1.33606873e+02, 1.05624031e+02, 1.42813126e+02, 9.90777206e+01,
    1.03819099e+02, 1.41149048e+02, 1.12910133e+02, 1.34625153e+02,
    1.22058243e+02, 1.28094803e+02, 1.31135818e+02, 1.21586792e+02,
    1.40278229e+02, 1.15011368e+02, 1.49442993e+02, 1.08425995e+02,
    1.10423416e+02, 1.50342972e+02, 1.19530807e+02, 1.43875336e+02,
    1.28670624e+02, 1.37356537e+02, 1.37784058e+02, 1.30881302e+02,
    1.46903778e+02, 1.24382683e+02, 1.56051361e+02, 1.17790367e+02,
    1.17016617e+02, 1.59631714e+02, 1.26064903e+02, 1.53141815e+02,
    1.35255722e+02, 1.46631973e+02, 1.44316589e+02, 1.40177307e+02,
    1.53503006e+02, 1.33701096e+02, 1.62650070e+02, 1.27103340e+02,
    1.23532234e+02, 1.68832611e+02, 1.32684677e+02, 1.62350998e+02,
    1.41785080e+02, 1.55901962e+02, 1.50935059e+02, 1.49427582e+02,
    1.60052475e+02, 1.42982101e+02, 1.69252975e+02, 1.36453888e+02,
    1.30112442e+02, 1.78100494e+02, 1.39245087e+02, 1.71588623e+02,
    1.48428955e+02, 1.65162613e+02, 1.57573502e+02, 1.58709335e+02,
    1.66676483e+02, 1.52223816e+02, 1.75818710e+02, 1.45752533e+02,
    1.36755356e+02, 1.87249390e+02, 1.45874298e+02, 1.80821960e+02,
    1.54998840e+02, 1.74416870e+02, 1.64135788e+02, 1.67983139e+02,
    1.73266663e+02, 1.61532104e+02, 1.82454971e+02, 1.55092941e+02,
    1.43353165e+02, 1.96406250e+02, 1.52466675e+02, 1.90009949e+02,
    1.61635071e+02, 1.83573196e+02, 1.70730347e+02, 1.77190887e+02,
    1.79873352e+02, 1.70742783e+02, 1.88911926e+02, 1.64260315e+02 ]
