%YAML:1.0
---
points: [ 9.70499573e+01, 1.31812607e+02, 1.06181343e+02, 1.25244232e+02,
    1.15271713e+02, 1.18711617e+02, 1.24426979e+02, 1.12182755e+02,
    1.33667419e+02, 1.05613686e+02, 1.42842010e+02, 9.90940094e+01,
    1.03840942e+02, 1.41179077e+02, 1.12917892e+02, 1.34595551e+02,
    1.22083481e+02, 1.28109787e+02, 1.31195328e+02, 1.21583084e+02,
    1.40321960e+02, 1.15060249e+02, 1.49442291e+02, 1.08440338e+02,
    1.10439537e+02, 1.50346786e+02, 1.19581146e+02, 1.43895752e+02,
    1.28686874e+02, 1.37376389e+02, 1.37800308e+02, 1.30854614e+02,
    1.46917755e+02, 1.24356468e+02, 1.56113312e+02, 1.17781517e+02,
    1.17024864e+02, 1.59648743e+02, 1.26078384e+02, 1.53126785e+02,
    1.35242783e+02, 1.46636902e+02, 1.44342331e+02, 1.40174850e+02,
    1.53542175e+02, 1.33651321e+02, 1.62670578e+02, 1.27106094e+02,
    1.23566093e+02, 1.68801254e+02, 1.32687485e+02, 1.62352097e+02,
    1.41779297e+02, 1.55912292e+02, 1.50963715e+02, 1.49425674e+02,
    1.60109116e+02, 1.42967697e+02, 1.69284195e+02, 1.36432907e+02,
    1.30150192e+02, 1.78072113e+02, 1.39260727e+02, 1.71587311e+02,
    1.48456573e+02, 1.65201324e+02, 1.57551666e+02, 1.58700836e+02,
    1.66715622e+02, 1.52259155e+02, 1.75848068e+02, 1.45768509e+02,
    1.36799561e+02, 1.87199692e+02, 1.45895157e+02, 1.80833878e+02,
    1.55013626e+02, 1.74374756e+02, 1.64176666e+02, 1.67982040e+02,
    1.73280457e+02, 1.61553726e+02, 1.82484741e+02, 1.55067444e+02,
    1.43363770e+02, 1.96433716e+02, 1.52465286e+02, 1.90000900e+02,
    1.61676163e+02, 1.83567902e+02, 1.70761963e+02, 1.77201538e+02,
    1.79870071e+02, 1.70745712e+02, 1.89007538e+02, 1.64278427e+02 ]
