%YAML:1.0
---
points: [ 4.37459656e+02, 3.25069427e+02, 4.63855408e+02, 3.06549103e+02,
    4.90566467e+02, 2.87914459e+02, 5.17180969e+02, 2.69542938e+02,
    5.43714722e+02, 2.51068954e+02, 5.70558289e+02, 2.32591782e+02,
    4.57029968e+02, 3.52350830e+02, 4.83603699e+02, 3.33784760e+02,
    5.10123138e+02, 3.15408630e+02, 5.36612061e+02, 2.96970612e+02,
    5.63157227e+02, 2.78532074e+02, 5.89684692e+02, 2.59900238e+02,
    4.76159668e+02, 3.79299042e+02, 5.02673157e+02, 3.60788177e+02,
    5.29207214e+02, 3.42378906e+02, 5.55533325e+02, 3.24108521e+02,
    5.82067383e+02, 3.05533478e+02, 6.08573242e+02, 2.87086243e+02,
    4.94997131e+02, 4.05887634e+02, 5.21354919e+02, 3.87525238e+02,
    5.47890320e+02, 3.69161957e+02, 5.74284302e+02, 3.50743835e+02,
    6.00753479e+02, 3.32447052e+02, 6.27354248e+02, 3.13837341e+02,
    5.13682373e+02, 4.32632446e+02, 5.40175903e+02, 4.14357544e+02,
    5.66656189e+02, 3.96045715e+02, 5.93049133e+02, 3.77716492e+02,
    6.19578125e+02, 3.59336060e+02, 6.46044312e+02, 3.40784729e+02,
    5.32343933e+02, 4.59375122e+02, 5.58764648e+02, 4.41024597e+02,
    5.85428467e+02, 4.22703857e+02, 6.11809143e+02, 4.04511261e+02,
    6.38345032e+02, 3.86210144e+02, 6.64700439e+02, 3.67687866e+02,
    5.51278320e+02, 4.86055603e+02, 5.77661804e+02, 4.67753845e+02,
    6.04264404e+02, 4.49533569e+02, 6.30552185e+02, 4.31323273e+02,
    6.57040771e+02, 4.12865326e+02, 6.83485352e+02, 3.94531555e+02,
    5.70020874e+02, 5.12503906e+02, 5.96441467e+02, 4.94352753e+02,
    6.22873840e+02, 4.76152985e+02, 6.49284180e+02, 4.57791718e+02,
    6.75644714e+02, 4.39600281e+02, 7.02072388e+02, 4.21277924e+02 ]
