%YAML:1.0
---
points: [ 1.22508034e+02, 1.83266251e+02, 1.31231781e+02, 1.76821121e+02,
    1.40025787e+02, 1.70349854e+02, 1.48771194e+02, 1.63923111e+02,
    1.57639084e+02, 1.57397644e+02, 1.66515411e+02, 1.50899979e+02,
    1.29056885e+02, 1.92231522e+02, 1.37843033e+02, 1.85809326e+02,
    1.46662262e+02, 1.79335037e+02, 1.55401657e+02, 1.72933777e+02,
    1.64200119e+02, 1.66502579e+02, 1.73067825e+02, 1.59907883e+02,
    1.35593384e+02, 2.01164825e+02, 1.44343292e+02, 1.94756042e+02,
    1.53123947e+02, 1.88304886e+02, 1.61875122e+02, 1.81901688e+02,
    1.70701614e+02, 1.75465897e+02, 1.79535889e+02, 1.68944336e+02,
    1.41984177e+02, 2.10101959e+02, 1.50711365e+02, 2.03707932e+02,
    1.59506882e+02, 1.97250748e+02, 1.68284012e+02, 1.90862061e+02,
    1.77138199e+02, 1.84385635e+02, 1.86002060e+02, 1.77920837e+02,
    1.48364746e+02, 2.19046631e+02, 1.57143616e+02, 2.12657669e+02,
    1.65977615e+02, 2.06186722e+02, 1.74724747e+02, 1.99851303e+02,
    1.83595078e+02, 1.93372086e+02, 1.92423859e+02, 1.86949890e+02,
    1.54654861e+02, 2.27973389e+02, 1.63531403e+02, 2.21576004e+02,
    1.72367966e+02, 2.15216904e+02, 1.81160858e+02, 2.08771713e+02,
    1.90020035e+02, 2.02362930e+02, 1.98873993e+02, 1.95954315e+02,
    1.61154877e+02, 2.36895020e+02, 1.69962799e+02, 2.30540802e+02,
    1.78785782e+02, 2.24189499e+02, 1.87591980e+02, 2.17823257e+02,
    1.96465317e+02, 2.11409622e+02, 2.05293701e+02, 2.04957687e+02,
    1.67620163e+02, 2.45827545e+02, 1.76358444e+02, 2.39475525e+02,
    1.85231491e+02, 2.33072800e+02, 1.93993591e+02, 2.26758240e+02,
    2.02943115e+02, 2.20354507e+02, 2.11733658e+02, 2.13925461e+02 ]
