%YAML:1.0
---
points: [ 5.11518311e+02, 4.74222351e+02, 5.36563599e+02, 4.55860840e+02,
    5.62026550e+02, 4.37542908e+02, 5.87374756e+02, 4.19283813e+02,
    6.12843872e+02, 4.00675690e+02, 6.38480957e+02, 3.82317566e+02,
    5.30245483e+02, 5.00202606e+02, 5.55483826e+02, 4.81950195e+02,
    5.80761536e+02, 4.63622162e+02, 6.06214294e+02, 4.45393829e+02,
    6.31568604e+02, 4.26968567e+02, 6.57071289e+02, 4.08397980e+02,
    5.48564453e+02, 5.25974487e+02, 5.73813904e+02, 5.07716003e+02,
    5.99273621e+02, 4.89537170e+02, 6.24500000e+02, 4.71321228e+02,
    6.49797058e+02, 4.52908264e+02, 6.75383545e+02, 4.34425354e+02,
    5.66575928e+02, 5.51781189e+02, 5.91931641e+02, 5.33633362e+02,
    6.17294617e+02, 5.15395996e+02, 6.42545349e+02, 4.97247498e+02,
    6.68098755e+02, 4.78826050e+02, 6.93572449e+02, 4.60374634e+02,
    5.84668274e+02, 5.77627136e+02, 6.10146179e+02, 5.59498169e+02,
    6.35452271e+02, 5.41392578e+02, 6.60784790e+02, 5.23251770e+02,
    6.86284363e+02, 5.04838104e+02, 7.11748962e+02, 4.86476074e+02,
    6.02691711e+02, 6.03607910e+02, 6.28167542e+02, 5.85495667e+02,
    6.53588989e+02, 5.67331909e+02, 6.79094849e+02, 5.49231812e+02,
    7.04450562e+02, 5.30884888e+02, 7.30017151e+02, 5.12545105e+02,
    6.20975708e+02, 6.29398071e+02, 6.46432922e+02, 6.11336548e+02,
    6.71741150e+02, 5.93375549e+02, 6.97294983e+02, 5.75183960e+02,
    7.22631287e+02, 5.56905029e+02, 7.48383789e+02, 5.38638245e+02,
    6.39182922e+02, 6.55319458e+02, 6.64580566e+02, 6.37237366e+02,
    6.90036316e+02, 6.19127747e+02, 7.15411621e+02, 6.01106506e+02,
    7.40804199e+02, 5.83015625e+02, 7.66516052e+02, 5.64670349e+02 ]
