%YAML:1.0
---
points: [ 5.11550964e+02, 4.74205475e+02, 5.36641052e+02, 4.55868622e+02,
    5.62083374e+02, 4.37543152e+02, 5.87433777e+02, 4.19197479e+02,
    6.12913513e+02, 4.00737091e+02, 6.38455383e+02, 3.82294525e+02,
    5.30273804e+02, 5.00180450e+02, 5.55512268e+02, 4.81898926e+02,
    5.80823303e+02, 4.63587250e+02, 6.06221863e+02, 4.45360107e+02,
    6.31580322e+02, 4.26960175e+02, 6.57118713e+02, 4.08414032e+02,
    5.48631042e+02, 5.25962952e+02, 5.73881470e+02, 5.07657074e+02,
    5.99294067e+02, 4.89505157e+02, 6.24527405e+02, 4.71293091e+02,
    6.49826660e+02, 4.52853638e+02, 6.75458252e+02, 4.34432770e+02,
    5.66582520e+02, 5.51795044e+02, 5.92021790e+02, 5.33621521e+02,
    6.17316650e+02, 5.15382874e+02, 6.42580933e+02, 4.97260925e+02,
    6.68093750e+02, 4.78790680e+02, 6.93580444e+02, 4.60409698e+02,
    5.84678467e+02, 5.77634827e+02, 6.10169678e+02, 5.59500793e+02,
    6.35470215e+02, 5.41404358e+02, 6.60840820e+02, 5.23261902e+02,
    6.86330322e+02, 5.04852539e+02, 7.11812988e+02, 4.86492584e+02,
    6.02698364e+02, 6.03591980e+02, 6.28166382e+02, 5.85475159e+02,
    6.53641907e+02, 5.67323059e+02, 6.79091614e+02, 5.49143433e+02,
    7.04493713e+02, 5.30828003e+02, 7.30032654e+02, 5.12512146e+02,
    6.20995605e+02, 6.29391724e+02, 6.46457947e+02, 6.11335815e+02,
    6.71764587e+02, 5.93313354e+02, 6.97287964e+02, 5.75215332e+02,
    7.22672241e+02, 5.56941467e+02, 7.48364258e+02, 5.38657410e+02,
    6.39232666e+02, 6.55257874e+02, 6.64600464e+02, 6.37220154e+02,
    6.89994263e+02, 6.19130798e+02, 7.15500916e+02, 6.01022766e+02,
    7.40880249e+02, 5.82936890e+02, 7.66565796e+02, 5.64677734e+02 ]
