%YAML:1.0
---
points: [ 1.31394580e+03, 3.09403961e+02, 1.31257471e+03, 3.33422455e+02,
    1.31123499e+03, 3.56991913e+02, 1.30971692e+03, 3.80484680e+02,
    1.30828528e+03, 4.03580261e+02, 1.30679919e+03, 4.26774384e+02,
    1.29013538e+03, 3.09560211e+02, 1.28865222e+03, 3.33599060e+02,
    1.28730481e+03, 3.57216095e+02, 1.28609485e+03, 3.80605438e+02,
    1.28477356e+03, 4.03639038e+02, 1.28355298e+03, 4.26836884e+02,
    1.26638208e+03, 3.09820770e+02, 1.26510303e+03, 3.33743774e+02,
    1.26402344e+03, 3.57349548e+02, 1.26277649e+03, 3.80722015e+02,
    1.26157874e+03, 4.03797333e+02, 1.26047888e+03, 4.26909271e+02,
    1.24285010e+03, 3.10127380e+02, 1.24178784e+03, 3.34022461e+02,
    1.24070386e+03, 3.57500946e+02, 1.23954089e+03, 3.80890594e+02,
    1.23849780e+03, 4.03907562e+02, 1.23759314e+03, 4.26977051e+02,
    1.21938318e+03, 3.10334229e+02, 1.21838525e+03, 3.34252106e+02,
    1.21742786e+03, 3.57665436e+02, 1.21649390e+03, 3.81031738e+02,
    1.21558325e+03, 4.04045532e+02, 1.21453748e+03, 4.27097717e+02,
    1.19596826e+03, 3.10513092e+02, 1.19519019e+03, 3.34356354e+02,
    1.19430078e+03, 3.57807495e+02, 1.19339148e+03, 3.81144226e+02,
    1.19244788e+03, 4.04200165e+02, 1.19166357e+03, 4.27204254e+02,
    1.17256909e+03, 3.10766052e+02, 1.17170569e+03, 3.34459167e+02,
    1.17098999e+03, 3.57925140e+02, 1.17036853e+03, 3.81329010e+02,
    1.16954639e+03, 4.04304840e+02, 1.16877222e+03, 4.27330200e+02,
    1.14928931e+03, 3.10941864e+02, 1.14860242e+03, 3.34554993e+02,
    1.14791528e+03, 3.58095032e+02, 1.14730017e+03, 3.81400757e+02,
    1.14661572e+03, 4.04385315e+02, 1.14592590e+03, 4.27357574e+02 ]
