%YAML:1.0
---
points: [ 1.22544785e+02, 1.83297379e+02, 1.31255798e+02, 1.76837585e+02,
    1.40015854e+02, 1.70375671e+02, 1.48823578e+02, 1.63918365e+02,
    1.57643631e+02, 1.57420258e+02, 1.66565353e+02, 1.50893677e+02,
    1.29103027e+02, 1.92237595e+02, 1.37872131e+02, 1.85778488e+02,
    1.46672638e+02, 1.79361938e+02, 1.55409866e+02, 1.72937347e+02,
    1.64226929e+02, 1.66502914e+02, 1.73073181e+02, 1.59908783e+02,
    1.35616501e+02, 2.01156921e+02, 1.44338852e+02, 1.94763733e+02,
    1.53101181e+02, 1.88293488e+02, 1.61909973e+02, 1.81907455e+02,
    1.70709732e+02, 1.75440201e+02, 1.79542603e+02, 1.68955307e+02,
    1.42014893e+02, 2.10107834e+02, 1.50741669e+02, 2.03683289e+02,
    1.59540985e+02, 1.97279678e+02, 1.68295258e+02, 1.90878586e+02,
    1.77198761e+02, 1.84384598e+02, 1.85986053e+02, 1.77933319e+02,
    1.48368423e+02, 2.19079620e+02, 1.57151001e+02, 2.12668549e+02,
    1.65966995e+02, 2.06176697e+02, 1.74716888e+02, 1.99849472e+02,
    1.83615036e+02, 1.93398087e+02, 1.92447495e+02, 1.86936539e+02,
    1.54653214e+02, 2.27999130e+02, 1.63527771e+02, 2.21597672e+02,
    1.72372757e+02, 2.15223633e+02, 1.81144608e+02, 2.08772827e+02,
    1.90009415e+02, 2.02369171e+02, 1.98887878e+02, 1.95968155e+02,
    1.61151169e+02, 2.36891769e+02, 1.69997665e+02, 2.30518951e+02,
    1.78815430e+02, 2.24178787e+02, 1.87627426e+02, 2.17812073e+02,
    1.96511093e+02, 2.11428741e+02, 2.05359390e+02, 2.04923828e+02,
    1.67647842e+02, 2.45805954e+02, 1.76386566e+02, 2.39508881e+02,
    1.85216904e+02, 2.33073410e+02, 1.94010773e+02, 2.26692444e+02,
    2.02888046e+02, 2.20329910e+02, 2.11743576e+02, 2.13903641e+02 ]
