%YAML:1.0
---
points: [ 5.11581085e+02, 4.74231934e+02, 5.36660645e+02, 4.55885132e+02,
    5.62119141e+02, 4.37524994e+02, 5.87445068e+02, 4.19239349e+02,
    6.12903076e+02, 4.00696259e+02, 6.38506348e+02, 3.82297119e+02,
    5.30328552e+02, 5.00167297e+02, 5.55509888e+02, 4.81870026e+02,
    5.80831177e+02, 4.63639008e+02, 6.06250793e+02, 4.45382629e+02,
    6.31636169e+02, 4.26966003e+02, 6.57154785e+02, 4.08395721e+02,
    5.48675903e+02, 5.26017944e+02, 5.73919006e+02, 5.07671814e+02,
    5.99336609e+02, 4.89540680e+02, 6.24542786e+02, 4.71320343e+02,
    6.49929382e+02, 4.52884827e+02, 6.75441284e+02, 4.34434052e+02,
    5.66617249e+02, 5.51804688e+02, 5.92068237e+02, 5.33586487e+02,
    6.17326111e+02, 5.15420532e+02, 6.42620544e+02, 4.97236267e+02,
    6.68115356e+02, 4.78822632e+02, 6.93591248e+02, 4.60435486e+02,
    5.84762756e+02, 5.77637207e+02, 6.10227478e+02, 5.59512512e+02,
    6.35529480e+02, 5.41402771e+02, 6.60901550e+02, 5.23243591e+02,
    6.86349121e+02, 5.04830383e+02, 7.11842163e+02, 4.86473633e+02,
    6.02753479e+02, 6.03616150e+02, 6.28219482e+02, 5.85476807e+02,
    6.53697998e+02, 5.67373596e+02, 6.79231323e+02, 5.49180786e+02,
    7.04550415e+02, 5.30797119e+02, 7.30112488e+02, 5.12532043e+02,
    6.21126526e+02, 6.29406799e+02, 6.46498474e+02, 6.11367554e+02,
    6.71837769e+02, 5.93360352e+02, 6.97326660e+02, 5.75178528e+02,
    7.22783203e+02, 5.56947205e+02, 7.48424438e+02, 5.38587830e+02,
    6.39303223e+02, 6.55217468e+02, 6.64653564e+02, 6.37265320e+02,
    6.90109253e+02, 6.19177063e+02, 7.15510742e+02, 6.01026184e+02,
    7.40990234e+02, 5.82974426e+02, 7.66583984e+02, 5.64633606e+02 ]
