%YAML:1.0
---
points: [ 1.22530014e+02, 1.83282074e+02, 1.31242889e+02, 1.76828659e+02,
    1.40016861e+02, 1.70354874e+02, 1.48809189e+02, 1.63928528e+02,
    1.57657639e+02, 1.57372955e+02, 1.66545288e+02, 1.50869110e+02,
    1.29127884e+02, 1.92245575e+02, 1.37885651e+02, 1.85838989e+02,
    1.46663406e+02, 1.79351196e+02, 1.55417953e+02, 1.72960159e+02,
    1.64229233e+02, 1.66482208e+02, 1.73068069e+02, 1.59905746e+02,
    1.35633545e+02, 2.01149750e+02, 1.44374207e+02, 1.94760834e+02,
    1.53134033e+02, 1.88295181e+02, 1.61912811e+02, 1.81907654e+02,
    1.70703598e+02, 1.75438248e+02, 1.79556808e+02, 1.68968674e+02,
    1.42000519e+02, 2.10080933e+02, 1.50773514e+02, 2.03683487e+02,
    1.59581604e+02, 1.97263519e+02, 1.68323822e+02, 1.90872787e+02,
    1.77185059e+02, 1.84401596e+02, 1.86022278e+02, 1.77894897e+02,
    1.48385773e+02, 2.19046707e+02, 1.57171997e+02, 2.12680740e+02,
    1.65952896e+02, 2.06190918e+02, 1.74757004e+02, 1.99851974e+02,
    1.83610687e+02, 1.93361221e+02, 1.92478043e+02, 1.86937897e+02,
    1.54680252e+02, 2.27983459e+02, 1.63519119e+02, 2.21592606e+02,
    1.72411987e+02, 2.15195160e+02, 1.81167984e+02, 2.08776108e+02,
    1.90038696e+02, 2.02365540e+02, 1.98878433e+02, 1.95964264e+02,
    1.61180008e+02, 2.36871674e+02, 1.69999023e+02, 2.30527817e+02,
    1.78833817e+02, 2.24182709e+02, 1.87635269e+02, 2.17797913e+02,
    1.96511307e+02, 2.11371338e+02, 2.05342957e+02, 2.04933746e+02,
    1.67629639e+02, 2.45840363e+02, 1.76375107e+02, 2.39491837e+02,
    1.85241714e+02, 2.33056351e+02, 1.94037857e+02, 2.26719391e+02,
    2.02953583e+02, 2.20347702e+02, 2.11750824e+02, 2.13897018e+02 ]
