%YAML:1.0
---
points: [ 1.13638843e+03, 5.12717285e+02, 1.13712134e+03, 4.90653412e+02,
    1.13785376e+03, 4.68159882e+02, 1.13853320e+03, 4.45587585e+02,
    1.13927478e+03, 4.22932526e+02, 1.14016479e+03, 3.99986206e+02,
    1.15871216e+03, 5.12955688e+02, 1.15957178e+03, 4.90724182e+02,
    1.16039819e+03, 4.68340393e+02, 1.16121509e+03, 4.45702118e+02,
    1.16219373e+03, 4.23136719e+02, 1.16311267e+03, 4.00100342e+02,
    1.18114429e+03, 5.13296204e+02, 1.18213733e+03, 4.90921692e+02,
    1.18310193e+03, 4.68538940e+02, 1.18416223e+03, 4.45947327e+02,
    1.18511865e+03, 4.23312683e+02, 1.18608679e+03, 4.00220825e+02,
    1.20373999e+03, 5.13434021e+02, 1.20473206e+03, 4.91164337e+02,
    1.20578027e+03, 4.68693207e+02, 1.20686499e+03, 4.46151642e+02,
    1.20779663e+03, 4.23417511e+02, 1.20898071e+03, 4.00334198e+02,
    1.22635352e+03, 5.13526978e+02, 1.22746472e+03, 4.91366302e+02,
    1.22852588e+03, 4.68830841e+02, 1.22960266e+03, 4.46245819e+02,
    1.23097546e+03, 4.23505951e+02, 1.23212036e+03, 4.00462982e+02,
    1.24880273e+03, 5.13699036e+02, 1.24988611e+03, 4.91484161e+02,
    1.25115540e+03, 4.69049347e+02, 1.25259949e+03, 4.46363068e+02,
    1.25378540e+03, 4.23582001e+02, 1.25496094e+03, 4.00560944e+02,
    1.27136304e+03, 5.13891174e+02, 1.27278674e+03, 4.91680328e+02,
    1.27418750e+03, 4.69241577e+02, 1.27545227e+03, 4.46485443e+02,
    1.27672791e+03, 4.23647675e+02, 1.27830017e+03, 4.00675079e+02,
    1.29438867e+03, 5.14217651e+02, 1.29575989e+03, 4.91868256e+02,
    1.29715784e+03, 4.69479462e+02, 1.29869128e+03, 4.46668854e+02,
    1.30029285e+03, 4.23856659e+02, 1.30173779e+03, 4.00808624e+02 ]
