%YAML:1.0
---
points: [ 5.11593109e+02, 4.74218994e+02, 5.36640503e+02, 4.55847748e+02,
    5.62184875e+02, 4.37542511e+02, 5.87460266e+02, 4.19213654e+02,
    6.12876343e+02, 4.00686310e+02, 6.38582886e+02, 3.82309631e+02,
    5.30359619e+02, 5.00140778e+02, 5.55547668e+02, 4.81856934e+02,
    5.80969727e+02, 4.63624847e+02, 6.06294617e+02, 4.45385376e+02,
    6.31635742e+02, 4.26918488e+02, 6.57213684e+02, 4.08396942e+02,
    5.48629578e+02, 5.25953857e+02, 5.73903076e+02, 5.07731323e+02,
    5.99326477e+02, 4.89520569e+02, 6.24557312e+02, 4.71322388e+02,
    6.49944153e+02, 4.52869659e+02, 6.75496216e+02, 4.34442566e+02,
    5.66650269e+02, 5.51771301e+02, 5.92018311e+02, 5.33586304e+02,
    6.17396179e+02, 5.15420105e+02, 6.42641052e+02, 4.97250153e+02,
    6.68175354e+02, 4.78799194e+02, 6.93619934e+02, 4.60430603e+02,
    5.84748657e+02, 5.77620972e+02, 6.10210815e+02, 5.59504578e+02,
    6.35502441e+02, 5.41401978e+02, 6.60977600e+02, 5.23227722e+02,
    6.86352173e+02, 5.04800446e+02, 7.11877136e+02, 4.86417786e+02,
    6.02791565e+02, 6.03608887e+02, 6.28225098e+02, 5.85449280e+02,
    6.53695679e+02, 5.67349487e+02, 6.79219788e+02, 5.49168823e+02,
    7.04529541e+02, 5.30800049e+02, 7.30140076e+02, 5.12569031e+02,
    6.21184204e+02, 6.29361633e+02, 6.46497070e+02, 6.11390259e+02,
    6.71909729e+02, 5.93354675e+02, 6.97333679e+02, 5.75221436e+02,
    7.22768921e+02, 5.56916443e+02, 7.48442261e+02, 5.38621155e+02,
    6.39320007e+02, 6.55233337e+02, 6.64693726e+02, 6.37243164e+02,
    6.90139282e+02, 6.19175171e+02, 7.15529968e+02, 6.01104736e+02,
    7.41048401e+02, 5.82919495e+02, 7.66597656e+02, 5.64672791e+02 ]
