%YAML:1.0
---
points: [ 1.22576042e+02, 1.83262634e+02, 1.31291580e+02, 1.76826248e+02,
    1.40028259e+02, 1.70352036e+02, 1.48812180e+02, 1.63932465e+02,
    1.57675110e+02, 1.57389008e+02, 1.66553940e+02, 1.50896255e+02,
    1.29122223e+02, 1.92244614e+02, 1.37896179e+02, 1.85813141e+02,
    1.46700424e+02, 1.79362244e+02, 1.55439728e+02, 1.72941635e+02,
    1.64269501e+02, 1.66471466e+02, 1.73072800e+02, 1.59934113e+02,
    1.35655746e+02, 2.01140305e+02, 1.44370361e+02, 1.94782867e+02,
    1.53145233e+02, 1.88296127e+02, 1.61941742e+02, 1.81923477e+02,
    1.70696335e+02, 1.75438812e+02, 1.79552795e+02, 1.68968933e+02,
    1.42039246e+02, 2.10100006e+02, 1.50741348e+02, 2.03721008e+02,
    1.59534424e+02, 1.97286972e+02, 1.68339493e+02, 1.90860107e+02,
    1.77162460e+02, 1.84388428e+02, 1.86042603e+02, 1.77876221e+02,
    1.48401230e+02, 2.19077179e+02, 1.57157883e+02, 2.12665375e+02,
    1.66001480e+02, 2.06170197e+02, 1.74773178e+02, 1.99837860e+02,
    1.83629715e+02, 1.93369766e+02, 1.92464127e+02, 1.86929062e+02,
    1.54746826e+02, 2.27970978e+02, 1.63563019e+02, 2.21576843e+02,
    1.72454895e+02, 2.15196838e+02, 1.81202301e+02, 2.08723969e+02,
    1.90079468e+02, 2.02378708e+02, 1.98886032e+02, 1.95945969e+02,
    1.61193848e+02, 2.36888458e+02, 1.69992081e+02, 2.30534363e+02,
    1.78815323e+02, 2.24173553e+02, 1.87664154e+02, 2.17819794e+02,
    1.96495712e+02, 2.11429977e+02, 2.05369827e+02, 2.04946350e+02,
    1.67626205e+02, 2.45812546e+02, 1.76392426e+02, 2.39475754e+02,
    1.85270569e+02, 2.33081161e+02, 1.94062805e+02, 2.26722443e+02,
    2.02978394e+02, 2.20347076e+02, 2.11760284e+02, 2.13894897e+02 ]
