%YAML:1.0
---
points: [ 4.86267914e+02, 3.26671722e+02, 5.11670776e+02, 3.08250763e+02,
    5.37358948e+02, 2.89594391e+02, 5.63114929e+02, 2.71349121e+02,
    5.88821106e+02, 2.52652130e+02, 6.14706543e+02, 2.34132706e+02,
    5.05302490e+02, 3.53229767e+02, 5.30771790e+02, 3.34782196e+02,
    5.56477051e+02, 3.16484131e+02, 5.82093445e+02, 2.97937042e+02,
    6.07770142e+02, 2.79552032e+02, 6.33580383e+02, 2.60787689e+02,
    5.23828918e+02, 3.79489197e+02, 5.49474976e+02, 3.61164093e+02,
    5.75059692e+02, 3.42613464e+02, 6.00601868e+02, 3.24429535e+02,
    6.26371765e+02, 3.05859833e+02, 6.52110718e+02, 2.87315308e+02,
    5.42227844e+02, 4.05540588e+02, 5.67665466e+02, 3.87263275e+02,
    5.93381470e+02, 3.68975800e+02, 6.18933350e+02, 3.50617554e+02,
    6.44674133e+02, 3.32195343e+02, 6.70520935e+02, 3.13607788e+02,
    5.60495789e+02, 4.31709747e+02, 5.86165710e+02, 4.13471649e+02,
    6.11693542e+02, 3.95168762e+02, 6.37386963e+02, 3.76924072e+02,
    6.63161194e+02, 3.58489105e+02, 6.88761475e+02, 3.39980560e+02,
    5.78721313e+02, 4.57749146e+02, 6.04396973e+02, 4.39551910e+02,
    6.30174622e+02, 4.21484497e+02, 6.55691345e+02, 4.03183502e+02,
    6.81470764e+02, 3.84816315e+02, 7.07297485e+02, 3.66338470e+02,
    5.97252197e+02, 4.83894836e+02, 6.22869751e+02, 4.65735260e+02,
    6.48481750e+02, 4.47547150e+02, 6.74185059e+02, 4.29419922e+02,
    6.99795410e+02, 4.11104980e+02, 7.25600342e+02, 3.92640594e+02,
    6.15575012e+02, 5.09816376e+02, 6.41210754e+02, 4.91749878e+02,
    6.66820129e+02, 4.73681702e+02, 6.92428589e+02, 4.55450043e+02,
    7.18151428e+02, 4.37284729e+02, 7.43805847e+02, 4.18894440e+02 ]
