%YAML:1.0
---
points: [ 1.13420593e+02, 1.32108459e+02, 1.22249634e+02, 1.25584450e+02,
    1.31085068e+02, 1.19053146e+02, 1.39959839e+02, 1.12570641e+02,
    1.48867844e+02, 1.05994553e+02, 1.57870621e+02, 9.93933792e+01,
    1.20088028e+02, 1.41234970e+02, 1.28887817e+02, 1.34736710e+02,
    1.37703461e+02, 1.28233856e+02, 1.46567734e+02, 1.21717995e+02,
    1.55480530e+02, 1.15203346e+02, 1.64364120e+02, 1.08605438e+02,
    1.26581230e+02, 1.50247711e+02, 1.35389969e+02, 1.43836395e+02,
    1.44256058e+02, 1.37330200e+02, 1.53091354e+02, 1.30841339e+02,
    1.61971039e+02, 1.24326080e+02, 1.70865860e+02, 1.17739975e+02,
    1.32988831e+02, 1.59289734e+02, 1.41799377e+02, 1.52877823e+02,
    1.50680298e+02, 1.46386169e+02, 1.59539276e+02, 1.39947144e+02,
    1.68445541e+02, 1.33420990e+02, 1.77386703e+02, 1.26823921e+02,
    1.39455978e+02, 1.68310944e+02, 1.48263229e+02, 1.61894012e+02,
    1.57164154e+02, 1.55478165e+02, 1.66033798e+02, 1.49048172e+02,
    1.74920197e+02, 1.42531372e+02, 1.83821594e+02, 1.36011002e+02,
    1.45892212e+02, 1.77347107e+02, 1.54760513e+02, 1.70954163e+02,
    1.63674149e+02, 1.64571365e+02, 1.72536713e+02, 1.58106888e+02,
    1.81427841e+02, 1.51690933e+02, 1.90362335e+02, 1.45129669e+02,
    1.52450653e+02, 1.86377426e+02, 1.61308426e+02, 1.79981720e+02,
    1.70126602e+02, 1.73601959e+02, 1.79000015e+02, 1.67199707e+02,
    1.87882477e+02, 1.60752975e+02, 1.96868408e+02, 1.54291000e+02,
    1.58887711e+02, 1.95333557e+02, 1.67731308e+02, 1.88987823e+02,
    1.76658447e+02, 1.82558716e+02, 1.85531448e+02, 1.76230408e+02,
    1.94418945e+02, 1.69779984e+02, 2.03292084e+02, 1.63346741e+02 ]
