%YAML:1.0
---
points: [ 1.13427071e+02, 1.32138794e+02, 1.22260773e+02, 1.25600502e+02,
    1.31109238e+02, 1.19086777e+02, 1.39994553e+02, 1.12567505e+02,
    1.48889191e+02, 1.06037086e+02, 1.57890427e+02, 9.93843079e+01,
    1.20131615e+02, 1.41257767e+02, 1.28890381e+02, 1.34744858e+02,
    1.37704681e+02, 1.28262695e+02, 1.46563690e+02, 1.21744522e+02,
    1.55472137e+02, 1.15212479e+02, 1.64374374e+02, 1.08634262e+02,
    1.26596512e+02, 1.50292908e+02, 1.35414093e+02, 1.43848038e+02,
    1.44250214e+02, 1.37365616e+02, 1.53100143e+02, 1.30848572e+02,
    1.61966171e+02, 1.24326263e+02, 1.70860718e+02, 1.17747032e+02,
    1.32985687e+02, 1.59358673e+02, 1.41827103e+02, 1.52905548e+02,
    1.50722458e+02, 1.46390625e+02, 1.59554764e+02, 1.39941559e+02,
    1.68473251e+02, 1.33471359e+02, 1.77390137e+02, 1.26881821e+02,
    1.39474197e+02, 1.68320648e+02, 1.48327652e+02, 1.61951370e+02,
    1.57187729e+02, 1.55504517e+02, 1.66075317e+02, 1.49023575e+02,
    1.74953415e+02, 1.42555145e+02, 1.83854294e+02, 1.36052902e+02,
    1.45895645e+02, 1.77383804e+02, 1.54774185e+02, 1.70978806e+02,
    1.63632523e+02, 1.64569931e+02, 1.72542328e+02, 1.58132034e+02,
    1.81453018e+02, 1.51694427e+02, 1.90351944e+02, 1.45173904e+02,
    1.52439972e+02, 1.86370651e+02, 1.61282196e+02, 1.80021271e+02,
    1.70132294e+02, 1.73594559e+02, 1.79016296e+02, 1.67224136e+02,
    1.87871674e+02, 1.60778198e+02, 1.96875381e+02, 1.54256470e+02,
    1.58895767e+02, 1.95372055e+02, 1.67753525e+02, 1.89020264e+02,
    1.76694855e+02, 1.82603394e+02, 1.85534576e+02, 1.76257935e+02,
    1.94430893e+02, 1.69828217e+02, 2.03314514e+02, 1.63352768e+02 ]
