%YAML:1.0
---
points: [ 4.86339569e+02, 3.26689636e+02, 5.11730560e+02, 3.08307037e+02,
    5.37445312e+02, 2.89649719e+02, 5.63198181e+02, 2.71369904e+02,
    5.88845337e+02, 2.52701279e+02, 6.14761414e+02, 2.34213074e+02,
    5.05348083e+02, 3.53262482e+02, 5.30814209e+02, 3.34822052e+02,
    5.56514160e+02, 3.16497681e+02, 5.82216614e+02, 2.98028809e+02,
    6.07821655e+02, 2.79578033e+02, 6.33596375e+02, 2.60869781e+02,
    5.23856323e+02, 3.79536774e+02, 5.49517029e+02, 3.61203735e+02,
    5.75102173e+02, 3.42660767e+02, 6.00632629e+02, 3.24476807e+02,
    6.26400208e+02, 3.05918884e+02, 6.52173035e+02, 2.87343781e+02,
    5.42297119e+02, 4.05573761e+02, 5.67738770e+02, 3.87290802e+02,
    5.93410522e+02, 3.68991028e+02, 6.18985291e+02, 3.50672394e+02,
    6.44698914e+02, 3.32294525e+02, 6.70551941e+02, 3.13647552e+02,
    5.60558289e+02, 4.31753479e+02, 5.86214111e+02, 4.13539734e+02,
    6.11768005e+02, 3.95251617e+02, 6.37429932e+02, 3.77050995e+02,
    6.63186279e+02, 3.58503723e+02, 6.88841797e+02, 3.40046692e+02,
    5.78787598e+02, 4.57819427e+02, 6.04429810e+02, 4.39602692e+02,
    6.30209595e+02, 4.21502289e+02, 6.55752686e+02, 4.03261749e+02,
    6.81520569e+02, 3.84866211e+02, 7.07303284e+02, 3.66422302e+02,
    5.97324707e+02, 4.83985077e+02, 6.22940613e+02, 4.65760864e+02,
    6.48515625e+02, 4.47588562e+02, 6.74229309e+02, 4.29463562e+02,
    6.99819031e+02, 4.11161194e+02, 7.25668396e+02, 3.92688202e+02,
    6.15637939e+02, 5.09897369e+02, 6.41253723e+02, 4.91784058e+02,
    6.66864075e+02, 4.73735107e+02, 6.92467468e+02, 4.55507782e+02,
    7.18191589e+02, 4.37334778e+02, 7.43833313e+02, 4.18938690e+02 ]
