%YAML:1.0
---
points: [ 8.21645569e+02, 5.88899841e+02, 8.21506226e+02, 5.67025391e+02,
    8.21345825e+02, 5.45018372e+02, 8.21134460e+02, 5.22939026e+02,
    8.20820618e+02, 5.00529968e+02, 8.20676941e+02, 4.77821289e+02,
    8.43860413e+02, 5.89162415e+02, 8.43759705e+02, 5.67248291e+02,
    8.43697266e+02, 5.45236572e+02, 8.43589722e+02, 5.23199829e+02,
    8.43497681e+02, 5.00722015e+02, 8.43390564e+02, 4.78198364e+02,
    8.66205505e+02, 5.89396240e+02, 8.66102722e+02, 5.67416992e+02,
    8.66066833e+02, 5.45418823e+02, 8.66005066e+02, 5.23335266e+02,
    8.65941284e+02, 5.01025146e+02, 8.65968262e+02, 4.78385376e+02,
    8.88486938e+02, 5.89554749e+02, 8.88559265e+02, 5.67580444e+02,
    8.88615845e+02, 5.45609741e+02, 8.88647522e+02, 5.23513367e+02,
    8.88666687e+02, 5.01239594e+02, 8.88710144e+02, 4.78546082e+02,
    9.10804321e+02, 5.89705383e+02, 9.10910889e+02, 5.67689758e+02,
    9.11054016e+02, 5.45737305e+02, 9.11149231e+02, 5.23727051e+02,
    9.11280762e+02, 5.01440521e+02, 9.11437500e+02, 4.78768219e+02,
    9.32884399e+02, 5.89881958e+02, 9.33115479e+02, 5.67863953e+02,
    9.33349304e+02, 5.45870422e+02, 9.33540100e+02, 5.23838379e+02,
    9.33729675e+02, 5.01606354e+02, 9.33877258e+02, 4.79005219e+02,
    9.54976624e+02, 5.90153870e+02, 9.55321350e+02, 5.68148926e+02,
    9.55635071e+02, 5.46184570e+02, 9.55886230e+02, 5.24041809e+02,
    9.56266174e+02, 5.01777100e+02, 9.56548035e+02, 4.79275269e+02,
    9.77305298e+02, 5.90383057e+02, 9.77684143e+02, 5.68469971e+02,
    9.78089783e+02, 5.46483643e+02, 9.78534180e+02, 5.24460388e+02,
    9.78876465e+02, 5.02147766e+02, 9.79316101e+02, 4.79633759e+02 ]
