%YAML:1.0
---
points: [ 9.14642578e+02, 3.22640198e+02, 9.41155640e+02, 3.03012665e+02,
    9.67929993e+02, 2.83334930e+02, 9.94745667e+02, 2.63496735e+02,
    1.02180750e+03, 2.43427200e+02, 1.04913342e+03, 2.23262863e+02,
    9.33438904e+02, 3.49423889e+02, 9.60135132e+02, 3.29822876e+02,
    9.86799011e+02, 3.10313477e+02, 1.01376013e+03, 2.90523743e+02,
    1.04087927e+03, 2.70501007e+02, 1.06834460e+03, 2.50348434e+02,
    9.52218811e+02, 3.75872131e+02, 9.78834167e+02, 3.56504364e+02,
    1.00564972e+03, 3.36832794e+02, 1.03264783e+03, 3.17315063e+02,
    1.05982642e+03, 2.97427460e+02, 1.08738403e+03, 2.77243713e+02,
    9.70920959e+02, 4.02399658e+02, 9.97654602e+02, 3.82999298e+02,
    1.02459167e+03, 3.63532379e+02, 1.05160632e+03, 3.43867981e+02,
    1.07897705e+03, 3.24198395e+02, 1.10653125e+03, 3.04108093e+02,
    9.89664795e+02, 4.29088959e+02, 1.01661560e+03, 4.09644501e+02,
    1.04358594e+03, 3.90283295e+02, 1.07068750e+03, 3.70783295e+02,
    1.09807874e+03, 3.51048187e+02, 1.12574500e+03, 3.31145386e+02,
    1.00852228e+03, 4.55654388e+02, 1.03549036e+03, 4.36463959e+02,
    1.06266125e+03, 4.17161072e+02, 1.08980322e+03, 3.97636383e+02,
    1.11740210e+03, 3.78085693e+02, 1.14516968e+03, 3.58205414e+02,
    1.02747192e+03, 4.82488953e+02, 1.05452380e+03, 4.63377716e+02,
    1.08171008e+03, 4.44182587e+02, 1.10911157e+03, 4.24708496e+02,
    1.13662036e+03, 4.05107056e+02, 1.16450598e+03, 3.85313263e+02,
    1.04642847e+03, 5.09381805e+02, 1.07356384e+03, 4.90219757e+02,
    1.10081592e+03, 4.71020203e+02, 1.12824463e+03, 4.51657593e+02,
    1.15598889e+03, 4.32291199e+02, 1.18397241e+03, 4.12466461e+02 ]
