%YAML:1.0
---
points: [ 2.62775146e+02, 1.29279083e+02, 2.72033844e+02, 1.22253487e+02,
    2.81368958e+02, 1.15290634e+02, 2.90777100e+02, 1.08252594e+02,
    3.00218475e+02, 1.01125633e+02, 3.09784302e+02, 9.38911819e+01,
    2.69451050e+02, 1.38536499e+02, 2.78667084e+02, 1.31648483e+02,
    2.88041504e+02, 1.24644211e+02, 2.97435913e+02, 1.17617996e+02,
    3.06960815e+02, 1.10520050e+02, 3.16529083e+02, 1.03319542e+02,
    2.76055664e+02, 1.47751709e+02, 2.85357330e+02, 1.40841599e+02,
    2.94726562e+02, 1.33899612e+02, 3.04188782e+02, 1.26872116e+02,
    3.13706299e+02, 1.19837608e+02, 3.23293091e+02, 1.12652565e+02,
    2.82732056e+02, 1.56862778e+02, 2.91909973e+02, 1.50069946e+02,
    3.01483215e+02, 1.43065323e+02, 3.10880859e+02, 1.36110016e+02,
    3.20429260e+02, 1.29093018e+02, 3.30107666e+02, 1.21974083e+02,
    2.89176056e+02, 1.66193726e+02, 2.98664398e+02, 1.59193283e+02,
    3.08175201e+02, 1.52418304e+02, 3.17640991e+02, 1.45381531e+02,
    3.27219330e+02, 1.38440796e+02, 3.36931732e+02, 1.31294098e+02,
    2.95492126e+02, 1.74293686e+02, 3.05519379e+02, 1.68661179e+02,
    3.14877472e+02, 1.61594894e+02, 3.24459869e+02, 1.54773010e+02,
    3.34037384e+02, 1.47731491e+02, 3.43821625e+02, 1.40688080e+02,
    3.02808258e+02, 1.84907593e+02, 3.11956085e+02, 1.77612869e+02,
    3.21743256e+02, 1.71020737e+02, 3.31215546e+02, 1.64062653e+02,
    3.40872192e+02, 1.57136429e+02, 3.50711273e+02, 1.50063431e+02,
    3.09022522e+02, 1.93820877e+02, 3.18875000e+02, 1.87188034e+02,
    3.28400696e+02, 1.80187607e+02, 3.38033997e+02, 1.73391922e+02,
    3.47715942e+02, 1.66474030e+02, 3.57624512e+02, 1.59536880e+02 ]
