%YAML:1.0
---
points: [ 2.62781677e+02, 1.29302322e+02, 2.72092957e+02, 1.22264214e+02,
    2.81370636e+02, 1.15308220e+02, 2.90759125e+02, 1.08275032e+02,
    3.00220612e+02, 1.01175903e+02, 3.09805573e+02, 9.38902206e+01,
    2.69498688e+02, 1.38563461e+02, 2.78730164e+02, 1.31675064e+02,
    2.88032715e+02, 1.24645790e+02, 2.97442688e+02, 1.17646530e+02,
    3.06952209e+02, 1.10517052e+02, 3.16550018e+02, 1.03351898e+02,
    2.76058258e+02, 1.47729233e+02, 2.85367554e+02, 1.40866302e+02,
    2.94730743e+02, 1.33903732e+02, 3.04185974e+02, 1.26864723e+02,
    3.13727295e+02, 1.19849731e+02, 3.23364563e+02, 1.12681747e+02,
    2.82686676e+02, 1.56807800e+02, 2.91958557e+02, 1.50080978e+02,
    3.01463226e+02, 1.43072388e+02, 3.10892517e+02, 1.36160843e+02,
    3.20438721e+02, 1.29137589e+02, 3.30149414e+02, 1.21965584e+02,
    2.89237213e+02, 1.66174072e+02, 2.98733551e+02, 1.59255585e+02,
    3.08162811e+02, 1.52424866e+02, 3.17639465e+02, 1.45419327e+02,
    3.27242340e+02, 1.38430740e+02, 3.36926086e+02, 1.31284225e+02,
    2.95552887e+02, 1.74396454e+02, 3.05505737e+02, 1.68642548e+02,
    3.14833496e+02, 1.61655396e+02, 3.24493713e+02, 1.54771179e+02,
    3.34042603e+02, 1.47731476e+02, 3.43792084e+02, 1.40704742e+02,
    3.01850220e+02, 1.84546509e+02, 3.11923889e+02, 1.77612961e+02,
    3.21778107e+02, 1.71057465e+02, 3.31214844e+02, 1.64073380e+02,
    3.40912811e+02, 1.57165848e+02, 3.50718872e+02, 1.50079010e+02,
    3.09119263e+02, 1.93784515e+02, 3.18925629e+02, 1.87157211e+02,
    3.28363281e+02, 1.80217316e+02, 3.38071503e+02, 1.73438049e+02,
    3.47750214e+02, 1.66511276e+02, 3.57662598e+02, 1.59552872e+02 ]
