%YAML:1.0
---
points: [ 9.14652222e+02, 3.22650635e+02, 9.41235962e+02, 3.03080048e+02,
    9.67941467e+02, 2.83360199e+02, 9.94780762e+02, 2.63534119e+02,
    1.02178772e+03, 2.43424088e+02, 1.04920630e+03, 2.23295319e+02,
    9.33452209e+02, 3.49456818e+02, 9.60108582e+02, 3.29894196e+02,
    9.86833923e+02, 3.10363403e+02, 1.01378320e+03, 2.90532135e+02,
    1.04091223e+03, 2.70525238e+02, 1.06829822e+03, 2.50365631e+02,
    9.52313293e+02, 3.75970032e+02, 9.78871399e+02, 3.56539398e+02,
    1.00572449e+03, 3.36903259e+02, 1.03263281e+03, 3.17313446e+02,
    1.05991833e+03, 2.97429962e+02, 1.08741528e+03, 2.77288208e+02,
    9.70971802e+02, 4.02449646e+02, 9.97648315e+02, 3.83016968e+02,
    1.02463855e+03, 3.63562500e+02, 1.05163892e+03, 3.43881531e+02,
    1.07904907e+03, 3.24201385e+02, 1.10650256e+03, 3.04179840e+02,
    9.89705383e+02, 4.29125793e+02, 1.01667700e+03, 4.09662720e+02,
    1.04362207e+03, 3.90364532e+02, 1.07069653e+03, 3.70838470e+02,
    1.09813013e+03, 3.51098083e+02, 1.12577991e+03, 3.31146332e+02,
    1.00858276e+03, 4.55659302e+02, 1.03552869e+03, 4.36507812e+02,
    1.06266479e+03, 4.17127869e+02, 1.08986389e+03, 3.97630646e+02,
    1.11739636e+03, 3.78116699e+02, 1.14517908e+03, 3.58245300e+02,
    1.02754785e+03, 4.82511963e+02, 1.05454736e+03, 4.63374146e+02,
    1.08179822e+03, 4.44192108e+02, 1.10917334e+03, 4.24693451e+02,
    1.13666528e+03, 4.05098022e+02, 1.16453479e+03, 3.85315369e+02,
    1.04649243e+03, 5.09408600e+02, 1.07359155e+03, 4.90231903e+02,
    1.10087024e+03, 4.71078979e+02, 1.12829065e+03, 4.51742279e+02,
    1.15606213e+03, 4.32283905e+02, 1.18405286e+03, 4.12493835e+02 ]
