%YAML:1.0
---
points: [ 8.00150513e+02, 3.25477142e+02, 8.26564026e+02, 3.06662415e+02,
    8.52888611e+02, 2.88005463e+02, 8.79489014e+02, 2.69422333e+02,
    9.05848694e+02, 2.50616180e+02, 9.32508545e+02, 2.31845535e+02,
    8.18951965e+02, 3.52393280e+02, 8.45400940e+02, 3.33646301e+02,
    8.71690613e+02, 3.14988892e+02, 8.98190186e+02, 2.96381927e+02,
    9.24522156e+02, 2.77638123e+02, 9.51181152e+02, 2.58840210e+02,
    8.37554382e+02, 3.78750610e+02, 8.63916077e+02, 3.60224091e+02,
    8.90253540e+02, 3.41522308e+02, 9.16648132e+02, 3.22926727e+02,
    9.43049194e+02, 3.04236420e+02, 9.69575195e+02, 2.85449768e+02,
    8.56115601e+02, 4.05242645e+02, 8.82445007e+02, 3.86478912e+02,
    9.08717834e+02, 3.67975281e+02, 9.35081787e+02, 3.49376831e+02,
    9.61483765e+02, 3.30728333e+02, 9.88064331e+02, 3.11933441e+02,
    8.74506592e+02, 4.31449036e+02, 9.00967163e+02, 4.12835449e+02,
    9.27315918e+02, 3.94339478e+02, 9.53531555e+02, 3.75772552e+02,
    9.79943115e+02, 3.57238281e+02, 1.00640594e+03, 3.38414124e+02,
    8.93090149e+02, 4.57784180e+02, 9.19427856e+02, 4.39314819e+02,
    9.45720642e+02, 4.20731110e+02, 9.72049927e+02, 4.02276001e+02,
    9.98418396e+02, 3.83605499e+02, 1.02480676e+03, 3.64960419e+02,
    9.11536682e+02, 4.84125366e+02, 9.37830444e+02, 4.65577271e+02,
    9.64228027e+02, 4.47228729e+02, 9.90499268e+02, 4.28615875e+02,
    1.01683563e+03, 4.10093903e+02, 1.04340002e+03, 3.91469055e+02,
    9.29900269e+02, 5.10405640e+02, 9.56333008e+02, 4.91849609e+02,
    9.82581238e+02, 4.73413940e+02, 1.00879626e+03, 4.54954285e+02,
    1.03528918e+03, 4.36475739e+02, 1.06170032e+03, 4.17775513e+02 ]
