%YAML:1.0
---
points: [ 2.22748154e+02, 1.30715210e+02, 2.31880905e+02, 1.23939636e+02,
    2.41000687e+02, 1.17409920e+02, 2.50192810e+02, 1.10781624e+02,
    2.59340576e+02, 1.04119492e+02, 2.68524231e+02, 9.73929443e+01,
    2.29306580e+02, 1.39910431e+02, 2.38467758e+02, 1.33372406e+02,
    2.47596466e+02, 1.26768341e+02, 2.56687134e+02, 1.20113281e+02,
    2.65828827e+02, 1.13484299e+02, 2.75102905e+02, 1.06779488e+02,
    2.35896835e+02, 1.49158676e+02, 2.44944290e+02, 1.42574524e+02,
    2.54092377e+02, 1.35959518e+02, 2.63243774e+02, 1.29383545e+02,
    2.72356781e+02, 1.22720116e+02, 2.81521484e+02, 1.16021187e+02,
    2.42523209e+02, 1.58177383e+02, 2.51452133e+02, 1.51751129e+02,
    2.60619049e+02, 1.45072891e+02, 2.69726562e+02, 1.38583099e+02,
    2.78874573e+02, 1.31894180e+02, 2.88032990e+02, 1.25231110e+02,
    2.48802200e+02, 1.67409210e+02, 2.57978729e+02, 1.60819077e+02,
    2.67122894e+02, 1.54284866e+02, 2.76169312e+02, 1.47685028e+02,
    2.85379517e+02, 1.41127975e+02, 2.94539154e+02, 1.34455978e+02,
    2.55202515e+02, 1.75318848e+02, 2.64639648e+02, 1.70064499e+02,
    2.73600098e+02, 1.63344711e+02, 2.82675720e+02, 1.56882278e+02,
    2.91809174e+02, 1.50238327e+02, 3.01008820e+02, 1.43642639e+02,
    2.62151215e+02, 1.85600662e+02, 2.70800964e+02, 1.78845337e+02,
    2.80073090e+02, 1.72573242e+02, 2.89121216e+02, 1.65937515e+02,
    2.98271545e+02, 1.59401855e+02, 3.07467529e+02, 1.52792145e+02,
    2.68276550e+02, 1.94484024e+02, 2.77369598e+02, 1.88205505e+02,
    2.86509247e+02, 1.81512421e+02, 2.95621246e+02, 1.75073929e+02,
    3.04762939e+02, 1.68480637e+02, 3.13959930e+02, 1.61919403e+02 ]
