%YAML:1.0
---
points: [ 1.29554822e+03, 3.05056274e+02, 1.32405811e+03, 2.84776337e+02,
    1.35252429e+03, 2.64515656e+02, 1.38110632e+03, 2.44352585e+02,
    1.40974609e+03, 2.23766891e+02, 1.43890845e+03, 2.03232101e+02,
    1.31471313e+03, 3.32095947e+02, 1.34317786e+03, 3.11978424e+02,
    1.37172498e+03, 2.91884705e+02, 1.40043518e+03, 2.71615540e+02,
    1.42947437e+03, 2.51210846e+02, 1.45856494e+03, 2.30514435e+02,
    1.33418799e+03, 3.58839996e+02, 1.36262244e+03, 3.38890381e+02,
    1.39141248e+03, 3.18784271e+02, 1.42022717e+03, 2.98612732e+02,
    1.44924719e+03, 2.78339508e+02, 1.47848206e+03, 2.57637695e+02,
    1.35386548e+03, 3.85620605e+02, 1.38247876e+03, 3.65707672e+02,
    1.41127515e+03, 3.45657196e+02, 1.44013000e+03, 3.25605072e+02,
    1.46928772e+03, 3.05352295e+02, 1.49858362e+03, 2.84773804e+02,
    1.37362000e+03, 4.12600464e+02, 1.40230786e+03, 3.92701752e+02,
    1.43111951e+03, 3.72700134e+02, 1.46014722e+03, 3.52769135e+02,
    1.48934265e+03, 3.32479492e+02, 1.51876001e+03, 3.12170319e+02,
    1.39348572e+03, 4.39526611e+02, 1.42229590e+03, 4.19749054e+02,
    1.45124854e+03, 3.99964172e+02, 1.48023755e+03, 3.79919678e+02,
    1.50944995e+03, 3.59769318e+02, 1.53909265e+03, 3.39513977e+02,
    1.41324683e+03, 4.66614929e+02, 1.44210486e+03, 4.46921204e+02,
    1.47118921e+03, 4.27254669e+02, 1.50027710e+03, 4.07313599e+02,
    1.52957898e+03, 3.87238220e+02, 1.55928601e+03, 3.66935181e+02,
    1.43301306e+03, 4.93670258e+02, 1.46195288e+03, 4.74168640e+02,
    1.49114136e+03, 4.54452820e+02, 1.52033765e+03, 4.34563538e+02,
    1.54967749e+03, 4.14676056e+02, 1.57941235e+03, 3.94469849e+02 ]
