%YAML:1.0
---
points: [ 3.95891632e+02, 1.21706863e+02, 4.05536774e+02, 1.14598633e+02,
    4.15284271e+02, 1.07607330e+02, 4.24818176e+02, 1.00680145e+02,
    4.34471161e+02, 9.38148346e+01, 4.43907623e+02, 8.68371582e+01,
    4.02517792e+02, 1.30990936e+02, 4.12320007e+02, 1.24090569e+02,
    4.21948303e+02, 1.17103798e+02, 4.31665070e+02, 1.10100418e+02,
    4.41160706e+02, 1.03121880e+02, 4.50837952e+02, 9.63508224e+01,
    4.09451324e+02, 1.40341797e+02, 4.19155975e+02, 1.33336792e+02,
    4.28900085e+02, 1.26397621e+02, 4.38485840e+02, 1.19413101e+02,
    4.48179993e+02, 1.12540077e+02, 4.57530212e+02, 1.05562874e+02,
    4.16411865e+02, 1.49659561e+02, 4.26171021e+02, 1.42705383e+02,
    4.35796143e+02, 1.35718597e+02, 4.45484528e+02, 1.28840820e+02,
    4.55014465e+02, 1.21871277e+02, 4.64590027e+02, 1.15079010e+02,
    4.23313782e+02, 1.58940399e+02, 4.33028625e+02, 1.52007141e+02,
    4.42818390e+02, 1.45112656e+02, 4.52326080e+02, 1.38196777e+02,
    4.62024353e+02, 1.31289719e+02, 4.71311218e+02, 1.24342804e+02,
    4.30296295e+02, 1.68292908e+02, 4.40095062e+02, 1.61402740e+02,
    4.49683655e+02, 1.54447449e+02, 4.59348145e+02, 1.47636429e+02,
    4.68777710e+02, 1.40693039e+02, 4.78320984e+02, 1.33932831e+02,
    4.37144318e+02, 1.77730194e+02, 4.46808685e+02, 1.70783401e+02,
    4.56609772e+02, 1.63936523e+02, 4.66130249e+02, 1.57071594e+02,
    4.75685059e+02, 1.50232513e+02, 4.85003815e+02, 1.43285645e+02,
    4.43921692e+02, 1.87129700e+02, 4.53774536e+02, 1.80216232e+02,
    4.63312866e+02, 1.73319763e+02, 4.72971558e+02, 1.66538971e+02,
    4.82347137e+02, 1.59620056e+02, 4.91832428e+02, 1.52868851e+02 ]
