%YAML:1.0
---
points: [ 1.29557312e+03, 3.05058167e+02, 1.32408484e+03, 2.84810425e+02,
    1.35257605e+03, 2.64520447e+02, 1.38118750e+03, 2.44341476e+02,
    1.40980896e+03, 2.23830185e+02, 1.43896069e+03, 2.03255264e+02,
    1.31481482e+03, 3.32142944e+02, 1.34325879e+03, 3.12070343e+02,
    1.37178186e+03, 2.91844208e+02, 1.40049451e+03, 2.71641785e+02,
    1.42950623e+03, 2.51227722e+02, 1.45859863e+03, 2.30553864e+02,
    1.33429834e+03, 3.58932709e+02, 1.36267114e+03, 3.38906250e+02,
    1.39144250e+03, 3.18740234e+02, 1.42024707e+03, 2.98609650e+02,
    1.44927405e+03, 2.78355194e+02, 1.47854065e+03, 2.57653717e+02,
    1.35398779e+03, 3.85604065e+02, 1.38250757e+03, 3.65679749e+02,
    1.41133289e+03, 3.45674042e+02, 1.44019287e+03, 3.25648102e+02,
    1.46931348e+03, 3.05368561e+02, 1.49861169e+03, 2.84772797e+02,
    1.37366736e+03, 4.12582611e+02, 1.40236597e+03, 3.92719238e+02,
    1.43120850e+03, 3.72727539e+02, 1.46016577e+03, 3.52778748e+02,
    1.48937256e+03, 3.32502808e+02, 1.51882886e+03, 3.12194611e+02,
    1.39354700e+03, 4.39564545e+02, 1.42231665e+03, 4.19761719e+02,
    1.45123523e+03, 3.99949036e+02, 1.48028516e+03, 3.80032593e+02,
    1.50950708e+03, 3.59813354e+02, 1.53911060e+03, 3.39504089e+02,
    1.41326501e+03, 4.66626678e+02, 1.44216870e+03, 4.46972321e+02,
    1.47126758e+03, 4.27278229e+02, 1.50033777e+03, 4.07296112e+02,
    1.52963647e+03, 3.87276459e+02, 1.55931055e+03, 3.66927002e+02,
    1.43309949e+03, 4.93659241e+02, 1.46202002e+03, 4.74169312e+02,
    1.49112915e+03, 4.54471375e+02, 1.52032104e+03, 4.34567657e+02,
    1.54975354e+03, 4.14646606e+02, 1.57946960e+03, 3.94459259e+02 ]
