%YAML:1.0
---
points: [ 3.95907257e+02, 1.21701164e+02, 4.05493134e+02, 1.14604179e+02,
    4.15302216e+02, 1.07652550e+02, 4.24831665e+02, 1.00683762e+02,
    4.34459442e+02, 9.38258743e+01, 4.43906036e+02, 8.68282013e+01,
    4.02529907e+02, 1.31013763e+02, 4.12336151e+02, 1.24081924e+02,
    4.22031921e+02, 1.17079681e+02, 4.31700684e+02, 1.10101463e+02,
    4.41188385e+02, 1.03127655e+02, 4.50870239e+02, 9.63350830e+01,
    4.09459320e+02, 1.40334183e+02, 4.19187317e+02, 1.33306824e+02,
    4.28925232e+02, 1.26421555e+02, 4.38461914e+02, 1.19404846e+02,
    4.48190582e+02, 1.12550545e+02, 4.57540375e+02, 1.05568306e+02,
    4.16484924e+02, 1.49627670e+02, 4.26191742e+02, 1.42726379e+02,
    4.35790100e+02, 1.35688370e+02, 4.45532898e+02, 1.28837067e+02,
    4.55004364e+02, 1.21886177e+02, 4.64624054e+02, 1.15096771e+02,
    4.23334381e+02, 1.58924042e+02, 4.33065125e+02, 1.52003540e+02,
    4.42846832e+02, 1.45120834e+02, 4.52341705e+02, 1.38184280e+02,
    4.62041351e+02, 1.31318283e+02, 4.71336426e+02, 1.24349907e+02,
    4.30308350e+02, 1.68298141e+02, 4.40094269e+02, 1.61426941e+02,
    4.49695374e+02, 1.54457077e+02, 4.59378204e+02, 1.47637466e+02,
    4.68799225e+02, 1.40697495e+02, 4.78333160e+02, 1.33949478e+02,
    4.37180359e+02, 1.77739105e+02, 4.46832581e+02, 1.70800293e+02,
    4.56604736e+02, 1.63980087e+02, 4.66157013e+02, 1.57095398e+02,
    4.75705566e+02, 1.50249390e+02, 4.85030426e+02, 1.43281921e+02,
    4.43946747e+02, 1.87125565e+02, 4.53770599e+02, 1.80213043e+02,
    4.63322357e+02, 1.73340927e+02, 4.72981781e+02, 1.66532745e+02,
    4.82375641e+02, 1.59621780e+02, 4.91850800e+02, 1.52876099e+02 ]
