%YAML:1.0
---
points: [ 3.64339691e+02, 3.53139587e+02, 3.61693054e+02, 3.27153381e+02,
    3.59345459e+02, 3.00845856e+02, 3.56666901e+02, 2.74450714e+02,
    3.54251312e+02, 2.47577469e+02, 3.51613403e+02, 2.20556839e+02,
    3.91578613e+02, 3.53543182e+02, 3.89348572e+02, 3.27545319e+02,
    3.86825897e+02, 3.01398499e+02, 3.84489410e+02, 2.75050537e+02,
    3.82036652e+02, 2.48373581e+02, 3.79600616e+02, 2.21429214e+02,
    4.18669067e+02, 3.53813385e+02, 4.16585297e+02, 3.27861877e+02,
    4.14358734e+02, 3.01806488e+02, 4.12185425e+02, 2.75662170e+02,
    4.09644806e+02, 2.49009140e+02, 4.07413971e+02, 2.22187759e+02,
    4.45762695e+02, 3.53949219e+02, 4.43687012e+02, 3.28408813e+02,
    4.41580200e+02, 3.02400146e+02, 4.39428314e+02, 2.76353668e+02,
    4.37435028e+02, 2.49794983e+02, 4.35007629e+02, 2.23052826e+02,
    4.72597321e+02, 3.54423462e+02, 4.70693817e+02, 3.28746246e+02,
    4.68637878e+02, 3.02764954e+02, 4.66513397e+02, 2.76820831e+02,
    4.64580383e+02, 2.50444672e+02, 4.62523743e+02, 2.23738327e+02,
    4.99184387e+02, 3.54704681e+02, 4.97306641e+02, 3.29186584e+02,
    4.95438324e+02, 3.03407562e+02, 4.93507416e+02, 2.77420593e+02,
    4.91644379e+02, 2.51195633e+02, 4.89687042e+02, 2.24572388e+02,
    5.25464111e+02, 3.54886566e+02, 5.23586243e+02, 3.29537109e+02,
    5.21987061e+02, 3.03764221e+02, 5.20214172e+02, 2.78080811e+02,
    5.18355225e+02, 2.51726685e+02, 5.16577698e+02, 2.25359711e+02,
    5.51405884e+02, 3.55418945e+02, 5.49625854e+02, 3.29898590e+02,
    5.48192444e+02, 3.04303040e+02, 5.46386902e+02, 2.78585724e+02,
    5.44658875e+02, 2.52548294e+02, 5.43085876e+02, 2.26245605e+02 ]
