%YAML:1.0
---
points: [ 1.18091699e+03, 4.55891418e+02, 1.20689417e+03, 4.37156433e+02,
    1.23279492e+03, 4.18413879e+02, 1.25877808e+03, 3.99589935e+02,
    1.28485510e+03, 3.80648834e+02, 1.31092957e+03, 3.61658203e+02,
    1.19920190e+03, 4.81524170e+02, 1.22505920e+03, 4.62873413e+02,
    1.25105090e+03, 4.44229797e+02, 1.27690149e+03, 4.25455322e+02,
    1.30310645e+03, 4.06538147e+02, 1.32940662e+03, 3.87532471e+02,
    1.21750928e+03, 5.07118622e+02, 1.24343506e+03, 4.88340851e+02,
    1.26932703e+03, 4.69606140e+02, 1.29535669e+03, 4.50913879e+02,
    1.32147754e+03, 4.32087677e+02, 1.34781812e+03, 4.13255493e+02,
    1.23607007e+03, 5.32482849e+02, 1.26192651e+03, 5.13806030e+02,
    1.28788354e+03, 4.95287659e+02, 1.31382861e+03, 4.76447083e+02,
    1.33995642e+03, 4.57662048e+02, 1.36631836e+03, 4.38776794e+02,
    1.25456604e+03, 5.58117432e+02, 1.28052087e+03, 5.39435608e+02,
    1.30644141e+03, 5.20751953e+02, 1.33250818e+03, 5.02119659e+02,
    1.35856482e+03, 4.83325714e+02, 1.38484143e+03, 4.64480042e+02,
    1.27321545e+03, 5.83560303e+02, 1.29911316e+03, 5.64979553e+02,
    1.32516113e+03, 5.46332214e+02, 1.35116833e+03, 5.27636597e+02,
    1.37719751e+03, 5.08874420e+02, 1.40353809e+03, 4.90190796e+02,
    1.29157446e+03, 6.09039124e+02, 1.31751147e+03, 5.90460693e+02,
    1.34353979e+03, 5.71825684e+02, 1.36957324e+03, 5.53302063e+02,
    1.39572046e+03, 5.34527527e+02, 1.42211731e+03, 5.15763000e+02,
    1.31009705e+03, 6.34419922e+02, 1.33595837e+03, 6.15861328e+02,
    1.36200562e+03, 5.97384094e+02, 1.38796643e+03, 5.78695801e+02,
    1.41429883e+03, 5.60221863e+02, 1.44050793e+03, 5.41412598e+02 ]
