%YAML:1.0
---
points: [ 3.55423645e+02, 1.74705887e+02, 3.64553223e+02, 1.68034103e+02,
    3.73582642e+02, 1.61434128e+02, 3.82608521e+02, 1.54737885e+02,
    3.91589508e+02, 1.48115875e+02, 4.00618195e+02, 1.41339523e+02,
    3.61833954e+02, 1.83555130e+02, 3.70948364e+02, 1.76943817e+02,
    3.79930511e+02, 1.70319794e+02, 3.88927734e+02, 1.63670914e+02,
    3.97974304e+02, 1.57007141e+02, 4.07040894e+02, 1.50403625e+02,
    3.68395721e+02, 1.92406952e+02, 3.77368500e+02, 1.85826767e+02,
    3.86400055e+02, 1.79184952e+02, 3.95367188e+02, 1.72573364e+02,
    4.04444183e+02, 1.65913589e+02, 4.13405609e+02, 1.59230911e+02,
    3.74917969e+02, 2.01240112e+02, 3.83930450e+02, 1.94628998e+02,
    3.92923462e+02, 1.88024811e+02, 4.01966980e+02, 1.81394989e+02,
    4.10900970e+02, 1.74788773e+02, 4.20000488e+02, 1.68153122e+02,
    3.81459991e+02, 2.10083679e+02, 3.90430237e+02, 2.03427963e+02,
    3.99483093e+02, 1.96863434e+02, 4.08437286e+02, 1.90276291e+02,
    4.17432709e+02, 1.83701614e+02, 4.26309235e+02, 1.76970657e+02,
    3.88021790e+02, 2.18923569e+02, 3.97045868e+02, 2.12306839e+02,
    4.05996429e+02, 2.05740524e+02, 4.14927643e+02, 1.99200653e+02,
    4.23847198e+02, 1.92521317e+02, 4.32889893e+02, 1.86002869e+02,
    3.94581787e+02, 2.27751114e+02, 4.03416809e+02, 2.21183044e+02,
    4.12456238e+02, 2.14599030e+02, 4.21316528e+02, 2.08003815e+02,
    4.30330231e+02, 2.01350449e+02, 4.39126373e+02, 1.94764526e+02,
    4.00957642e+02, 2.36551666e+02, 4.09930725e+02, 2.30059525e+02,
    4.18827179e+02, 2.23390015e+02, 4.27790497e+02, 2.16955414e+02,
    4.36606689e+02, 2.10222519e+02, 4.45639465e+02, 2.03723907e+02 ]
