%YAML:1.0
---
points: [ 3.55458862e+02, 1.74720352e+02, 3.64523499e+02, 1.68030045e+02,
    3.73594177e+02, 1.61374176e+02, 3.82612122e+02, 1.54757111e+02,
    3.91604614e+02, 1.48105530e+02, 4.00604889e+02, 1.41334885e+02,
    3.61809296e+02, 1.83573532e+02, 3.70904205e+02, 1.76934784e+02,
    3.79923492e+02, 1.70299240e+02, 3.88952393e+02, 1.63664307e+02,
    3.97987488e+02, 1.57000900e+02, 4.07030334e+02, 1.50365250e+02,
    3.68377472e+02, 1.92454636e+02, 3.77342255e+02, 1.85769974e+02,
    3.86419617e+02, 1.79150391e+02, 3.95363312e+02, 1.72538132e+02,
    4.04434998e+02, 1.65909821e+02, 4.13383484e+02, 1.59225754e+02,
    3.74897583e+02, 2.01264923e+02, 3.83922638e+02, 1.94632019e+02,
    3.92950226e+02, 1.88030716e+02, 4.01938171e+02, 1.81404648e+02,
    4.10903046e+02, 1.74776367e+02, 4.19975677e+02, 1.68169159e+02,
    3.81500397e+02, 2.10099442e+02, 3.90444916e+02, 2.03431778e+02,
    3.99506348e+02, 1.96874100e+02, 4.08444855e+02, 1.90235504e+02,
    4.17448700e+02, 1.83676743e+02, 4.26333954e+02, 1.76988510e+02,
    3.87975983e+02, 2.18925797e+02, 3.97024597e+02, 2.12327713e+02,
    4.05971283e+02, 2.05717438e+02, 4.14949707e+02, 1.99154022e+02,
    4.23804382e+02, 1.92500946e+02, 4.32890106e+02, 1.85976868e+02,
    3.94551636e+02, 2.27770691e+02, 4.03405304e+02, 2.21175674e+02,
    4.12471924e+02, 2.14609467e+02, 4.21345184e+02, 2.08011047e+02,
    4.30343597e+02, 2.01374557e+02, 4.39165253e+02, 1.94755890e+02,
    4.00988556e+02, 2.36574036e+02, 4.09953979e+02, 2.30043625e+02,
    4.18838654e+02, 2.23418823e+02, 4.27823212e+02, 2.16898865e+02,
    4.36568848e+02, 2.10177872e+02, 4.45630035e+02, 2.03712921e+02 ]
