%YAML:1.0
---
points: [ 1.18094006e+03, 4.55801208e+02, 1.20697510e+03, 4.37148193e+02,
    1.23284509e+03, 4.18405457e+02, 1.25885376e+03, 3.99554077e+02,
    1.28488623e+03, 3.80628601e+02, 1.31103625e+03, 3.61647064e+02,
    1.19919153e+03, 4.81530029e+02, 1.22509119e+03, 4.62786499e+02,
    1.25104968e+03, 4.44202545e+02, 1.27692322e+03, 4.25482269e+02,
    1.30319067e+03, 4.06510803e+02, 1.32942566e+03, 3.87574158e+02,
    1.21745361e+03, 5.07066864e+02, 1.24344141e+03, 4.88328644e+02,
    1.26935754e+03, 4.69620911e+02, 1.29535754e+03, 4.50907043e+02,
    1.32148193e+03, 4.32118622e+02, 1.34779919e+03, 4.13227814e+02,
    1.23611230e+03, 5.32490906e+02, 1.26192310e+03, 5.13778137e+02,
    1.28789709e+03, 4.95261292e+02, 1.31385291e+03, 4.76471130e+02,
    1.34000696e+03, 4.57653961e+02, 1.36634485e+03, 4.38742371e+02,
    1.25462109e+03, 5.58088928e+02, 1.28054248e+03, 5.39383667e+02,
    1.30645288e+03, 5.20728455e+02, 1.33249524e+03, 5.02067261e+02,
    1.35854602e+03, 4.83324280e+02, 1.38486670e+03, 4.64431427e+02,
    1.27320374e+03, 5.83522766e+02, 1.29915698e+03, 5.64921875e+02,
    1.32512146e+03, 5.46321655e+02, 1.35115820e+03, 5.27624207e+02,
    1.37723560e+03, 5.08808685e+02, 1.40352734e+03, 4.90167786e+02,
    1.29161975e+03, 6.09002747e+02, 1.31752112e+03, 5.90469299e+02,
    1.34354932e+03, 5.71782837e+02, 1.36954285e+03, 5.53312988e+02,
    1.39575269e+03, 5.34552429e+02, 1.42207520e+03, 5.15730103e+02,
    1.31002441e+03, 6.34422607e+02, 1.33597778e+03, 6.15810791e+02,
    1.36203943e+03, 5.97367188e+02, 1.38797900e+03, 5.78698792e+02,
    1.41436365e+03, 5.60137573e+02, 1.44052832e+03, 5.41449707e+02 ]
