%YAML:1.0
---
points: [ 6.00657166e+02, 5.90559021e+02, 6.00347595e+02, 5.67576050e+02,
    6.00047485e+02, 5.44581482e+02, 5.99666260e+02, 5.21574951e+02,
    5.99322388e+02, 4.98217621e+02, 5.98828308e+02, 4.74778809e+02,
    6.23764893e+02, 5.91398438e+02, 6.23524963e+02, 5.68511841e+02,
    6.23363953e+02, 5.45536865e+02, 6.23190979e+02, 5.22516907e+02,
    6.22876953e+02, 4.99077881e+02, 6.22548401e+02, 4.75675873e+02,
    6.47231812e+02, 5.92333862e+02, 6.47079773e+02, 5.69467712e+02,
    6.46776428e+02, 5.46433105e+02, 6.46586426e+02, 5.23459106e+02,
    6.46341492e+02, 5.00128540e+02, 6.46121094e+02, 4.76636078e+02,
    6.70427734e+02, 5.93053406e+02, 6.70360474e+02, 5.70383606e+02,
    6.70254333e+02, 5.47337646e+02, 6.70152161e+02, 5.24344421e+02,
    6.69982544e+02, 5.01054749e+02, 6.69806641e+02, 4.77470734e+02,
    6.93602661e+02, 5.93932007e+02, 6.93590881e+02, 5.71124695e+02,
    6.93550049e+02, 5.48340820e+02, 6.93529968e+02, 5.25156738e+02,
    6.93516968e+02, 5.01980865e+02, 6.93471680e+02, 4.78430176e+02,
    7.16750610e+02, 5.94805176e+02, 7.16812561e+02, 5.72039673e+02,
    7.16895874e+02, 5.49152344e+02, 7.16970276e+02, 5.26049133e+02,
    7.17037170e+02, 5.02751862e+02, 7.17078003e+02, 4.79373749e+02,
    7.39652466e+02, 5.95837341e+02, 7.39762146e+02, 5.72844238e+02,
    7.40025085e+02, 5.50009033e+02, 7.40187988e+02, 5.27066833e+02,
    7.40304321e+02, 5.03665192e+02, 7.40445129e+02, 4.80374664e+02,
    7.62745178e+02, 5.96782471e+02, 7.62992188e+02, 5.74085693e+02,
    7.63226807e+02, 5.50965332e+02, 7.63414856e+02, 5.28100830e+02,
    7.63615723e+02, 5.04757446e+02, 7.63872681e+02, 4.81393738e+02 ]
