%YAML:1.0
---
points: [ 3.68077362e+02, 1.99752167e+02, 3.77023621e+02, 1.93319946e+02,
    3.85985687e+02, 1.86958710e+02, 3.94894287e+02, 1.80418915e+02,
    4.03886658e+02, 1.73975845e+02, 4.12911072e+02, 1.67398682e+02,
    3.74261749e+02, 2.08431091e+02, 3.83235413e+02, 2.02010864e+02,
    3.92127808e+02, 1.95558197e+02, 4.01056915e+02, 1.89165176e+02,
    4.10097260e+02, 1.82667114e+02, 4.19103943e+02, 1.76232742e+02,
    3.80576324e+02, 2.17131454e+02, 3.89435730e+02, 2.10648285e+02,
    3.98462921e+02, 2.04298584e+02, 4.07335968e+02, 1.97834930e+02,
    4.16354462e+02, 1.91369217e+02, 4.25244720e+02, 1.84899857e+02,
    3.86860016e+02, 2.25769073e+02, 3.95869232e+02, 2.19405945e+02,
    4.04733246e+02, 2.12986801e+02, 4.13764954e+02, 2.06513092e+02,
    4.22573944e+02, 2.00069763e+02, 4.31638672e+02, 1.93736862e+02,
    3.93274658e+02, 2.34388977e+02, 4.02167877e+02, 2.28056686e+02,
    4.11117096e+02, 2.21664352e+02, 4.20019806e+02, 2.15245056e+02,
    4.28956421e+02, 2.08843369e+02, 4.37815308e+02, 2.02378479e+02,
    3.99642883e+02, 2.43069016e+02, 4.08540833e+02, 2.36727859e+02,
    4.17397339e+02, 2.30342224e+02, 4.26305054e+02, 2.24008499e+02,
    4.35140564e+02, 2.17496246e+02, 4.44125793e+02, 2.11189972e+02,
    4.05876007e+02, 2.51632034e+02, 4.14732056e+02, 2.45319412e+02,
    4.23692902e+02, 2.39033463e+02, 4.32410583e+02, 2.32618774e+02,
    4.41381531e+02, 2.26234741e+02, 4.50178040e+02, 2.19788406e+02,
    4.12032379e+02, 2.60217133e+02, 4.20995270e+02, 2.53865585e+02,
    4.29747162e+02, 2.47533173e+02, 4.38669159e+02, 2.41224396e+02,
    4.47354218e+02, 2.34846344e+02, 4.56319946e+02, 2.28479828e+02 ]
