%YAML:1.0
---
points: [ 1.21762537e+03, 5.28132568e+02, 1.24334131e+03, 5.09916107e+02,
    1.26905408e+03, 4.91708771e+02, 1.29472522e+03, 4.73465179e+02,
    1.32071460e+03, 4.55130432e+02, 1.34672021e+03, 4.36592529e+02,
    1.23535156e+03, 5.53200928e+02, 1.26087024e+03, 5.35064758e+02,
    1.28663513e+03, 5.16812012e+02, 1.31250903e+03, 4.98725983e+02,
    1.33847534e+03, 4.80435486e+02, 1.36462219e+03, 4.61959015e+02,
    1.25320386e+03, 5.78053711e+02, 1.27880127e+03, 5.60024475e+02,
    1.30453564e+03, 5.41862244e+02, 1.33044519e+03, 5.23695129e+02,
    1.35640955e+03, 5.05483063e+02, 1.38260791e+03, 4.87172546e+02,
    1.27122656e+03, 6.02944397e+02, 1.29678333e+03, 5.84993164e+02,
    1.32261462e+03, 5.66890686e+02, 1.34849280e+03, 5.48781128e+02,
    1.37455432e+03, 5.30586670e+02, 1.40070300e+03, 5.12360718e+02,
    1.28928625e+03, 6.27982788e+02, 1.31485742e+03, 6.09955017e+02,
    1.34074280e+03, 5.92155701e+02, 1.36656726e+03, 5.73932373e+02,
    1.39255579e+03, 5.55690430e+02, 1.41888171e+03, 5.37515076e+02,
    1.30736682e+03, 6.52951782e+02, 1.33319531e+03, 6.35024658e+02,
    1.35890271e+03, 6.17108093e+02, 1.38462769e+03, 5.99072998e+02,
    1.41064868e+03, 5.80912537e+02, 1.43694275e+03, 5.62693970e+02,
    1.32526831e+03, 6.77847351e+02, 1.35100940e+03, 6.60082703e+02,
    1.37687988e+03, 6.42195068e+02, 1.40268811e+03, 6.24233582e+02,
    1.42887390e+03, 6.06168335e+02, 1.45499377e+03, 5.87962158e+02,
    1.34323169e+03, 7.02670898e+02, 1.36887964e+03, 6.85000610e+02,
    1.39479480e+03, 6.67096436e+02, 1.42072876e+03, 6.49250305e+02,
    1.44678723e+03, 6.31247070e+02, 1.47302173e+03, 6.13181519e+02 ]
