%YAML:1.0
---
points: [ 1.27334503e+02, 5.76471252e+02, 1.25032532e+02, 5.51409729e+02,
    1.22823265e+02, 5.26251221e+02, 1.20576355e+02, 5.00987610e+02,
    1.18372101e+02, 4.75373260e+02, 1.16343475e+02, 4.49502777e+02,
    1.54128372e+02, 5.77144409e+02, 1.51874817e+02, 5.52166443e+02,
    1.49745590e+02, 5.27077271e+02, 1.47784012e+02, 5.01774689e+02,
    1.45560120e+02, 4.76177277e+02, 1.43528778e+02, 4.50300201e+02,
    1.81004486e+02, 5.77652893e+02, 1.79091934e+02, 5.52784607e+02,
    1.76829895e+02, 5.27694946e+02, 1.74951340e+02, 5.02521851e+02,
    1.72815292e+02, 4.76921661e+02, 1.70689117e+02, 4.51218445e+02,
    2.07744980e+02, 5.78297119e+02, 2.06193939e+02, 5.53509094e+02,
    2.04138397e+02, 5.28494873e+02, 2.02108688e+02, 5.03280579e+02,
    2.00350922e+02, 4.77755341e+02, 1.98232254e+02, 4.52039856e+02,
    2.34765411e+02, 5.78934326e+02, 2.33093903e+02, 5.54103027e+02,
    2.31170700e+02, 5.29187195e+02, 2.29373520e+02, 5.03920471e+02,
    2.27550003e+02, 4.78546112e+02, 2.25686493e+02, 4.53172241e+02,
    2.61392365e+02, 5.79534058e+02, 2.59853088e+02, 5.54670349e+02,
    2.58238586e+02, 5.29768555e+02, 2.56408875e+02, 5.04644226e+02,
    2.54646484e+02, 4.79464996e+02, 2.53055573e+02, 4.53908936e+02,
    2.87844727e+02, 5.80226135e+02, 2.86415802e+02, 5.55403748e+02,
    2.84816406e+02, 5.30460205e+02, 2.83275818e+02, 5.05596222e+02,
    2.81520416e+02, 4.80367798e+02, 2.79882019e+02, 4.54804901e+02,
    3.14162415e+02, 5.80788635e+02, 3.12645752e+02, 5.56147827e+02,
    3.11317291e+02, 5.31442444e+02, 3.09507080e+02, 5.06566498e+02,
    3.07868286e+02, 4.81351990e+02, 3.06549408e+02, 4.55705475e+02 ]
