%YAML:1.0
---
points: [ 3.63850250e+02, 2.01308243e+02, 3.72557434e+02, 1.94911148e+02,
    3.81312378e+02, 1.88552536e+02, 3.89996887e+02, 1.82146271e+02,
    3.98828278e+02, 1.75787750e+02, 4.07510956e+02, 1.69334778e+02,
    3.69962708e+02, 2.09741898e+02, 3.78735352e+02, 2.03434326e+02,
    3.87408447e+02, 1.97043274e+02, 3.96146301e+02, 1.90729218e+02,
    4.04924591e+02, 1.84285873e+02, 4.13734955e+02, 1.77978516e+02,
    3.76234283e+02, 2.18189697e+02, 3.84904510e+02, 2.11909470e+02,
    3.93722748e+02, 2.05554337e+02, 4.02348328e+02, 1.99190323e+02,
    4.11123260e+02, 1.92884842e+02, 4.19866516e+02, 1.86444061e+02,
    3.82597015e+02, 2.26727600e+02, 3.91298523e+02, 2.20398483e+02,
    3.99949524e+02, 2.14086761e+02, 4.08670074e+02, 2.07750565e+02,
    4.17367188e+02, 2.01360764e+02, 4.26163300e+02, 1.95101776e+02,
    3.88861847e+02, 2.35123779e+02, 3.97564240e+02, 2.28842026e+02,
    4.06208038e+02, 2.22588211e+02, 4.14915466e+02, 2.16247116e+02,
    4.23630066e+02, 2.09926743e+02, 4.32236023e+02, 2.03490173e+02,
    3.95109589e+02, 2.43669403e+02, 4.03801178e+02, 2.37344711e+02,
    4.12465424e+02, 2.31066299e+02, 4.21196716e+02, 2.24742355e+02,
    4.29757874e+02, 2.18412430e+02, 4.38498962e+02, 2.12102356e+02,
    4.01331512e+02, 2.52077576e+02, 4.09943512e+02, 2.45832214e+02,
    4.18683716e+02, 2.39551300e+02, 4.27253723e+02, 2.33248535e+02,
    4.35982910e+02, 2.26954651e+02, 4.44538055e+02, 2.20571579e+02,
    4.07474701e+02, 2.60523773e+02, 4.16184296e+02, 2.54186646e+02,
    4.24683594e+02, 2.47971771e+02, 4.33437683e+02, 2.41661224e+02,
    4.41913055e+02, 2.35373581e+02, 4.50679565e+02, 2.29113998e+02 ]
