%YAML:1.0
---
points: [ 1.20667920e+03, 5.32241699e+02, 1.23178503e+03, 5.14383972e+02,
    1.25682849e+03, 4.96359406e+02, 1.28185620e+03, 4.78359955e+02,
    1.30724988e+03, 4.60322601e+02, 1.33251868e+03, 4.42055878e+02,
    1.22419104e+03, 5.56725037e+02, 1.24926440e+03, 5.38858582e+02,
    1.27426941e+03, 5.20943542e+02, 1.29937122e+03, 5.03001740e+02,
    1.32467175e+03, 4.84880219e+02, 1.35016943e+03, 4.66742371e+02,
    1.24183362e+03, 5.81298401e+02, 1.26679468e+03, 5.63385254e+02,
    1.29186511e+03, 5.45414551e+02, 1.31715027e+03, 5.27543396e+02,
    1.34241357e+03, 5.09497253e+02, 1.36788110e+03, 4.91419281e+02,
    1.25961633e+03, 6.05617310e+02, 1.28462793e+03, 5.87736938e+02,
    1.30980676e+03, 5.70004456e+02, 1.33494141e+03, 5.52170044e+02,
    1.36032349e+03, 5.34097412e+02, 1.38569324e+03, 5.16049194e+02,
    1.27751013e+03, 6.30158875e+02, 1.30254626e+03, 6.12310547e+02,
    1.32770959e+03, 5.94531921e+02, 1.35279089e+03, 5.76561951e+02,
    1.37819421e+03, 5.58623840e+02, 1.40364172e+03, 5.40700439e+02,
    1.29539929e+03, 6.54590393e+02, 1.32044043e+03, 6.36864868e+02,
    1.34557117e+03, 6.19121887e+02, 1.37071362e+03, 6.01254272e+02,
    1.39615759e+03, 5.83386047e+02, 1.42164038e+03, 5.65396606e+02,
    1.31313953e+03, 6.79033508e+02, 1.33821289e+03, 6.61378174e+02,
    1.36338647e+03, 6.43486267e+02, 1.38850073e+03, 6.25744141e+02,
    1.41392761e+03, 6.07988159e+02, 1.43947266e+03, 5.90125854e+02,
    1.33085742e+03, 7.03411987e+02, 1.35596497e+03, 6.85785156e+02,
    1.38123901e+03, 6.67966492e+02, 1.40641528e+03, 6.50324829e+02,
    1.43174939e+03, 6.32474426e+02, 1.45723535e+03, 6.14608276e+02 ]
