%YAML:1.0
---
points: [ 1.20669177e+03, 5.32283081e+02, 1.23172827e+03, 5.14403503e+02,
    1.25685205e+03, 4.96378052e+02, 1.28186292e+03, 4.78348114e+02,
    1.30727051e+03, 4.60306519e+02, 1.33255994e+03, 4.42075958e+02,
    1.22425269e+03, 5.56802795e+02, 1.24921326e+03, 5.38848267e+02,
    1.27429065e+03, 5.20925842e+02, 1.29934045e+03, 5.03027283e+02,
    1.32471326e+03, 4.84928558e+02, 1.35018774e+03, 4.66744537e+02,
    1.24178723e+03, 5.81242798e+02, 1.26682007e+03, 5.63436218e+02,
    1.29187891e+03, 5.45467163e+02, 1.31708655e+03, 5.27542419e+02,
    1.34241382e+03, 5.09501129e+02, 1.36798669e+03, 4.91417694e+02,
    1.25966418e+03, 6.05641663e+02, 1.28462988e+03, 5.87789978e+02,
    1.30987891e+03, 5.69969910e+02, 1.33486938e+03, 5.52090027e+02,
    1.36036194e+03, 5.34101379e+02, 1.38573352e+03, 5.16105591e+02,
    1.27754236e+03, 6.30211243e+02, 1.30254626e+03, 6.12355713e+02,
    1.32774475e+03, 5.94563782e+02, 1.35287659e+03, 5.76607971e+02,
    1.37824683e+03, 5.58649902e+02, 1.40365430e+03, 5.40648865e+02,
    1.29537488e+03, 6.54572632e+02, 1.32044531e+03, 6.36881714e+02,
    1.34553882e+03, 6.19022217e+02, 1.37074573e+03, 6.01285645e+02,
    1.39623389e+03, 5.83415466e+02, 1.42165027e+03, 5.65387756e+02,
    1.31312463e+03, 6.79067627e+02, 1.33825720e+03, 6.61371521e+02,
    1.36345312e+03, 6.43528687e+02, 1.38853833e+03, 6.25757812e+02,
    1.41400598e+03, 6.08072815e+02, 1.43953027e+03, 5.90177673e+02,
    1.33084534e+03, 7.03454346e+02, 1.35604517e+03, 6.85806091e+02,
    1.38119397e+03, 6.68026611e+02, 1.40644458e+03, 6.50366150e+02,
    1.43171057e+03, 6.32491760e+02, 1.45726660e+03, 6.14562744e+02 ]
