%YAML:1.0
---
points: [ 3.63870239e+02, 2.01287628e+02, 3.72522278e+02, 1.94927979e+02,
    3.81314087e+02, 1.88537537e+02, 3.90055664e+02, 1.82178329e+02,
    3.98839752e+02, 1.75774948e+02, 4.07516235e+02, 1.69348145e+02,
    3.69972656e+02, 2.09772324e+02, 3.78759033e+02, 2.03438751e+02,
    3.87426849e+02, 1.97034470e+02, 3.96159210e+02, 1.90716263e+02,
    4.04902374e+02, 1.84283813e+02, 4.13725891e+02, 1.77968307e+02,
    3.76243011e+02, 2.18218307e+02, 3.84888519e+02, 2.11921936e+02,
    3.93700653e+02, 2.05536911e+02, 4.02344116e+02, 1.99171967e+02,
    4.11129028e+02, 1.92894974e+02, 4.19857971e+02, 1.86436417e+02,
    3.82559937e+02, 2.26705536e+02, 3.91270233e+02, 2.20414368e+02,
    3.99943817e+02, 2.14083786e+02, 4.08681488e+02, 2.07734482e+02,
    4.17359528e+02, 2.01340042e+02, 4.26150970e+02, 1.95082291e+02,
    3.88863129e+02, 2.35123642e+02, 3.97544556e+02, 2.28845673e+02,
    4.06222015e+02, 2.22599579e+02, 4.14940338e+02, 2.16255814e+02,
    4.23601013e+02, 2.09974487e+02, 4.32289734e+02, 2.03500992e+02,
    3.95131622e+02, 2.43657654e+02, 4.03823669e+02, 2.37358398e+02,
    4.12479126e+02, 2.31070755e+02, 4.21168152e+02, 2.24795288e+02,
    4.29759308e+02, 2.18425262e+02, 4.38495758e+02, 2.12109253e+02,
    4.01331299e+02, 2.52112335e+02, 4.09944550e+02, 2.45847931e+02,
    4.18686523e+02, 2.39543304e+02, 4.27233734e+02, 2.33254272e+02,
    4.35979675e+02, 2.26960876e+02, 4.44552979e+02, 2.20579178e+02,
    4.07475983e+02, 2.60549744e+02, 4.16213806e+02, 2.54194260e+02,
    4.24695984e+02, 2.47969696e+02, 4.33423248e+02, 2.41637405e+02,
    4.41920349e+02, 2.35390640e+02, 4.50672485e+02, 2.29101166e+02 ]
