%YAML:1.0
---
points: [ 1.03342615e+03, 4.96321228e+02, 1.06558484e+03, 4.72683105e+02,
    1.09750867e+03, 4.49233704e+02, 1.12936462e+03, 4.25796570e+02,
    1.16115759e+03, 4.02462830e+02, 1.19286243e+03, 3.79132568e+02,
    1.05697668e+03, 5.28543518e+02, 1.08895203e+03, 5.04854034e+02,
    1.12088672e+03, 4.81382355e+02, 1.15256104e+03, 4.57940552e+02,
    1.18447192e+03, 4.34514526e+02, 1.21632190e+03, 4.10991791e+02,
    1.08055933e+03, 5.60624573e+02, 1.11254260e+03, 5.36917603e+02,
    1.14441919e+03, 5.13334229e+02, 1.17621667e+03, 4.89827850e+02,
    1.20793481e+03, 4.66325348e+02, 1.23967310e+03, 4.42801208e+02,
    1.10432788e+03, 5.92746216e+02, 1.13633630e+03, 5.68955872e+02,
    1.16814282e+03, 5.45346130e+02, 1.19977539e+03, 5.21649841e+02,
    1.23154956e+03, 4.98209320e+02, 1.26341125e+03, 4.74553192e+02,
    1.12808496e+03, 6.24963745e+02, 1.16007983e+03, 6.01147583e+02,
    1.19179626e+03, 5.77418518e+02, 1.22359058e+03, 5.53719604e+02,
    1.25540051e+03, 5.30173218e+02, 1.28725293e+03, 5.06471832e+02,
    1.15193237e+03, 6.57223694e+02, 1.18386938e+03, 6.33337097e+02,
    1.21561169e+03, 6.09487122e+02, 1.24738904e+03, 5.85771667e+02,
    1.27928662e+03, 5.62105591e+02, 1.31112512e+03, 5.38503479e+02,
    1.17567163e+03, 6.89551697e+02, 1.20761353e+03, 6.65538025e+02,
    1.23944263e+03, 6.41713013e+02, 1.27131482e+03, 6.17945801e+02,
    1.30306970e+03, 5.94339111e+02, 1.33499463e+03, 5.70551270e+02,
    1.19953577e+03, 7.21676453e+02, 1.23144324e+03, 6.97725647e+02,
    1.26334241e+03, 6.73708740e+02, 1.29507690e+03, 6.50133972e+02,
    1.32691431e+03, 6.26328735e+02, 1.35875208e+03, 6.02559998e+02 ]
