%YAML:1.0
---
points: [ 3.09584229e+02, 1.89298203e+02, 3.20667908e+02, 1.80905350e+02,
    3.31763550e+02, 1.72631119e+02, 3.42794403e+02, 1.64322464e+02,
    3.53879395e+02, 1.56076263e+02, 3.64857727e+02, 1.47699158e+02,
    3.17835083e+02, 2.00381409e+02, 3.28932892e+02, 1.92045395e+02,
    3.39972076e+02, 1.83734177e+02, 3.50993500e+02, 1.75414032e+02,
    3.62076233e+02, 1.67093369e+02, 3.73114532e+02, 1.58843933e+02,
    3.26245941e+02, 2.11542282e+02, 3.37225098e+02, 2.03118683e+02,
    3.48313202e+02, 1.94776199e+02, 3.59319885e+02, 1.86472137e+02,
    3.70398834e+02, 1.78146194e+02, 3.81377228e+02, 1.69800293e+02,
    3.34600403e+02, 2.22551025e+02, 3.45754730e+02, 2.14165314e+02,
    3.56683685e+02, 2.05828293e+02, 3.67774628e+02, 1.97508057e+02,
    3.78825806e+02, 1.89184052e+02, 3.89812866e+02, 1.80888870e+02,
    3.43085876e+02, 2.33703659e+02, 3.54155609e+02, 2.25341904e+02,
    3.65259247e+02, 2.16981247e+02, 3.76227448e+02, 2.08625351e+02,
    3.87247925e+02, 2.00277603e+02, 3.98227692e+02, 1.91893738e+02,
    3.51572388e+02, 2.44887054e+02, 3.62658997e+02, 2.36558136e+02,
    3.73711029e+02, 2.28085251e+02, 3.84673309e+02, 2.19768524e+02,
    3.95609955e+02, 2.11309540e+02, 4.06659790e+02, 2.03032761e+02,
    3.60033600e+02, 2.56111145e+02, 3.71037170e+02, 2.47647293e+02,
    3.82126434e+02, 2.39282074e+02, 3.93064667e+02, 2.30876221e+02,
    4.04090057e+02, 2.22503021e+02, 4.14987854e+02, 2.14126465e+02,
    3.68550018e+02, 2.67281036e+02, 3.79565491e+02, 2.58871338e+02,
    3.90467987e+02, 2.50397644e+02, 4.01519440e+02, 2.41976761e+02,
    4.12393585e+02, 2.33579742e+02, 4.23394409e+02, 2.25191696e+02 ]
