%YAML:1.0
---
points: [ 1.41322632e+02, 4.14472839e+02, 1.38508682e+02, 3.88291595e+02,
    1.35635910e+02, 3.62084534e+02, 1.32788361e+02, 3.35538025e+02,
    1.29772003e+02, 3.08637115e+02, 1.27054604e+02, 2.81731506e+02,
    1.68443848e+02, 4.15265472e+02, 1.65529373e+02, 3.89195312e+02,
    1.62697800e+02, 3.62812836e+02, 1.59925247e+02, 3.36369080e+02,
    1.57322052e+02, 3.09579956e+02, 1.54496658e+02, 2.82450623e+02,
    1.95577026e+02, 4.16092072e+02, 1.92691895e+02, 3.89925598e+02,
    1.90180359e+02, 3.63651733e+02, 1.87344849e+02, 3.37339172e+02,
    1.84656143e+02, 3.10495544e+02, 1.81945160e+02, 2.83473816e+02,
    2.22687958e+02, 4.16737427e+02, 2.20123108e+02, 3.90724182e+02,
    2.17568863e+02, 3.64602203e+02, 2.14799347e+02, 3.38288330e+02,
    2.12450424e+02, 3.11521210e+02, 2.09708267e+02, 2.84444885e+02,
    2.49859711e+02, 4.17541168e+02, 2.47428223e+02, 3.91572235e+02,
    2.44875565e+02, 3.65475403e+02, 2.42468613e+02, 3.39097626e+02,
    2.39796204e+02, 3.12458740e+02, 2.37456604e+02, 2.85561401e+02,
    2.76589539e+02, 4.18207458e+02, 2.74463867e+02, 3.92427612e+02,
    2.71917358e+02, 3.66172974e+02, 2.69731201e+02, 3.39863251e+02,
    2.67354492e+02, 3.13402466e+02, 2.64985809e+02, 2.86551147e+02,
    3.03387360e+02, 4.18932617e+02, 3.01394409e+02, 3.93102295e+02,
    2.98946777e+02, 3.67103760e+02, 2.96689331e+02, 3.40819061e+02,
    2.94380249e+02, 3.14323639e+02, 2.92080292e+02, 2.87405121e+02,
    3.29936188e+02, 4.19756378e+02, 3.27714386e+02, 3.94097748e+02,
    3.25539307e+02, 3.67961029e+02, 3.23367828e+02, 3.41740814e+02,
    3.21285522e+02, 3.15351715e+02, 3.19079285e+02, 2.88481842e+02 ]
