%YAML:1.0
---
points: [ 1.03343750e+03, 4.96400146e+02, 1.06556104e+03, 4.72764893e+02,
    1.09755994e+03, 4.49302429e+02, 1.12937537e+03, 4.25840302e+02,
    1.16117822e+03, 4.02492004e+02, 1.19290613e+03, 3.79191406e+02,
    1.05698682e+03, 5.28581421e+02, 1.08900305e+03, 5.04889832e+02,
    1.12090332e+03, 4.81410004e+02, 1.15263086e+03, 4.57970551e+02,
    1.18447632e+03, 4.34530243e+02, 1.21632349e+03, 4.11010681e+02,
    1.08060559e+03, 5.60670044e+02, 1.11257129e+03, 5.36996643e+02,
    1.14443103e+03, 5.13401550e+02, 1.17618115e+03, 4.89957947e+02,
    1.20791736e+03, 4.66411835e+02, 1.23971509e+03, 4.42813324e+02,
    1.10436426e+03, 5.92816040e+02, 1.13637122e+03, 5.69012817e+02,
    1.16817053e+03, 5.45370972e+02, 1.19976013e+03, 5.21677979e+02,
    1.23155823e+03, 4.98233582e+02, 1.26344116e+03, 4.74598938e+02,
    1.12809436e+03, 6.24993469e+02, 1.16016016e+03, 6.01164185e+02,
    1.19181482e+03, 5.77441101e+02, 1.22358923e+03, 5.53785889e+02,
    1.25539270e+03, 5.30251709e+02, 1.28725098e+03, 5.06496338e+02,
    1.15192285e+03, 6.57275879e+02, 1.18395618e+03, 6.33363708e+02,
    1.21560461e+03, 6.09531799e+02, 1.24744128e+03, 5.85812378e+02,
    1.27930530e+03, 5.62218323e+02, 1.31113391e+03, 5.38509521e+02,
    1.17572693e+03, 6.89547791e+02, 1.20764343e+03, 6.65595398e+02,
    1.23948535e+03, 6.41784668e+02, 1.27129358e+03, 6.18073547e+02,
    1.30305115e+03, 5.94363464e+02, 1.33499658e+03, 5.70553223e+02,
    1.19954065e+03, 7.21701965e+02, 1.23141626e+03, 6.97736755e+02,
    1.26336377e+03, 6.73793518e+02, 1.29502576e+03, 6.50194397e+02,
    1.32699109e+03, 6.26373352e+02, 1.35880505e+03, 6.02580811e+02 ]
