%YAML:1.0
---
points: [ 3.09570343e+02, 1.89320587e+02, 3.20708588e+02, 1.80931671e+02,
    3.31768585e+02, 1.72651520e+02, 3.42769318e+02, 1.64347336e+02,
    3.53876831e+02, 1.56087677e+02, 3.64864258e+02, 1.47710678e+02,
    3.17839081e+02, 2.00386581e+02, 3.28927704e+02, 1.92090759e+02,
    3.39991638e+02, 1.83767426e+02, 3.50986633e+02, 1.75442886e+02,
    3.62094818e+02, 1.67106903e+02, 3.73144775e+02, 1.58834717e+02,
    3.26223877e+02, 2.11578125e+02, 3.37226837e+02, 2.03132599e+02,
    3.48318909e+02, 1.94828323e+02, 3.59324829e+02, 1.86503128e+02,
    3.70425079e+02, 1.78172440e+02, 3.81409454e+02, 1.69856384e+02,
    3.34609253e+02, 2.22584244e+02, 3.45749878e+02, 2.14204132e+02,
    3.56689087e+02, 2.05857407e+02, 3.67786224e+02, 1.97524857e+02,
    3.78820068e+02, 1.89219925e+02, 3.89839264e+02, 1.80882431e+02,
    3.43093719e+02, 2.33746567e+02, 3.54160919e+02, 2.25406525e+02,
    3.65219543e+02, 2.17077286e+02, 3.76233490e+02, 2.08671021e+02,
    3.87248657e+02, 2.00321274e+02, 3.98196381e+02, 1.91891754e+02,
    3.51605377e+02, 2.44915268e+02, 3.62674591e+02, 2.36525085e+02,
    3.73705414e+02, 2.28125687e+02, 3.84678741e+02, 2.19748917e+02,
    3.95619812e+02, 2.11353333e+02, 4.06668427e+02, 2.02995499e+02,
    3.60037201e+02, 2.56078949e+02, 3.71029724e+02, 2.47667572e+02,
    3.82123962e+02, 2.39285736e+02, 3.93058350e+02, 2.30897217e+02,
    4.04095856e+02, 2.22510727e+02, 4.14976227e+02, 2.14143677e+02,
    3.68532104e+02, 2.67281952e+02, 3.79568726e+02, 2.58840912e+02,
    3.90519501e+02, 2.50438522e+02, 4.01490753e+02, 2.42026825e+02,
    4.12372925e+02, 2.33602020e+02, 4.23368713e+02, 2.25248871e+02 ]
