%YAML:1.0
---
points: [ 1.59345764e+02, 3.55703125e+02, 1.56591385e+02, 3.29317383e+02,
    1.54070663e+02, 3.02570282e+02, 1.51242386e+02, 2.76099640e+02,
    1.48622345e+02, 2.48884048e+02, 1.45806274e+02, 2.21592010e+02,
    1.85806915e+02, 3.56608154e+02, 1.83372406e+02, 3.30298798e+02,
    1.80761017e+02, 3.03715607e+02, 1.78233612e+02, 2.76861816e+02,
    1.75653976e+02, 2.49909897e+02, 1.73132767e+02, 2.22573334e+02,
    2.12837280e+02, 3.57478180e+02, 2.10467499e+02, 3.31132355e+02,
    2.07798935e+02, 3.04529816e+02, 2.05494537e+02, 2.77999573e+02,
    2.02714630e+02, 2.50752304e+02, 2.00475601e+02, 2.23566330e+02,
    2.39687393e+02, 3.58461578e+02, 2.37479965e+02, 3.32221008e+02,
    2.34860077e+02, 3.05630432e+02, 2.32607117e+02, 2.78903229e+02,
    2.30293640e+02, 2.51848663e+02, 2.27904877e+02, 2.24544998e+02,
    2.66658600e+02, 3.59426117e+02, 2.64511749e+02, 3.33160583e+02,
    2.62140198e+02, 3.06646545e+02, 2.59683380e+02, 2.80088013e+02,
    2.57454498e+02, 2.53122086e+02, 2.55147049e+02, 2.25797821e+02,
    2.93419006e+02, 3.60296844e+02, 2.91351990e+02, 3.34057861e+02,
    2.89235931e+02, 3.07604370e+02, 2.86866699e+02, 2.81149872e+02,
    2.84794312e+02, 2.54165283e+02, 2.82357208e+02, 2.26848099e+02,
    3.19825989e+02, 3.61237640e+02, 3.17971344e+02, 3.35048676e+02,
    3.15827484e+02, 3.08578278e+02, 3.13646271e+02, 2.82103424e+02,
    3.11658600e+02, 2.55331451e+02, 3.09532959e+02, 2.28118286e+02,
    3.46445526e+02, 3.62182220e+02, 3.44341248e+02, 3.35880005e+02,
    3.42361542e+02, 3.09624359e+02, 3.40277496e+02, 2.83167908e+02,
    3.38325073e+02, 2.56323700e+02, 3.36276154e+02, 2.29199463e+02 ]
