%YAML:1.0
---
points: [ 1.73186829e+02, 1.64661865e+02, 1.95597504e+02, 1.50499863e+02,
    2.18251419e+02, 1.36311203e+02, 2.40671402e+02, 1.22293266e+02,
    2.63392975e+02, 1.07977722e+02, 2.85904449e+02, 9.38585968e+01,
    1.89324554e+02, 1.88387619e+02, 2.11826859e+02, 1.74243896e+02,
    2.34373734e+02, 1.60264481e+02, 2.56830109e+02, 1.46124634e+02,
    2.79472961e+02, 1.31995590e+02, 3.02169952e+02, 1.17968208e+02,
    2.05676834e+02, 2.12063675e+02, 2.28248688e+02, 1.97941727e+02,
    2.50632431e+02, 1.83995956e+02, 2.72959045e+02, 1.69882416e+02,
    2.95460968e+02, 1.55901840e+02, 3.18065765e+02, 1.41902161e+02,
    2.22076111e+02, 2.35574448e+02, 2.44442429e+02, 2.21586060e+02,
    2.66799042e+02, 2.07684006e+02, 2.89167419e+02, 1.93692581e+02,
    3.11665771e+02, 1.79802002e+02, 3.34168060e+02, 1.65815353e+02,
    2.38310730e+02, 2.58922394e+02, 2.60684784e+02, 2.45122833e+02,
    2.82940582e+02, 2.31264603e+02, 3.05288086e+02, 2.17390976e+02,
    3.27615936e+02, 2.03446014e+02, 3.50137451e+02, 1.89654388e+02,
    2.54372269e+02, 2.82128662e+02, 2.76733765e+02, 2.68279144e+02,
    2.99007233e+02, 2.54567291e+02, 3.21332764e+02, 2.40802948e+02,
    3.43644501e+02, 2.26970535e+02, 3.66080780e+02, 2.13146576e+02,
    2.70292450e+02, 3.05029663e+02, 2.92561218e+02, 2.91328857e+02,
    3.14762909e+02, 2.77628906e+02, 3.37019714e+02, 2.63938477e+02,
    3.59222565e+02, 2.50231430e+02, 3.81562103e+02, 2.36523224e+02,
    2.85943359e+02, 3.27873901e+02, 3.08038971e+02, 3.14276794e+02,
    3.30194702e+02, 3.00621490e+02, 3.52233673e+02, 2.86946350e+02,
    3.74413116e+02, 2.73326599e+02, 3.96860687e+02, 2.59674072e+02 ]
