%YAML:1.0
---
points: [ 3.11810699e+02, 1.49456833e+02, 3.22970520e+02, 1.41084763e+02,
    3.34135529e+02, 1.32731110e+02, 3.45280945e+02, 1.24436714e+02,
    3.56360382e+02, 1.16145309e+02, 3.67417938e+02, 1.07787315e+02,
    3.19999634e+02, 1.60672760e+02, 3.31211792e+02, 1.52335251e+02,
    3.42360657e+02, 1.43990906e+02, 3.53464630e+02, 1.35657700e+02,
    3.64581635e+02, 1.27336594e+02, 3.75733856e+02, 1.19036346e+02,
    3.28349670e+02, 1.71828156e+02, 3.39430298e+02, 1.63406158e+02,
    3.50652924e+02, 1.55079041e+02, 3.61761383e+02, 1.46756317e+02,
    3.72883301e+02, 1.38392212e+02, 3.83930481e+02, 1.30075241e+02,
    3.36658234e+02, 1.82830887e+02, 3.47909973e+02, 1.74456467e+02,
    3.59008972e+02, 1.66154465e+02, 3.70124268e+02, 1.57822037e+02,
    3.81213837e+02, 1.49463455e+02, 3.92354187e+02, 1.41141998e+02,
    3.45118622e+02, 1.93960495e+02, 3.56243530e+02, 1.85589371e+02,
    3.67438721e+02, 1.77212662e+02, 3.78525604e+02, 1.68882507e+02,
    3.89639404e+02, 1.60599472e+02, 4.00669220e+02, 1.52168015e+02,
    3.53510681e+02, 2.05080139e+02, 3.64726776e+02, 1.96715775e+02,
    3.75781128e+02, 1.88332260e+02, 3.86906097e+02, 1.80017365e+02,
    3.97949219e+02, 1.71665344e+02, 4.09094696e+02, 1.63365082e+02,
    3.61944824e+02, 2.16271042e+02, 3.73047852e+02, 2.07828720e+02,
    3.84229828e+02, 1.99535187e+02, 3.95286316e+02, 1.91198334e+02,
    4.06420593e+02, 1.82859146e+02, 4.17368164e+02, 1.74406403e+02,
    3.70354340e+02, 2.27457092e+02, 3.81526855e+02, 2.19070831e+02,
    3.92576599e+02, 2.10620987e+02, 4.03678101e+02, 2.02261093e+02,
    4.14633026e+02, 1.93944244e+02, 4.25731720e+02, 1.85612305e+02 ]
