%YAML:1.0
---
points: [ 1.04071606e+03, 3.82080170e+02, 1.07301379e+03, 3.58563446e+02,
    1.10512097e+03, 3.35112030e+02, 1.13720044e+03, 3.11642426e+02,
    1.16920459e+03, 2.88274811e+02, 1.20129480e+03, 2.64806152e+02,
    1.06426050e+03, 4.14479980e+02, 1.09638220e+03, 3.91040833e+02,
    1.12840283e+03, 3.67562897e+02, 1.16041833e+03, 3.44222168e+02,
    1.19246887e+03, 3.20668549e+02, 1.22460657e+03, 2.97176422e+02,
    1.08770361e+03, 4.46644409e+02, 1.11976111e+03, 4.23158875e+02,
    1.15179175e+03, 3.99581055e+02, 1.18378625e+03, 3.76214600e+02,
    1.21577124e+03, 3.52581573e+02, 1.24803931e+03, 3.29114044e+02,
    1.11141785e+03, 4.78625061e+02, 1.14343640e+03, 4.55073700e+02,
    1.17547070e+03, 4.31523804e+02, 1.20743628e+03, 4.08099213e+02,
    1.23939807e+03, 3.84528351e+02, 1.27155518e+03, 3.60893005e+02,
    1.13511328e+03, 5.10790009e+02, 1.16714246e+03, 4.87188782e+02,
    1.19915320e+03, 4.63573395e+02, 1.23111499e+03, 4.40126282e+02,
    1.26314148e+03, 4.16482361e+02, 1.29535974e+03, 3.92806152e+02,
    1.15878442e+03, 5.43012939e+02, 1.19083667e+03, 5.19396912e+02,
    1.22280872e+03, 4.95684784e+02, 1.25476318e+03, 4.72246796e+02,
    1.28684485e+03, 4.48613129e+02, 1.31906750e+03, 4.24874725e+02,
    1.18248669e+03, 5.75264771e+02, 1.21446851e+03, 5.51528259e+02,
    1.24649353e+03, 5.27846680e+02, 1.27852197e+03, 5.04350037e+02,
    1.31061060e+03, 4.80676422e+02, 1.34277905e+03, 4.56948792e+02,
    1.20620984e+03, 6.07431274e+02, 1.23816931e+03, 5.83650574e+02,
    1.27034290e+03, 5.59997314e+02, 1.30226013e+03, 5.36437012e+02,
    1.33440088e+03, 5.12755798e+02, 1.36663464e+03, 4.89094543e+02 ]
