%YAML:1.0
---
points: [ 1.75796158e+02, 3.04346069e+02, 1.98559677e+02, 2.90550262e+02,
    2.21229111e+02, 2.76930573e+02, 2.43824997e+02, 2.63388306e+02,
    2.66614319e+02, 2.49684052e+02, 2.89435577e+02, 2.36190155e+02,
    1.91515610e+02, 3.27350891e+02, 2.14164215e+02, 3.13658966e+02,
    2.36876404e+02, 3.00185455e+02, 2.59457764e+02, 2.86575317e+02,
    2.82252808e+02, 2.73059906e+02, 3.04904022e+02, 2.59478088e+02,
    2.07285828e+02, 3.50371613e+02, 2.29923599e+02, 3.36764618e+02,
    2.52533905e+02, 3.23294250e+02, 2.75066467e+02, 3.09746674e+02,
    2.97667816e+02, 2.96279144e+02, 3.20390503e+02, 2.82797180e+02,
    2.23141922e+02, 3.73282623e+02, 2.45634537e+02, 3.59711273e+02,
    2.68268372e+02, 3.46278168e+02, 2.90678802e+02, 3.32744659e+02,
    3.13338318e+02, 3.19404358e+02, 3.35911285e+02, 3.05851624e+02,
    2.38762070e+02, 3.95920990e+02, 2.61330780e+02, 3.82512970e+02,
    2.83760406e+02, 3.69084198e+02, 3.06229645e+02, 3.55635590e+02,
    3.28689972e+02, 3.42276276e+02, 3.51387329e+02, 3.28868256e+02,
    2.54384781e+02, 4.18470245e+02, 2.76885376e+02, 4.05162231e+02,
    2.99368408e+02, 3.91648041e+02, 3.21678528e+02, 3.78416840e+02,
    3.44281677e+02, 3.64982635e+02, 3.66711609e+02, 3.51680389e+02,
    2.69617828e+02, 4.40818604e+02, 2.92223175e+02, 4.27498962e+02,
    3.14581421e+02, 4.14206207e+02, 3.36861694e+02, 4.00865662e+02,
    3.59261475e+02, 3.87510315e+02, 3.81697601e+02, 3.74332123e+02,
    2.84768433e+02, 4.63159149e+02, 3.07037781e+02, 4.49778778e+02,
    3.29397644e+02, 4.36541595e+02, 3.51573639e+02, 4.23369537e+02,
    3.73896545e+02, 4.10052734e+02, 3.96406616e+02, 3.96715149e+02 ]
