%YAML:1.0
---
points: [ 3.11795349e+02, 1.49535248e+02, 3.22948517e+02, 1.41136368e+02,
    3.34142151e+02, 1.32786591e+02, 3.45248047e+02, 1.24487595e+02,
    3.56379730e+02, 1.16178894e+02, 3.67416321e+02, 1.07828758e+02,
    3.19986145e+02, 1.60657562e+02, 3.31173157e+02, 1.52367142e+02,
    3.42330383e+02, 1.44016739e+02, 3.53426270e+02, 1.35709427e+02,
    3.64585449e+02, 1.27361328e+02, 3.75725769e+02, 1.19076347e+02,
    3.28311920e+02, 1.71815643e+02, 3.39452576e+02, 1.63465012e+02,
    3.50634369e+02, 1.55114258e+02, 3.61727478e+02, 1.46770355e+02,
    3.72871613e+02, 1.38400558e+02, 3.83914246e+02, 1.30093842e+02,
    3.36653290e+02, 1.82869537e+02, 3.47885742e+02, 1.74517090e+02,
    3.59013641e+02, 1.66185867e+02, 3.70124634e+02, 1.57822952e+02,
    3.81160980e+02, 1.49482086e+02, 3.92334259e+02, 1.41182953e+02,
    3.45085632e+02, 1.94001282e+02, 3.56229279e+02, 1.85612167e+02,
    3.67423676e+02, 1.77245956e+02, 3.78514771e+02, 1.68946182e+02,
    3.89588013e+02, 1.60642929e+02, 4.00671478e+02, 1.52198227e+02,
    3.53491638e+02, 2.05070724e+02, 3.64711639e+02, 1.96752182e+02,
    3.75814270e+02, 1.88373215e+02, 3.86897003e+02, 1.80051880e+02,
    3.97985565e+02, 1.71682083e+02, 4.09078766e+02, 1.63397568e+02,
    3.61947571e+02, 2.16344681e+02, 3.73074493e+02, 2.07859802e+02,
    3.84207703e+02, 1.99572006e+02, 3.95255646e+02, 1.91218430e+02,
    4.06409424e+02, 1.82878174e+02, 4.17388397e+02, 1.74450455e+02,
    3.70360596e+02, 2.27463852e+02, 3.81474945e+02, 2.19104172e+02,
    3.92540222e+02, 2.10667908e+02, 4.03653473e+02, 2.02326797e+02,
    4.14680267e+02, 1.93964584e+02, 4.25729584e+02, 1.85613525e+02 ]
