%YAML:1.0
---
points: [ 1.04068298e+03, 3.82259613e+02, 1.07295361e+03, 3.58628723e+02,
    1.10511194e+03, 3.35206177e+02, 1.13718835e+03, 3.11774414e+02,
    1.16914038e+03, 2.88394806e+02, 1.20127673e+03, 2.64925110e+02,
    1.06422681e+03, 4.14524475e+02, 1.09636768e+03, 3.91143372e+02,
    1.12837830e+03, 3.67627472e+02, 1.16036914e+03, 3.44326996e+02,
    1.19240295e+03, 3.20746307e+02, 1.22455652e+03, 2.97279633e+02,
    1.08765503e+03, 4.46748810e+02, 1.11979089e+03, 4.23240021e+02,
    1.15172742e+03, 3.99666473e+02, 1.18374316e+03, 3.76291229e+02,
    1.21572791e+03, 3.52665375e+02, 1.24797510e+03, 3.29172241e+02,
    1.11142151e+03, 4.78707977e+02, 1.14345300e+03, 4.55219269e+02,
    1.17545911e+03, 4.31608124e+02, 1.20742908e+03, 4.08141266e+02,
    1.23937830e+03, 3.84584045e+02, 1.27153027e+03, 3.60976135e+02,
    1.13514197e+03, 5.10857819e+02, 1.16715186e+03, 4.87283569e+02,
    1.19916980e+03, 4.63642090e+02, 1.23106470e+03, 4.40204376e+02,
    1.26308032e+03, 4.16576477e+02, 1.29533191e+03, 3.92919189e+02,
    1.15877173e+03, 5.43158630e+02, 1.19080334e+03, 5.19434143e+02,
    1.22278992e+03, 4.95777008e+02, 1.25474304e+03, 4.72336945e+02,
    1.28678564e+03, 4.48707489e+02, 1.31902881e+03, 4.24995056e+02,
    1.18247729e+03, 5.75365479e+02, 1.21440723e+03, 5.51615356e+02,
    1.24649573e+03, 5.27944519e+02, 1.27848804e+03, 5.04414734e+02,
    1.31056555e+03, 4.80770966e+02, 1.34278540e+03, 4.57129242e+02,
    1.20615271e+03, 6.07505249e+02, 1.23814966e+03, 5.83695190e+02,
    1.27028845e+03, 5.60134216e+02, 1.30225916e+03, 5.36536255e+02,
    1.33438135e+03, 5.12834961e+02, 1.36658862e+03, 4.89184174e+02 ]
