%YAML:1.0
---
points: [ 3.08868866e+02, 1.09261757e+02, 3.20020325e+02, 1.01010605e+02,
    3.31130127e+02, 9.29199753e+01, 3.42124451e+02, 8.48901672e+01,
    3.53150421e+02, 7.69066925e+01, 3.64010803e+02, 6.89213257e+01,
    3.16917664e+02, 1.20555412e+02, 3.28067200e+02, 1.12394379e+02,
    3.39131744e+02, 1.04261528e+02, 3.50213959e+02, 9.61470337e+01,
    3.61215088e+02, 8.81039886e+01, 3.72150787e+02, 8.01660080e+01,
    3.25075043e+02, 1.31733047e+02, 3.36182220e+02, 1.23532677e+02,
    3.47270569e+02, 1.15343285e+02, 3.58281677e+02, 1.07251762e+02,
    3.69356201e+02, 9.91937943e+01, 3.80220795e+02, 9.11082764e+01,
    3.33250153e+02, 1.42786499e+02, 3.44413025e+02, 1.34584900e+02,
    3.55497253e+02, 1.26375404e+02, 3.66540955e+02, 1.18304283e+02,
    3.77558868e+02, 1.10192993e+02, 3.88497437e+02, 1.02192474e+02,
    3.41490143e+02, 1.53889359e+02, 3.52642365e+02, 1.45672180e+02,
    3.63742126e+02, 1.37488968e+02, 3.74742401e+02, 1.29345337e+02,
    3.85755310e+02, 1.21253723e+02, 3.96653015e+02, 1.13164055e+02,
    3.49816010e+02, 1.64963226e+02, 3.60919495e+02, 1.56799347e+02,
    3.71973694e+02, 1.48572006e+02, 3.82996368e+02, 1.40446487e+02,
    3.93946625e+02, 1.32323196e+02, 4.04913239e+02, 1.24258560e+02,
    3.57997437e+02, 1.76161530e+02, 3.69060486e+02, 1.67878494e+02,
    3.80208588e+02, 1.59708649e+02, 3.91175293e+02, 1.51595001e+02,
    4.02211914e+02, 1.43408081e+02, 4.13020050e+02, 1.35262405e+02,
    3.66272491e+02, 1.87262146e+02, 3.77346741e+02, 1.79072739e+02,
    3.88341980e+02, 1.70889603e+02, 3.99371521e+02, 1.62633453e+02,
    4.10233887e+02, 1.54499283e+02, 4.21283020e+02, 1.46401825e+02 ]
