%YAML:1.0
---
points: [ 1.03351990e+03, 2.66985779e+02, 1.06578320e+03, 2.44030182e+02,
    1.09781177e+03, 2.21180588e+02, 1.12974829e+03, 1.98368073e+02,
    1.16177100e+03, 1.75514465e+02, 1.19364221e+03, 1.52708527e+02,
    1.05654358e+03, 2.99639984e+02, 1.08869531e+03, 2.76625916e+02,
    1.12065894e+03, 2.53752106e+02, 1.15256689e+03, 2.30827667e+02,
    1.18465991e+03, 2.07917526e+02, 1.21658215e+03, 1.84970108e+02,
    1.07961743e+03, 3.31772675e+02, 1.11168359e+03, 3.08793488e+02,
    1.14366614e+03, 2.85828583e+02, 1.17560596e+03, 2.62913696e+02,
    1.20750769e+03, 2.39931305e+02, 1.23956653e+03, 2.16952927e+02,
    1.10287244e+03, 3.63757507e+02, 1.13490796e+03, 3.40668427e+02,
    1.16689465e+03, 3.17668152e+02, 1.19866772e+03, 2.94767365e+02,
    1.23062256e+03, 2.71771912e+02, 1.26263660e+03, 2.48661713e+02,
    1.12616882e+03, 3.95820618e+02, 1.15822156e+03, 3.72726593e+02,
    1.19012756e+03, 3.49676697e+02, 1.22195386e+03, 3.26737213e+02,
    1.25383386e+03, 3.03746460e+02, 1.28583667e+03, 2.80637360e+02,
    1.14949927e+03, 4.27953491e+02, 1.18152527e+03, 4.04795410e+02,
    1.21335303e+03, 3.81779663e+02, 1.24521887e+03, 3.58731110e+02,
    1.27717725e+03, 3.35688538e+02, 1.30925696e+03, 3.12549957e+02,
    1.17260168e+03, 4.60240479e+02, 1.20461572e+03, 4.36985748e+02,
    1.23650769e+03, 4.13833832e+02, 1.26847156e+03, 3.90718811e+02,
    1.30038794e+03, 3.67703064e+02, 1.33248901e+03, 3.44611389e+02,
    1.19586548e+03, 4.92366272e+02, 1.22781860e+03, 4.69174744e+02,
    1.25978345e+03, 4.45977600e+02, 1.29160449e+03, 4.22846466e+02,
    1.32360254e+03, 3.99793671e+02, 1.35565955e+03, 3.76613739e+02 ]
