%YAML:1.0
---
points: [ 1.03354602e+03, 2.67135864e+02, 1.06580115e+03, 2.44163986e+02,
    1.09787476e+03, 2.21284897e+02, 1.12981323e+03, 1.98447388e+02,
    1.16180029e+03, 1.75581223e+02, 1.19366272e+03, 1.52799957e+02,
    1.05656116e+03, 2.99697876e+02, 1.08873267e+03, 2.76748230e+02,
    1.12069446e+03, 2.53850128e+02, 1.15261304e+03, 2.30958878e+02,
    1.18469177e+03, 2.08092026e+02, 1.21662134e+03, 1.85104218e+02,
    1.07964758e+03, 3.31859467e+02, 1.11170581e+03, 3.08878113e+02,
    1.14370813e+03, 2.85973907e+02, 1.17560754e+03, 2.63046844e+02,
    1.20755908e+03, 2.40076813e+02, 1.23959937e+03, 2.17152863e+02,
    1.10292310e+03, 3.63868011e+02, 1.13493481e+03, 3.40775818e+02,
    1.16692712e+03, 3.17776978e+02, 1.19869727e+03, 2.94846008e+02,
    1.23063574e+03, 2.71868011e+02, 1.26266260e+03, 2.48773224e+02,
    1.12620837e+03, 3.95901154e+02, 1.15823291e+03, 3.72816345e+02,
    1.19013770e+03, 3.49811310e+02, 1.22199255e+03, 3.26796448e+02,
    1.25381165e+03, 3.03807434e+02, 1.28588672e+03, 2.80747803e+02,
    1.14953760e+03, 4.28110779e+02, 1.18153369e+03, 4.04905762e+02,
    1.21337488e+03, 3.81853516e+02, 1.24527063e+03, 3.58817780e+02,
    1.27720178e+03, 3.35774963e+02, 1.30929138e+03, 3.12627808e+02,
    1.17264771e+03, 4.60308014e+02, 1.20464429e+03, 4.37068695e+02,
    1.23654492e+03, 4.13921051e+02, 1.26848889e+03, 3.90846619e+02,
    1.30042542e+03, 3.67809570e+02, 1.33250757e+03, 3.44690308e+02,
    1.19589026e+03, 4.92463928e+02, 1.22788257e+03, 4.69253571e+02,
    1.25983484e+03, 4.46145264e+02, 1.29163452e+03, 4.23007385e+02,
    1.32365674e+03, 3.99914185e+02, 1.35570667e+03, 3.76694244e+02 ]
