%YAML:1.0
---
points: [ 3.08834961e+02, 1.09305389e+02, 3.20020081e+02, 1.01078339e+02,
    3.31148102e+02, 9.29577789e+01, 3.42144745e+02, 8.49122314e+01,
    3.53171387e+02, 7.69442673e+01, 3.64054718e+02, 6.89413757e+01,
    3.16936676e+02, 1.20543449e+02, 3.28032990e+02, 1.12447632e+02,
    3.39132172e+02, 1.04261993e+02, 3.50213562e+02, 9.61969452e+01,
    3.61229584e+02, 8.81452942e+01, 3.72199646e+02, 8.01993103e+01,
    3.25057831e+02, 1.31757385e+02, 3.36189056e+02, 1.23574806e+02,
    3.47295959e+02, 1.15369377e+02, 3.58302551e+02, 1.07296310e+02,
    3.69344818e+02, 9.92194901e+01, 3.80238586e+02, 9.11084747e+01,
    3.33249542e+02, 1.42801346e+02, 3.44406433e+02, 1.34622498e+02,
    3.55504150e+02, 1.26424416e+02, 3.66547455e+02, 1.18323418e+02,
    3.77560181e+02, 1.10220276e+02, 3.88519531e+02, 1.02209938e+02,
    3.41514343e+02, 1.53924698e+02, 3.52629944e+02, 1.45711243e+02,
    3.63767365e+02, 1.37496857e+02, 3.74752411e+02, 1.29347000e+02,
    3.85764221e+02, 1.21239632e+02, 3.96645172e+02, 1.13166977e+02,
    3.49776764e+02, 1.65031433e+02, 3.60943726e+02, 1.56833817e+02,
    3.71943024e+02, 1.48626358e+02, 3.83002228e+02, 1.40443604e+02,
    3.93971924e+02, 1.32344818e+02, 4.04934662e+02, 1.24283997e+02,
    3.57987793e+02, 1.76145050e+02, 3.69083527e+02, 1.67955154e+02,
    3.80212677e+02, 1.59763809e+02, 3.91205353e+02, 1.51605042e+02,
    4.02203308e+02, 1.43445770e+02, 4.13043732e+02, 1.35308884e+02,
    3.66279846e+02, 1.87288757e+02, 3.77371948e+02, 1.79124756e+02,
    3.88413635e+02, 1.70906403e+02, 3.99421509e+02, 1.62699387e+02,
    4.10277710e+02, 1.54554062e+02, 4.21301575e+02, 1.46457443e+02 ]
