%YAML:1.0
---
points: [ 3.08850555e+02, 1.09278496e+02, 3.19972076e+02, 1.01085175e+02,
    3.31093536e+02, 9.29810104e+01, 3.42121368e+02, 8.49272842e+01,
    3.53142883e+02, 7.69678421e+01, 3.64039093e+02, 6.89689865e+01,
    3.16906616e+02, 1.20604378e+02, 3.28068695e+02, 1.12458115e+02,
    3.39098694e+02, 1.04311981e+02, 3.50190796e+02, 9.61904755e+01,
    3.61176910e+02, 8.81420746e+01, 3.72170166e+02, 8.02016220e+01,
    3.25067688e+02, 1.31766556e+02, 3.36182434e+02, 1.23577873e+02,
    3.47264709e+02, 1.15389069e+02, 3.58293304e+02, 1.07318878e+02,
    3.69311646e+02, 9.92561111e+01, 3.80200226e+02, 9.11585464e+01,
    3.33233185e+02, 1.42793701e+02, 3.44412659e+02, 1.34628738e+02,
    3.55454956e+02, 1.26419922e+02, 3.66524902e+02, 1.18352333e+02,
    3.77507721e+02, 1.10236420e+02, 3.88478577e+02, 1.02242470e+02,
    3.41497101e+02, 1.53971802e+02, 3.52629059e+02, 1.45705383e+02,
    3.63745148e+02, 1.37522461e+02, 3.74754181e+02, 1.29399063e+02,
    3.85739319e+02, 1.21270256e+02, 3.96638397e+02, 1.13207283e+02,
    3.49769073e+02, 1.65015564e+02, 3.60908173e+02, 1.56834137e+02,
    3.71927734e+02, 1.48628799e+02, 3.82951691e+02, 1.40489853e+02,
    3.93927643e+02, 1.32350220e+02, 4.04918671e+02, 1.24279167e+02,
    3.57971130e+02, 1.76220428e+02, 3.69050537e+02, 1.67949249e+02,
    3.80214722e+02, 1.59762741e+02, 3.91167755e+02, 1.51658310e+02,
    4.02165649e+02, 1.43448837e+02, 4.13013458e+02, 1.35326721e+02,
    3.66224640e+02, 1.87304672e+02, 3.77344940e+02, 1.79137680e+02,
    3.88359009e+02, 1.70928894e+02, 3.99390533e+02, 1.62695892e+02,
    4.10205872e+02, 1.54555054e+02, 4.21243164e+02, 1.46456177e+02 ]
