%YAML:1.0
---
points: [ 1.03348877e+03, 2.67186096e+02, 1.06571643e+03, 2.44201691e+02,
    1.09781787e+03, 2.21334961e+02, 1.12975183e+03, 1.98488388e+02,
    1.16175061e+03, 1.75663284e+02, 1.19366345e+03, 1.52848358e+02,
    1.05651843e+03, 2.99722473e+02, 1.08866235e+03, 2.76788330e+02,
    1.12065454e+03, 2.53923721e+02, 1.15256689e+03, 2.31053452e+02,
    1.18461133e+03, 2.08175018e+02, 1.21653857e+03, 1.85192322e+02,
    1.07961499e+03, 3.31917999e+02, 1.11167517e+03, 3.09005432e+02,
    1.14368457e+03, 2.86023132e+02, 1.17555750e+03, 2.63151245e+02,
    1.20750085e+03, 2.40149689e+02, 1.23956433e+03, 2.17165024e+02,
    1.10282190e+03, 3.63893707e+02, 1.13485547e+03, 3.40809998e+02,
    1.16684460e+03, 3.17831116e+02, 1.19864294e+03, 2.94947388e+02,
    1.23057373e+03, 2.71920685e+02, 1.26261426e+03, 2.48841629e+02,
    1.12610193e+03, 3.95993042e+02, 1.15817468e+03, 3.72906311e+02,
    1.19005762e+03, 3.49874481e+02, 1.22186877e+03, 3.26883087e+02,
    1.25374390e+03, 3.03878113e+02, 1.28578809e+03, 2.80825775e+02,
    1.14949365e+03, 4.28126221e+02, 1.18148132e+03, 4.04957794e+02,
    1.21335645e+03, 3.81897369e+02, 1.24525476e+03, 3.58877869e+02,
    1.27713843e+03, 3.35842529e+02, 1.30923047e+03, 3.12675537e+02,
    1.17259448e+03, 4.60352997e+02, 1.20458459e+03, 4.37149445e+02,
    1.23649231e+03, 4.13951965e+02, 1.26844458e+03, 3.90924561e+02,
    1.30038098e+03, 3.67821716e+02, 1.33246167e+03, 3.44707184e+02,
    1.19585364e+03, 4.92490845e+02, 1.22784131e+03, 4.69322998e+02,
    1.25975171e+03, 4.46176910e+02, 1.29156299e+03, 4.23061890e+02,
    1.32359070e+03, 3.99926788e+02, 1.35563525e+03, 3.76738098e+02 ]
