%YAML:1.0
---
points: [ 7.61649841e+02, 2.83656067e+02, 7.94318359e+02, 2.60187531e+02,
    8.27020142e+02, 2.36622467e+02, 8.59717346e+02, 2.13420578e+02,
    8.92721497e+02, 1.89695053e+02, 9.25752441e+02, 1.66080490e+02,
    7.84550598e+02, 3.16386505e+02, 8.17391541e+02, 2.93006744e+02,
    8.50119507e+02, 2.69615295e+02, 8.82754395e+02, 2.46246033e+02,
    9.15728943e+02, 2.22521118e+02, 9.48760376e+02, 1.98685425e+02,
    8.07350220e+02, 3.48908844e+02, 8.40168457e+02, 3.25576965e+02,
    8.72872314e+02, 3.02214417e+02, 9.05703857e+02, 2.78637512e+02,
    9.38660522e+02, 2.55063904e+02, 9.71757690e+02, 2.31330200e+02,
    8.30008911e+02, 3.81433197e+02, 8.62725464e+02, 3.57849762e+02,
    8.95731628e+02, 3.34515839e+02, 9.28591187e+02, 3.11125549e+02,
    9.61694458e+02, 2.87473328e+02, 9.94929626e+02, 2.63589508e+02,
    8.52634094e+02, 4.13897736e+02, 8.85636536e+02, 3.90492798e+02,
    9.18650330e+02, 3.67085419e+02, 9.51677063e+02, 3.43651428e+02,
    9.84750793e+02, 3.20007751e+02, 1.01824536e+03, 2.96309418e+02,
    8.75562134e+02, 4.46628876e+02, 9.08560303e+02, 4.23306335e+02,
    9.41735413e+02, 3.99752533e+02, 9.74827271e+02, 3.76379333e+02,
    1.00817407e+03, 3.52813965e+02, 1.04155505e+03, 3.29009674e+02,
    8.98601196e+02, 4.79602722e+02, 9.31715332e+02, 4.56233307e+02,
    9.64936218e+02, 4.32721558e+02, 9.98231201e+02, 4.09297852e+02,
    1.03149475e+03, 3.85619171e+02, 1.06503027e+03, 3.61952393e+02,
    9.21673706e+02, 5.12594788e+02, 9.54797546e+02, 4.89215729e+02,
    9.88281616e+02, 4.65650116e+02, 1.02145477e+03, 4.42292999e+02,
    1.05491052e+03, 4.18684021e+02, 1.08853748e+03, 3.94942841e+02 ]
