%YAML:1.0
---
points: [ 2.14450775e+02, 1.16074326e+02, 2.25788818e+02, 1.07784431e+02,
    2.37132278e+02, 9.95202332e+01, 2.48492737e+02, 9.11870193e+01,
    2.59842102e+02, 8.28303375e+01, 2.71323792e+02, 7.43803406e+01,
    2.22558807e+02, 1.27485687e+02, 2.33896042e+02, 1.19218536e+02,
    2.45241180e+02, 1.10906639e+02, 2.56551025e+02, 1.02637695e+02,
    2.68030792e+02, 9.41824036e+01, 2.79498077e+02, 8.57320557e+01,
    2.30663589e+02, 1.38745621e+02, 2.41982697e+02, 1.30534531e+02,
    2.53327682e+02, 1.22204353e+02, 2.64695374e+02, 1.13857910e+02,
    2.76176849e+02, 1.05459808e+02, 2.87661621e+02, 9.69836426e+01,
    2.38741547e+02, 1.50011261e+02, 2.50053680e+02, 1.41753143e+02,
    2.61426331e+02, 1.33425949e+02, 2.72862579e+02, 1.25135963e+02,
    2.84344299e+02, 1.16723854e+02, 2.95907532e+02, 1.08267685e+02,
    2.46757797e+02, 1.61249542e+02, 2.58172180e+02, 1.52975632e+02,
    2.69564850e+02, 1.44738708e+02, 2.81034790e+02, 1.36388351e+02,
    2.92546600e+02, 1.28028732e+02, 3.04171631e+02, 1.19550720e+02,
    2.54919174e+02, 1.72520370e+02, 2.66239227e+02, 1.64392807e+02,
    2.77787598e+02, 1.56061478e+02, 2.89233154e+02, 1.47687744e+02,
    3.00787872e+02, 1.39335022e+02, 3.12460938e+02, 1.30905487e+02,
    2.63027191e+02, 1.84139175e+02, 2.74425690e+02, 1.75751175e+02,
    2.86057709e+02, 1.67467224e+02, 2.97487122e+02, 1.59119568e+02,
    3.09076996e+02, 1.50756241e+02, 3.20731262e+02, 1.42279861e+02,
    2.70896790e+02, 1.95743347e+02, 2.82663055e+02, 1.87201736e+02,
    2.94210144e+02, 1.78764832e+02, 3.05711151e+02, 1.70590088e+02,
    3.17398712e+02, 1.62157562e+02, 3.29140717e+02, 1.53746979e+02 ]
