%YAML:1.0
---
points: [ 4.90057709e+02, 1.56924347e+02, 5.12722595e+02, 1.42977341e+02,
    5.35353210e+02, 1.28797699e+02, 5.57832214e+02, 1.14928932e+02,
    5.80599182e+02, 1.00774216e+02, 6.03372864e+02, 8.67869339e+01,
    5.05537323e+02, 1.80869720e+02, 5.28170776e+02, 1.66834152e+02,
    5.50708679e+02, 1.52975128e+02, 5.73219299e+02, 1.38965652e+02,
    5.95742310e+02, 1.25049057e+02, 6.18447693e+02, 1.10913673e+02,
    5.20953491e+02, 2.04622620e+02, 5.43519104e+02, 1.90737946e+02,
    5.65970642e+02, 1.76783752e+02, 5.88475159e+02, 1.63087982e+02,
    6.10891235e+02, 1.48881119e+02, 6.33516541e+02, 1.35134277e+02,
    5.36547974e+02, 2.28369919e+02, 5.58823975e+02, 2.14407562e+02,
    5.81348938e+02, 2.00566895e+02, 6.03602844e+02, 1.86761444e+02,
    6.26108765e+02, 1.72967239e+02, 6.48542908e+02, 1.58985428e+02,
    5.51658875e+02, 2.51668396e+02, 5.74040833e+02, 2.37924713e+02,
    5.96403076e+02, 2.24191971e+02, 6.18662598e+02, 2.10482208e+02,
    6.41068359e+02, 1.96566696e+02, 6.63500916e+02, 1.82849747e+02,
    5.66825195e+02, 2.74821838e+02, 5.89110840e+02, 2.61105469e+02,
    6.11468628e+02, 2.47418854e+02, 6.33641724e+02, 2.33776688e+02,
    6.55993713e+02, 2.20051620e+02, 6.78302612e+02, 2.06369980e+02,
    5.81676270e+02, 2.97678375e+02, 6.04033813e+02, 2.84181427e+02,
    6.26304626e+02, 2.70482819e+02, 6.48373901e+02, 2.56862885e+02,
    6.70515747e+02, 2.43225998e+02, 6.92685364e+02, 2.29634003e+02,
    5.96476746e+02, 3.20534149e+02, 6.18674805e+02, 3.06987274e+02,
    6.40679932e+02, 2.93425446e+02, 6.62734985e+02, 2.79808197e+02,
    6.84868713e+02, 2.66268707e+02, 7.07149902e+02, 2.52678284e+02 ]
