%YAML:1.0
---
points: [ 2.14405594e+02, 1.16137169e+02, 2.25761536e+02, 1.07796356e+02,
    2.37092270e+02, 9.95337830e+01, 2.48485458e+02, 9.11831512e+01,
    2.59849823e+02, 8.28271942e+01, 2.71295288e+02, 7.43629227e+01,
    2.22558640e+02, 1.27481308e+02, 2.33837448e+02, 1.19216339e+02,
    2.45238327e+02, 1.10895737e+02, 2.56555267e+02, 1.02613075e+02,
    2.67988525e+02, 9.41679077e+01, 2.79492645e+02, 8.57308121e+01,
    2.30662247e+02, 1.38754440e+02, 2.41965332e+02, 1.30562302e+02,
    2.53310425e+02, 1.22232216e+02, 2.64673981e+02, 1.13846405e+02,
    2.76123138e+02, 1.05442451e+02, 2.87662872e+02, 9.69520340e+01,
    2.38709671e+02, 1.49966095e+02, 2.50030746e+02, 1.41731201e+02,
    2.61428284e+02, 1.33422195e+02, 2.72821381e+02, 1.25107750e+02,
    2.84301666e+02, 1.16707146e+02, 2.95860779e+02, 1.08257965e+02,
    2.46731766e+02, 1.61223083e+02, 2.58145660e+02, 1.53019470e+02,
    2.69560211e+02, 1.44716248e+02, 2.80985199e+02, 1.36419800e+02,
    2.92523102e+02, 1.28019974e+02, 3.04155518e+02, 1.19562233e+02,
    2.54884033e+02, 1.72530853e+02, 2.66226288e+02, 1.64352875e+02,
    2.77779419e+02, 1.56072281e+02, 2.89188110e+02, 1.47712173e+02,
    3.00774811e+02, 1.39360535e+02, 3.12431427e+02, 1.30892197e+02,
    2.62973297e+02, 1.84151596e+02, 2.74426208e+02, 1.75773941e+02,
    2.86024902e+02, 1.67422913e+02, 2.97471802e+02, 1.59127457e+02,
    3.09078003e+02, 1.50761826e+02, 3.20703857e+02, 1.42268280e+02,
    2.70803864e+02, 1.95795425e+02, 2.82681793e+02, 1.87177551e+02,
    2.94172211e+02, 1.78778809e+02, 3.05689392e+02, 1.70569260e+02,
    3.17351593e+02, 1.62145248e+02, 3.29141205e+02, 1.53745529e+02 ]
