%YAML:1.0
---
points: [ 7.61566528e+02, 2.83630859e+02, 7.94252319e+02, 2.60186249e+02,
    8.27018921e+02, 2.36631668e+02, 8.59661377e+02, 2.13406937e+02,
    8.92665283e+02, 1.89703430e+02, 9.25721436e+02, 1.66086334e+02,
    7.84507629e+02, 3.16360962e+02, 8.17339050e+02, 2.93057495e+02,
    8.50092102e+02, 2.69611664e+02, 8.82689758e+02, 2.46208008e+02,
    9.15678162e+02, 2.22514175e+02, 9.48713257e+02, 1.98711700e+02,
    8.07290833e+02, 3.48896088e+02, 8.40119812e+02, 3.25583435e+02,
    8.72823792e+02, 3.02194305e+02, 9.05635437e+02, 2.78632111e+02,
    9.38552368e+02, 2.55118546e+02, 9.71693848e+02, 2.31360062e+02,
    8.29962280e+02, 3.81396881e+02, 8.62682739e+02, 3.57793030e+02,
    8.95688354e+02, 3.34496826e+02, 9.28549133e+02, 3.11100861e+02,
    9.61630371e+02, 2.87451721e+02, 9.94863525e+02, 2.63617188e+02,
    8.52592896e+02, 4.13898560e+02, 8.85571594e+02, 3.90454041e+02,
    9.18585754e+02, 3.67074432e+02, 9.51619690e+02, 3.43653290e+02,
    9.84696716e+02, 3.20050842e+02, 1.01819287e+03, 2.96327728e+02,
    8.75523499e+02, 4.46651245e+02, 9.08510803e+02, 4.23302063e+02,
    9.41683228e+02, 3.99744476e+02, 9.74772034e+02, 3.76389954e+02,
    1.00809180e+03, 3.52819824e+02, 1.04147656e+03, 3.29003937e+02,
    8.98547485e+02, 4.79600006e+02, 9.31642517e+02, 4.56214050e+02,
    9.64847351e+02, 4.32712860e+02, 9.98134827e+02, 4.09303009e+02,
    1.03143738e+03, 3.85649170e+02, 1.06500061e+03, 3.61914337e+02,
    9.21597351e+02, 5.12577698e+02, 9.54728699e+02, 4.89183990e+02,
    9.88211487e+02, 4.65660278e+02, 1.02138300e+03, 4.42276611e+02,
    1.05484338e+03, 4.18677307e+02, 1.08850488e+03, 3.94944000e+02 ]
