%YAML:1.0
---
points: [ 4.18709076e+02, 6.20242126e+02, 4.50672638e+02, 5.97247437e+02,
    4.82761627e+02, 5.74229126e+02, 5.14762268e+02, 5.51425537e+02,
    5.46692200e+02, 5.28451538e+02, 5.78735718e+02, 5.05565948e+02,
    4.41656281e+02, 6.51753418e+02, 4.73736389e+02, 6.28662109e+02,
    5.05831329e+02, 6.05597412e+02, 5.37723938e+02, 5.82679016e+02,
    5.69532715e+02, 5.59858459e+02, 6.01518311e+02, 5.36965881e+02,
    4.64257263e+02, 6.83403259e+02, 4.96321960e+02, 6.60282837e+02,
    5.28431580e+02, 6.37250122e+02, 5.60338074e+02, 6.14293701e+02,
    5.92110474e+02, 5.91320190e+02, 6.23887146e+02, 5.68400696e+02,
    4.86445038e+02, 7.15137512e+02, 5.18499634e+02, 6.91823792e+02,
    5.50554871e+02, 6.68825378e+02, 5.82562683e+02, 6.45674194e+02,
    6.14506836e+02, 6.22632446e+02, 6.46336304e+02, 5.99609375e+02,
    5.08757202e+02, 7.46902649e+02, 5.40888428e+02, 7.23655579e+02,
    5.73003784e+02, 7.00460815e+02, 6.04864868e+02, 6.77398254e+02,
    6.36953186e+02, 6.54222046e+02, 6.68744080e+02, 6.31117859e+02,
    5.31083862e+02, 7.78932556e+02, 5.63299133e+02, 7.55567993e+02,
    5.95455383e+02, 7.32265564e+02, 6.27478760e+02, 7.09142395e+02,
    6.59456238e+02, 6.85917664e+02, 6.91250427e+02, 6.62776733e+02,
    5.53585388e+02, 8.10852356e+02, 5.85831238e+02, 7.87490540e+02,
    6.18143982e+02, 7.64229187e+02, 6.50138550e+02, 7.40934082e+02,
    6.82134949e+02, 7.17646362e+02, 7.13785034e+02, 6.94547424e+02,
    5.76196106e+02, 8.42981262e+02, 6.08534668e+02, 8.19454285e+02,
    6.40664917e+02, 7.96082275e+02, 6.72594055e+02, 7.72709229e+02,
    7.04625732e+02, 7.49465515e+02, 7.36504578e+02, 7.26270935e+02 ]
