%YAML:1.0
---
points: [ 9.59720840e+01, 2.34205643e+02, 1.06935715e+02, 2.26164474e+02,
    1.17848091e+02, 2.18090912e+02, 1.28936050e+02, 2.10092072e+02,
    1.39944427e+02, 2.01998001e+02, 1.50945450e+02, 1.93929779e+02,
    1.04092377e+02, 2.45123825e+02, 1.15007027e+02, 2.36985413e+02,
    1.26060921e+02, 2.28956177e+02, 1.36953430e+02, 2.20887680e+02,
    1.47990784e+02, 2.12864761e+02, 1.58962555e+02, 2.04778610e+02,
    1.11970459e+02, 2.55980881e+02, 1.22994171e+02, 2.47899460e+02,
    1.33952560e+02, 2.39817566e+02, 1.45097076e+02, 2.31596420e+02,
    1.55911407e+02, 2.23654404e+02, 1.66868896e+02, 2.15581604e+02,
    1.19875053e+02, 2.66981445e+02, 1.30809265e+02, 2.58785461e+02,
    1.41810486e+02, 2.50701630e+02, 1.52840073e+02, 2.42608475e+02,
    1.63849670e+02, 2.34483749e+02, 1.74794098e+02, 2.26423386e+02,
    1.27681801e+02, 2.77922089e+02, 1.38739655e+02, 2.69793884e+02,
    1.49785110e+02, 2.61627350e+02, 1.60783600e+02, 2.53512039e+02,
    1.71795303e+02, 2.45360413e+02, 1.82728043e+02, 2.37285690e+02,
    1.35635483e+02, 2.88985016e+02, 1.46636902e+02, 2.80845520e+02,
    1.57729813e+02, 2.72654877e+02, 1.68724365e+02, 2.64446899e+02,
    1.79788406e+02, 2.56304779e+02, 1.90698700e+02, 2.48218155e+02,
    1.43619492e+02, 3.00008759e+02, 1.54688919e+02, 2.91800049e+02,
    1.65718155e+02, 2.83622253e+02, 1.76710403e+02, 2.75445801e+02,
    1.87745743e+02, 2.67245758e+02, 1.98679443e+02, 2.59155853e+02,
    1.51599228e+02, 3.11076111e+02, 1.62681625e+02, 3.02826019e+02,
    1.73683350e+02, 2.94669037e+02, 1.84714111e+02, 2.86426575e+02,
    1.95690506e+02, 2.78260590e+02, 2.06628647e+02, 2.70034760e+02 ]
