%YAML:1.0
---
points: [ 9.59715424e+01, 2.34211731e+02, 1.06930801e+02, 2.26153168e+02,
    1.17875374e+02, 2.18045898e+02, 1.28933441e+02, 2.10061752e+02,
    1.39936295e+02, 2.01972229e+02, 1.50943222e+02, 1.93918243e+02,
    1.04099747e+02, 2.45093079e+02, 1.15002068e+02, 2.37013611e+02,
    1.26041336e+02, 2.28976074e+02, 1.36946793e+02, 2.20878662e+02,
    1.47989807e+02, 2.12863388e+02, 1.58981247e+02, 2.04775818e+02,
    1.11995659e+02, 2.55961990e+02, 1.22976868e+02, 2.47891006e+02,
    1.33936478e+02, 2.39793625e+02, 1.45108185e+02, 2.31616211e+02,
    1.55878754e+02, 2.23623459e+02, 1.66819351e+02, 2.15529190e+02,
    1.19867699e+02, 2.66969635e+02, 1.30816269e+02, 2.58799835e+02,
    1.41793884e+02, 2.50701538e+02, 1.52848419e+02, 2.42603073e+02,
    1.63842682e+02, 2.34480179e+02, 1.74797211e+02, 2.26428604e+02,
    1.27700333e+02, 2.77893158e+02, 1.38763535e+02, 2.69786102e+02,
    1.49742081e+02, 2.61617096e+02, 1.60771912e+02, 2.53508743e+02,
    1.71767014e+02, 2.45346237e+02, 1.82703384e+02, 2.37264282e+02,
    1.35620270e+02, 2.88994171e+02, 1.46651138e+02, 2.80781891e+02,
    1.57722992e+02, 2.72624237e+02, 1.68702591e+02, 2.64481201e+02,
    1.79755219e+02, 2.56294647e+02, 1.90710815e+02, 2.48178558e+02,
    1.43605103e+02, 2.99994537e+02, 1.54687195e+02, 2.91787476e+02,
    1.65720596e+02, 2.83584839e+02, 1.76718353e+02, 2.75460327e+02,
    1.87750443e+02, 2.67253113e+02, 1.98690689e+02, 2.59116852e+02,
    1.51609329e+02, 3.11078766e+02, 1.62696030e+02, 3.02791290e+02,
    1.73688889e+02, 2.94613495e+02, 1.84739914e+02, 2.86431305e+02,
    1.95696884e+02, 2.78224365e+02, 2.06682861e+02, 2.70037506e+02 ]
