%YAML:1.0
---
points: [ 8.11707153e+02, 2.74373077e+02, 8.33240173e+02, 2.61210114e+02,
    8.54628296e+02, 2.47865585e+02, 8.76161438e+02, 2.34726608e+02,
    8.97632629e+02, 2.21475464e+02, 9.19298767e+02, 2.08317688e+02,
    8.25240234e+02, 2.96416229e+02, 8.46569702e+02, 2.83303253e+02,
    8.68023865e+02, 2.70188049e+02, 8.89326355e+02, 2.56943115e+02,
    9.10720154e+02, 2.43807281e+02, 9.32302002e+02, 2.30593826e+02,
    8.38502441e+02, 3.18397675e+02, 8.59795715e+02, 3.05399994e+02,
    8.81195068e+02, 2.92237488e+02, 9.02516663e+02, 2.79271606e+02,
    9.23819092e+02, 2.66033325e+02, 9.45418640e+02, 2.52839493e+02,
    8.51680664e+02, 3.40222015e+02, 8.73051636e+02, 3.27177338e+02,
    8.94321472e+02, 3.14172882e+02, 9.15540161e+02, 3.01133057e+02,
    9.36804382e+02, 2.88087708e+02, 9.58246521e+02, 2.74877502e+02,
    8.64697510e+02, 3.61723450e+02, 8.86097717e+02, 3.48800568e+02,
    9.07246094e+02, 3.35812592e+02, 9.28512817e+02, 3.22893524e+02,
    9.49670837e+02, 3.09977051e+02, 9.71117493e+02, 2.96810242e+02,
    8.77854126e+02, 3.83249664e+02, 8.99041443e+02, 3.70349670e+02,
    9.20228943e+02, 3.57437439e+02, 9.41350342e+02, 3.44459320e+02,
    9.62504211e+02, 3.31602936e+02, 9.83664001e+02, 3.18609711e+02,
    8.90673279e+02, 4.04428406e+02, 9.11821472e+02, 3.91542755e+02,
    9.32859192e+02, 3.78758057e+02, 9.54053711e+02, 3.65887024e+02,
    9.75194641e+02, 3.53038574e+02, 9.96429077e+02, 3.40157410e+02,
    9.03573181e+02, 4.25627502e+02, 9.24568115e+02, 4.12779327e+02,
    9.45761902e+02, 4.00094879e+02, 9.66716492e+02, 3.87280670e+02,
    9.87899963e+02, 3.74401154e+02, 1.00901306e+03, 3.61568665e+02 ]
