%YAML:1.0
---
points: [ 4.18686401e+02, 6.20226318e+02, 4.50653015e+02, 5.97219177e+02,
    4.82748657e+02, 5.74191345e+02, 5.14776978e+02, 5.51323669e+02,
    5.46746765e+02, 5.28425049e+02, 5.78722717e+02, 5.05545166e+02,
    4.41702545e+02, 6.51634155e+02, 4.73728302e+02, 6.28605286e+02,
    5.05920715e+02, 6.05573914e+02, 5.37750488e+02, 5.82713196e+02,
    5.69551453e+02, 5.59820984e+02, 6.01449280e+02, 5.36916443e+02,
    4.64285522e+02, 6.83377502e+02, 4.96343201e+02, 6.60189209e+02,
    5.28433289e+02, 6.37192017e+02, 5.60319824e+02, 6.14250977e+02,
    5.92065186e+02, 5.91266418e+02, 6.23850891e+02, 5.68351196e+02,
    4.86488892e+02, 7.15108582e+02, 5.18509033e+02, 6.91796997e+02,
    5.50582825e+02, 6.68718201e+02, 5.82548889e+02, 6.45639404e+02,
    6.14509521e+02, 6.22583984e+02, 6.46343994e+02, 5.99542664e+02,
    5.08702881e+02, 7.46814514e+02, 5.40964966e+02, 7.23578674e+02,
    5.72991028e+02, 7.00432312e+02, 6.04890808e+02, 6.77349304e+02,
    6.36944580e+02, 6.54205688e+02, 6.68725037e+02, 6.31077515e+02,
    5.31034973e+02, 7.78868225e+02, 5.63266724e+02, 7.55498596e+02,
    5.95413757e+02, 7.32200989e+02, 6.27466064e+02, 7.09060364e+02,
    6.59503113e+02, 6.85864502e+02, 6.91284973e+02, 6.62702332e+02,
    5.53667542e+02, 8.10804504e+02, 5.85852051e+02, 7.87465820e+02,
    6.18057800e+02, 7.64275391e+02, 6.50119873e+02, 7.40880127e+02,
    6.82125061e+02, 7.17602234e+02, 7.13804443e+02, 6.94570129e+02,
    5.76249695e+02, 8.42851501e+02, 6.08548767e+02, 8.19405334e+02,
    6.40662354e+02, 7.96054382e+02, 6.72576843e+02, 7.72718567e+02,
    7.04663147e+02, 7.49449036e+02, 7.36479309e+02, 7.26256836e+02 ]
