%YAML:1.0
---
points: [ 4.35526703e+02, 4.43209656e+02, 4.66999451e+02, 4.20578278e+02,
    4.98555267e+02, 3.98169952e+02, 5.30253418e+02, 3.75687408e+02,
    5.61922974e+02, 3.53313782e+02, 5.93526978e+02, 3.30884521e+02,
    4.58264374e+02, 4.74689972e+02, 4.89884216e+02, 4.52319183e+02,
    5.21425354e+02, 4.29722137e+02, 5.52959473e+02, 4.07371094e+02,
    5.84522278e+02, 3.84820190e+02, 6.16096008e+02, 3.62279541e+02,
    4.80511414e+02, 5.06242706e+02, 5.12198547e+02, 4.83621490e+02,
    5.43726929e+02, 4.61090485e+02, 5.75276917e+02, 4.38619843e+02,
    6.06753479e+02, 4.16163605e+02, 6.38291687e+02, 3.93559235e+02,
    5.02504944e+02, 5.37585083e+02, 5.34155640e+02, 5.14972168e+02,
    5.65748962e+02, 4.92500275e+02, 5.97325439e+02, 4.69918915e+02,
    6.28983398e+02, 4.47475555e+02, 6.60514893e+02, 4.24846313e+02,
    5.24525330e+02, 5.69238708e+02, 5.56257629e+02, 5.46564087e+02,
    5.87936096e+02, 5.23941406e+02, 6.19573486e+02, 5.01430939e+02,
    6.51197754e+02, 4.78820099e+02, 6.82684814e+02, 4.56292175e+02,
    5.46509460e+02, 6.00751831e+02, 5.78361145e+02, 5.78104004e+02,
    6.10258606e+02, 5.55471375e+02, 6.41732483e+02, 5.32884949e+02,
    6.73440369e+02, 5.10299683e+02, 7.04861328e+02, 4.87658386e+02,
    5.68892151e+02, 6.32438538e+02, 6.00715027e+02, 6.09654358e+02,
    6.32495056e+02, 5.87066589e+02, 6.64149658e+02, 5.64475281e+02,
    6.95610229e+02, 5.41806274e+02, 7.27374573e+02, 5.19263733e+02,
    5.91230713e+02, 6.64109558e+02, 6.22974487e+02, 6.41372375e+02,
    6.54795166e+02, 6.18683105e+02, 6.86425232e+02, 5.96104370e+02,
    7.18000183e+02, 5.73452820e+02, 7.49567261e+02, 5.50720825e+02 ]
