%YAML:1.0
---
points: [ 1.00864883e+02, 1.72689835e+02, 1.11674644e+02, 1.64733612e+02,
    1.22607307e+02, 1.56842026e+02, 1.33476624e+02, 1.48929565e+02,
    1.44371399e+02, 1.40990860e+02, 1.55291245e+02, 1.33065918e+02,
    1.08875603e+02, 1.83572189e+02, 1.19699257e+02, 1.75680008e+02,
    1.30615524e+02, 1.67737534e+02, 1.41435379e+02, 1.59850296e+02,
    1.52376862e+02, 1.51912628e+02, 1.63232986e+02, 1.43953522e+02,
    1.16717957e+02, 1.94392303e+02, 1.27604523e+02, 1.86523224e+02,
    1.38501740e+02, 1.78546768e+02, 1.49341827e+02, 1.70657730e+02,
    1.60201126e+02, 1.62749390e+02, 1.71044250e+02, 1.54795029e+02,
    1.24496201e+02, 2.05282425e+02, 1.35359299e+02, 1.97337677e+02,
    1.46297867e+02, 1.89380478e+02, 1.57193420e+02, 1.81463516e+02,
    1.68095703e+02, 1.73559631e+02, 1.78943970e+02, 1.65605743e+02,
    1.32243057e+02, 2.16225677e+02, 1.43221695e+02, 2.08239578e+02,
    1.54104172e+02, 2.00272308e+02, 1.65036804e+02, 1.92353119e+02,
    1.75906296e+02, 1.84412506e+02, 1.86798279e+02, 1.76456909e+02,
    1.40122314e+02, 2.27119949e+02, 1.51024597e+02, 2.19133438e+02,
    1.61962921e+02, 2.11152725e+02, 1.71817566e+02, 2.02358932e+02,
    1.83849777e+02, 1.95255829e+02, 1.94722992e+02, 1.87317322e+02,
    1.47936798e+02, 2.38006165e+02, 1.58958740e+02, 2.30061142e+02,
    1.69920685e+02, 2.22112411e+02, 1.80779297e+02, 2.14144852e+02,
    1.91744873e+02, 2.06145187e+02, 2.02671768e+02, 1.98214874e+02,
    1.55848022e+02, 2.48947861e+02, 1.66818420e+02, 2.40919312e+02,
    1.77775970e+02, 2.32977783e+02, 1.88720337e+02, 2.25047012e+02,
    1.99639053e+02, 2.17075287e+02, 2.10493469e+02, 2.09092514e+02 ]
