%YAML:1.0
---
points: [ 7.50034973e+02, 3.52184998e+02, 7.71478455e+02, 3.39305389e+02,
    7.92802246e+02, 3.26530304e+02, 8.14061890e+02, 3.13646210e+02,
    8.35416016e+02, 3.00930206e+02, 8.56657898e+02, 2.88258362e+02,
    7.63403931e+02, 3.73711731e+02, 7.84696716e+02, 3.60945587e+02,
    8.06094299e+02, 3.48262146e+02, 8.27245300e+02, 3.35497864e+02,
    8.48492981e+02, 3.22735901e+02, 8.69652344e+02, 3.10006744e+02,
    7.76740601e+02, 3.95335297e+02, 7.98016724e+02, 3.82536255e+02,
    8.19260559e+02, 3.69779877e+02, 8.40374695e+02, 3.57171356e+02,
    8.61446533e+02, 3.44436310e+02, 8.82621155e+02, 3.31747894e+02,
    7.89995972e+02, 4.16602509e+02, 8.11069580e+02, 4.03896851e+02,
    8.32296265e+02, 3.91272949e+02, 8.53245605e+02, 3.78575653e+02,
    8.74379883e+02, 3.65892242e+02, 8.95422363e+02, 3.53331696e+02,
    8.03087769e+02, 4.37784729e+02, 8.24178711e+02, 4.25172241e+02,
    8.45161316e+02, 4.12434631e+02, 8.66145996e+02, 3.99869904e+02,
    8.87034363e+02, 3.87249603e+02, 9.08095032e+02, 3.74606018e+02,
    8.16004089e+02, 4.58664337e+02, 8.36975586e+02, 4.46162903e+02,
    8.57879639e+02, 4.33460205e+02, 8.78716431e+02, 4.20933899e+02,
    8.99695679e+02, 4.08379974e+02, 9.20579041e+02, 3.95734497e+02,
    8.28777039e+02, 4.79544189e+02, 8.49779907e+02, 4.66939117e+02,
    8.70621338e+02, 4.54385956e+02, 8.91444397e+02, 4.41829651e+02,
    9.12291748e+02, 4.29316162e+02, 9.33109375e+02, 4.16675659e+02,
    8.41591919e+02, 5.00375153e+02, 8.62442139e+02, 4.87745636e+02,
    8.83290466e+02, 4.75288788e+02, 9.04025635e+02, 4.62676971e+02,
    9.24796631e+02, 4.50321533e+02, 9.45567261e+02, 4.37639771e+02 ]
