%YAML:1.0
---
points: [ 4.35530060e+02, 4.43240417e+02, 4.66921814e+02, 4.20666779e+02,
    4.98603455e+02, 3.98254211e+02, 5.30223083e+02, 3.75767426e+02,
    5.61961792e+02, 3.53427399e+02, 5.93514099e+02, 3.30962067e+02,
    4.58242676e+02, 4.74761566e+02, 4.89882263e+02, 4.52336945e+02,
    5.21439697e+02, 4.29797119e+02, 5.52960144e+02, 4.07425354e+02,
    5.84547913e+02, 3.84896881e+02, 6.16094727e+02, 3.62321381e+02,
    4.80496674e+02, 5.06224976e+02, 5.12195862e+02, 4.83649170e+02,
    5.43703735e+02, 4.61195374e+02, 5.75233887e+02, 4.38667358e+02,
    6.06809265e+02, 4.16247192e+02, 6.38299072e+02, 3.93607422e+02,
    5.02449585e+02, 5.37669006e+02, 5.34124146e+02, 5.15103577e+02,
    5.65772095e+02, 4.92591125e+02, 5.97380127e+02, 4.70045807e+02,
    6.28965637e+02, 4.47554749e+02, 6.60517151e+02, 4.24909546e+02,
    5.24501038e+02, 5.69275024e+02, 5.56257019e+02, 5.46575806e+02,
    5.87923279e+02, 5.23976746e+02, 6.19566650e+02, 5.01442291e+02,
    6.51165771e+02, 4.78883118e+02, 6.82699341e+02, 4.56328705e+02,
    5.46509460e+02, 6.00772827e+02, 5.78365112e+02, 5.78088806e+02,
    6.10219727e+02, 5.55488770e+02, 6.41775635e+02, 5.32950745e+02,
    6.73413574e+02, 5.10339996e+02, 7.04876282e+02, 4.87692963e+02,
    5.68854187e+02, 6.32474609e+02, 6.00690918e+02, 6.09682800e+02,
    6.32488281e+02, 5.87120850e+02, 6.64147034e+02, 5.64502808e+02,
    6.95582886e+02, 5.41935059e+02, 7.27333984e+02, 5.19298706e+02,
    5.91210022e+02, 6.64210876e+02, 6.22972290e+02, 6.41396729e+02,
    6.54776917e+02, 6.18711792e+02, 6.86408813e+02, 5.96119568e+02,
    7.17973816e+02, 5.73459839e+02, 7.49550232e+02, 5.50774780e+02 ]
