%YAML:1.0
---
points: [ 7.48203674e+02, 4.25629059e+02, 7.68866760e+02, 4.12936859e+02,
    7.89648682e+02, 4.00429993e+02, 8.10253967e+02, 3.87720276e+02,
    8.30870178e+02, 3.75246582e+02, 8.51580688e+02, 3.62573822e+02,
    7.61337158e+02, 4.46413696e+02, 7.82005066e+02, 4.33662750e+02,
    8.02620056e+02, 4.21190491e+02, 8.23200928e+02, 4.08565094e+02,
    8.43791687e+02, 3.96076294e+02, 8.64348145e+02, 3.83458466e+02,
    7.74420349e+02, 4.66926392e+02, 7.95010498e+02, 4.54376556e+02,
    8.15428833e+02, 4.41740753e+02, 8.36045166e+02, 4.29320007e+02,
    8.56492065e+02, 4.16701996e+02, 8.77057495e+02, 4.04260468e+02,
    7.87382202e+02, 4.87430481e+02, 8.07834534e+02, 4.74820648e+02,
    8.28405762e+02, 4.62324860e+02, 8.48688232e+02, 4.49828278e+02,
    8.69227234e+02, 4.37285706e+02, 8.89531250e+02, 4.24774170e+02,
    8.00275879e+02, 5.07631897e+02, 8.20688354e+02, 4.95221588e+02,
    8.41033752e+02, 4.82588684e+02, 8.61434265e+02, 4.70238647e+02,
    8.81635498e+02, 4.57648712e+02, 9.02176636e+02, 4.45304474e+02,
    8.12973022e+02, 5.27711487e+02, 8.33375244e+02, 5.15270081e+02,
    8.53612915e+02, 5.02765442e+02, 8.73940918e+02, 4.90355499e+02,
    8.94262329e+02, 4.77962189e+02, 9.14496399e+02, 4.65498352e+02,
    8.25597961e+02, 5.47737793e+02, 8.45977478e+02, 5.35322327e+02,
    8.66271423e+02, 5.22817932e+02, 8.86398193e+02, 5.10470276e+02,
    9.06554626e+02, 4.98088654e+02, 9.26808655e+02, 4.85638824e+02,
    8.38250427e+02, 5.67707703e+02, 8.58482971e+02, 5.55263855e+02,
    8.78675049e+02, 5.42856506e+02, 8.98759521e+02, 5.30553406e+02,
    9.19006897e+02, 5.18277527e+02, 9.39143372e+02, 5.05729614e+02 ]
