%YAML:1.0
---
points: [ 1.00843689e+02, 1.72720169e+02, 1.11700348e+02, 1.64760635e+02,
    1.22614105e+02, 1.56866394e+02, 1.33483047e+02, 1.48943634e+02,
    1.44337173e+02, 1.41032227e+02, 1.55293762e+02, 1.33087372e+02,
    1.08889336e+02, 1.83608353e+02, 1.19697632e+02, 1.75682556e+02,
    1.30600998e+02, 1.67772339e+02, 1.41449829e+02, 1.59863113e+02,
    1.52345901e+02, 1.51907883e+02, 1.63227478e+02, 1.43954361e+02,
    1.16717415e+02, 1.94431076e+02, 1.27579613e+02, 1.86526016e+02,
    1.38510696e+02, 1.78558578e+02, 1.49353516e+02, 1.70683395e+02,
    1.60192276e+02, 1.62756897e+02, 1.71053864e+02, 1.54816727e+02,
    1.24465340e+02, 2.05330383e+02, 1.35363831e+02, 1.97349609e+02,
    1.46276047e+02, 1.89407608e+02, 1.57174500e+02, 1.81479919e+02,
    1.68085449e+02, 1.73575378e+02, 1.78941666e+02, 1.65619293e+02,
    1.32242050e+02, 2.16234467e+02, 1.43219910e+02, 2.08252853e+02,
    1.54112793e+02, 2.00267166e+02, 1.65037491e+02, 1.92356339e+02,
    1.75933990e+02, 1.84428787e+02, 1.86809525e+02, 1.76478485e+02,
    1.40111618e+02, 2.27149948e+02, 1.51033401e+02, 2.19131958e+02,
    1.62000793e+02, 2.11163345e+02, 1.71840530e+02, 2.02360458e+02,
    1.83817413e+02, 1.95272781e+02, 1.94744247e+02, 1.87346802e+02,
    1.47975967e+02, 2.38035629e+02, 1.58938370e+02, 2.30079590e+02,
    1.69910721e+02, 2.22097961e+02, 1.80771088e+02, 2.14192184e+02,
    1.91724869e+02, 2.06180923e+02, 2.02633636e+02, 1.98206680e+02,
    1.55874802e+02, 2.48958893e+02, 1.66833115e+02, 2.40923157e+02,
    1.77808258e+02, 2.32959778e+02, 1.88723206e+02, 2.25058914e+02,
    1.99654663e+02, 2.17105560e+02, 2.10457047e+02, 2.09125549e+02 ]
