%YAML:1.0
---
points: [ 1.02139511e+02, 1.19326164e+02, 1.12878868e+02, 1.11459724e+02,
    1.23651421e+02, 1.03628632e+02, 1.34457977e+02, 9.57782516e+01,
    1.45327194e+02, 8.79661789e+01, 1.56197357e+02, 8.00453033e+01,
    1.09964043e+02, 1.30237793e+02, 1.20738419e+02, 1.22316414e+02,
    1.31577316e+02, 1.14511681e+02, 1.42302399e+02, 1.06715538e+02,
    1.53182465e+02, 9.87849274e+01, 1.63947311e+02, 9.09333496e+01,
    1.17646553e+02, 1.41008591e+02, 1.28458954e+02, 1.33157578e+02,
    1.39269897e+02, 1.25292732e+02, 1.50076569e+02, 1.17452896e+02,
    1.60881531e+02, 1.09620773e+02, 1.71749969e+02, 1.01689377e+02,
    1.25346458e+02, 1.51796021e+02, 1.36142212e+02, 1.43924850e+02,
    1.46976730e+02, 1.36113480e+02, 1.57789886e+02, 1.28271637e+02,
    1.68679886e+02, 1.20427643e+02, 1.79515533e+02, 1.12545982e+02,
    1.33005417e+02, 1.62589279e+02, 1.43881042e+02, 1.54795700e+02,
    1.54753601e+02, 1.46941299e+02, 1.65588531e+02, 1.39110046e+02,
    1.76463242e+02, 1.31262039e+02, 1.87257980e+02, 1.23404663e+02,
    1.40798904e+02, 1.73480011e+02, 1.51674911e+02, 1.65650131e+02,
    1.62588333e+02, 1.57807434e+02, 1.73420059e+02, 1.50020508e+02,
    1.84243866e+02, 1.42188583e+02, 1.95126328e+02, 1.34298874e+02,
    1.48585617e+02, 1.84373154e+02, 1.59511734e+02, 1.76525101e+02,
    1.70370361e+02, 1.68735107e+02, 1.81240021e+02, 1.60911621e+02,
    1.92063507e+02, 1.53082245e+02, 2.02939789e+02, 1.45173218e+02,
    1.56401260e+02, 1.95243698e+02, 1.67304962e+02, 1.87393250e+02,
    1.78201111e+02, 1.79579849e+02, 1.89042419e+02, 1.71781799e+02,
    1.99924973e+02, 1.63889496e+02, 2.10758179e+02, 1.56070648e+02 ]
