%YAML:1.0
---
points: [ 9.39528809e+02, 4.31863647e+02, 9.58560913e+02, 4.20059723e+02,
    9.77488037e+02, 4.08256653e+02, 9.96388062e+02, 3.96489990e+02,
    1.01516754e+03, 3.84730164e+02, 1.03384399e+03, 3.73152496e+02,
    9.51180847e+02, 4.51264740e+02, 9.70153381e+02, 4.39358063e+02,
    9.88927734e+02, 4.27552399e+02, 1.00760175e+03, 4.15783600e+02,
    1.02630029e+03, 4.04147339e+02, 1.04486914e+03, 3.92455475e+02,
    9.62577454e+02, 4.70415192e+02, 9.81492493e+02, 4.58492889e+02,
    1.00013715e+03, 4.46700012e+02, 1.01879529e+03, 4.35086792e+02,
    1.03740955e+03, 4.23367615e+02, 1.05595862e+03, 4.11637115e+02,
    9.73995300e+02, 4.89388672e+02, 9.92628540e+02, 4.77556915e+02,
    1.01134784e+03, 4.65714996e+02, 1.02979919e+03, 4.54161499e+02,
    1.04833191e+03, 4.42408997e+02, 1.06667529e+03, 4.30783234e+02,
    9.85263306e+02, 5.08244324e+02, 1.00385339e+03, 4.96444183e+02,
    1.02240662e+03, 4.84594757e+02, 1.04086597e+03, 4.72948456e+02,
    1.05917603e+03, 4.61337738e+02, 1.07749097e+03, 4.49638824e+02,
    9.96438049e+02, 5.26875549e+02, 1.01485638e+03, 5.15104492e+02,
    1.03336279e+03, 5.03327637e+02, 1.05157153e+03, 4.91611542e+02,
    1.06990039e+03, 4.79905182e+02, 1.08813855e+03, 4.68399811e+02,
    1.00744562e+03, 5.45422974e+02, 1.02587048e+03, 5.33515808e+02,
    1.04429065e+03, 5.21815247e+02, 1.06247571e+03, 5.10180756e+02,
    1.08059790e+03, 4.98564117e+02, 1.09881055e+03, 4.86902008e+02,
    1.01856598e+03, 5.63825928e+02, 1.03687866e+03, 5.52027405e+02,
    1.05528503e+03, 5.40331543e+02, 1.07339697e+03, 5.28671143e+02,
    1.09160071e+03, 5.17118835e+02, 1.10957495e+03, 5.05449371e+02 ]
