%YAML:1.0
---
points: [ 4.40683533e+02, 2.89337860e+02, 4.71893982e+02, 2.67029297e+02,
    5.03452942e+02, 2.44749847e+02, 5.34897156e+02, 2.22720261e+02,
    5.66436462e+02, 2.00501831e+02, 5.97912598e+02, 1.78355865e+02,
    4.63193634e+02, 3.21079071e+02, 4.94555969e+02, 2.98767822e+02,
    5.26093018e+02, 2.76640656e+02, 5.57447205e+02, 2.54444519e+02,
    5.88812561e+02, 2.32285049e+02, 6.20268188e+02, 2.09822189e+02,
    4.85304932e+02, 3.52469208e+02, 5.16736450e+02, 3.30296021e+02,
    5.48141907e+02, 3.08024261e+02, 5.79529053e+02, 2.85848450e+02,
    6.10874512e+02, 2.63514740e+02, 6.42299744e+02, 2.41194061e+02,
    5.07049347e+02, 3.83735901e+02, 5.38522400e+02, 3.61466309e+02,
    5.69959656e+02, 3.39294250e+02, 6.01463501e+02, 3.17064880e+02,
    6.32819275e+02, 2.94737671e+02, 6.64344482e+02, 2.72448456e+02,
    5.28863953e+02, 4.15200623e+02, 5.60401978e+02, 3.92892120e+02,
    5.91950256e+02, 3.70651489e+02, 6.23377014e+02, 3.48480255e+02,
    6.54806946e+02, 3.26322723e+02, 6.86314148e+02, 3.03829803e+02,
    5.50673706e+02, 4.46575073e+02, 5.82391907e+02, 4.24302551e+02,
    6.14061768e+02, 4.02158844e+02, 6.45488342e+02, 3.79866547e+02,
    6.76924988e+02, 3.57628967e+02, 7.08372559e+02, 3.35242218e+02,
    5.72858276e+02, 4.78098572e+02, 6.04537048e+02, 4.55792053e+02,
    6.36130737e+02, 4.33545837e+02, 6.67538452e+02, 4.11330963e+02,
    6.99005981e+02, 3.89089172e+02, 7.30478943e+02, 3.66685913e+02,
    5.94935181e+02, 5.09484589e+02, 6.26603149e+02, 4.87287415e+02,
    6.58284729e+02, 4.64924164e+02, 6.89561829e+02, 4.42774475e+02,
    7.21078674e+02, 4.20484772e+02, 7.52530212e+02, 3.98171997e+02 ]
