%YAML:1.0
---
points: [ 1.02159912e+02, 1.19349770e+02, 1.12876114e+02, 1.11473038e+02,
    1.23661423e+02, 1.03676292e+02, 1.34489059e+02, 9.57674026e+01,
    1.45323547e+02, 8.79932022e+01, 1.56218277e+02, 8.00856476e+01,
    1.10023788e+02, 1.30254608e+02, 1.20728676e+02, 1.22362999e+02,
    1.31589783e+02, 1.14529472e+02, 1.42323090e+02, 1.06730751e+02,
    1.53188080e+02, 9.88239899e+01, 1.63978577e+02, 9.09395523e+01,
    1.17675125e+02, 1.41055954e+02, 1.28472244e+02, 1.33179688e+02,
    1.39301727e+02, 1.25320023e+02, 1.50083328e+02, 1.17509682e+02,
    1.60878403e+02, 1.09628212e+02, 1.71725708e+02, 1.01725517e+02,
    1.25320305e+02, 1.51835388e+02, 1.36131729e+02, 1.43968643e+02,
    1.47002365e+02, 1.36124115e+02, 1.57815948e+02, 1.28310898e+02,
    1.68676926e+02, 1.20482918e+02, 1.79553665e+02, 1.12555038e+02,
    1.32995926e+02, 1.62642914e+02, 1.43911499e+02, 1.54826263e+02,
    1.54790268e+02, 1.46974457e+02, 1.65626068e+02, 1.39144073e+02,
    1.76509583e+02, 1.31285706e+02, 1.87264420e+02, 1.23417198e+02,
    1.40815506e+02, 1.73512634e+02, 1.51638977e+02, 1.65663849e+02,
    1.62567902e+02, 1.57823807e+02, 1.73431717e+02, 1.50046066e+02,
    1.84266388e+02, 1.42173767e+02, 1.95138168e+02, 1.34319397e+02,
    1.48606705e+02, 1.84376968e+02, 1.59513504e+02, 1.76546860e+02,
    1.70367172e+02, 1.68728836e+02, 1.81261520e+02, 1.60920868e+02,
    1.92093796e+02, 1.53137314e+02, 2.02951294e+02, 1.45216339e+02,
    1.56414902e+02, 1.95294891e+02, 1.67349426e+02, 1.87416504e+02,
    1.78223999e+02, 1.79617783e+02, 1.89074585e+02, 1.71831512e+02,
    1.99933807e+02, 1.63912216e+02, 2.10733810e+02, 1.56104706e+02 ]
