%YAML:1.0
---
points: [ 9.43858948e+02, 3.68084778e+02, 9.63199707e+02, 3.56143524e+02,
    9.82261841e+02, 3.44306030e+02, 1.00125824e+03, 3.32517822e+02,
    1.02021344e+03, 3.20756836e+02, 1.03917065e+03, 3.08980835e+02,
    9.55577209e+02, 3.87705963e+02, 9.74654480e+02, 3.75884918e+02,
    9.93700867e+02, 3.64073242e+02, 1.01259302e+03, 3.52345306e+02,
    1.03146851e+03, 3.40515228e+02, 1.05026880e+03, 3.28817444e+02,
    9.67264465e+02, 4.07383240e+02, 9.86273926e+02, 3.95488007e+02,
    1.00506805e+03, 3.83686615e+02, 1.02385712e+03, 3.71950378e+02,
    1.04262390e+03, 3.60234009e+02, 1.06142029e+03, 3.48523560e+02,
    9.78605164e+02, 4.26857483e+02, 9.97517334e+02, 4.15012451e+02,
    1.01639001e+03, 4.03235474e+02, 1.03511792e+03, 3.91430664e+02,
    1.05365637e+03, 3.79694580e+02, 1.07229395e+03, 3.68020905e+02,
    9.90053955e+02, 4.46137573e+02, 1.00880194e+03, 4.34268707e+02,
    1.02746887e+03, 4.22416901e+02, 1.04615955e+03, 4.10627716e+02,
    1.06462073e+03, 3.99046906e+02, 1.08312817e+03, 3.87416138e+02,
    1.00134943e+03, 4.65110168e+02, 1.01998187e+03, 4.53304565e+02,
    1.03857654e+03, 4.41514893e+02, 1.05697339e+03, 4.29780731e+02,
    1.07549146e+03, 4.18167542e+02, 1.09378638e+03, 4.06505737e+02,
    1.01243231e+03, 4.83919220e+02, 1.03103088e+03, 4.72210968e+02,
    1.04950598e+03, 4.60443542e+02, 1.06789307e+03, 4.48737000e+02,
    1.08635779e+03, 4.37082733e+02, 1.10462378e+03, 4.25511200e+02,
    1.02359625e+03, 5.02846069e+02, 1.04220593e+03, 4.90976349e+02,
    1.06065833e+03, 4.79324677e+02, 1.07885742e+03, 4.67618866e+02,
    1.09734473e+03, 4.55956207e+02, 1.11549902e+03, 4.44356720e+02 ]
