%YAML:1.0
---
points: [ 4.40721985e+02, 2.89405090e+02, 4.71952240e+02, 2.67181122e+02,
    5.03484741e+02, 2.44821091e+02, 5.34958618e+02, 2.22795624e+02,
    5.66441467e+02, 2.00591904e+02, 5.97984863e+02, 1.78399628e+02,
    4.63207733e+02, 3.21185577e+02, 4.94566742e+02, 2.98832825e+02,
    5.26136353e+02, 2.76708191e+02, 5.57465332e+02, 2.54527939e+02,
    5.88850769e+02, 2.32383087e+02, 6.20324829e+02, 2.09928436e+02,
    4.85348267e+02, 3.52531281e+02, 5.16761108e+02, 3.30338684e+02,
    5.48208130e+02, 3.08119385e+02, 5.79513428e+02, 2.85980835e+02,
    6.10916809e+02, 2.63596313e+02, 6.42309265e+02, 2.41313278e+02,
    5.07078583e+02, 3.83770874e+02, 5.38572205e+02, 3.61529022e+02,
    5.69982361e+02, 3.39342560e+02, 6.01466980e+02, 3.17171570e+02,
    6.32885376e+02, 2.94820099e+02, 6.64348145e+02, 2.72506165e+02,
    5.28878906e+02, 4.15271545e+02, 5.60450439e+02, 3.92943085e+02,
    5.91973267e+02, 3.70728302e+02, 6.23366943e+02, 3.48557617e+02,
    6.54868469e+02, 3.26374359e+02, 6.86312683e+02, 3.03952393e+02,
    5.50720764e+02, 4.46648041e+02, 5.82407959e+02, 4.24363068e+02,
    6.14133850e+02, 4.02239014e+02, 6.45513916e+02, 3.79943329e+02,
    6.76992249e+02, 3.57709564e+02, 7.08358887e+02, 3.35281403e+02,
    5.72880005e+02, 4.78174011e+02, 6.04557495e+02, 4.55809998e+02,
    6.36182861e+02, 4.33586151e+02, 6.67538452e+02, 4.11395782e+02,
    6.99056213e+02, 3.89184906e+02, 7.30499451e+02, 3.66760925e+02,
    5.95001099e+02, 5.09527161e+02, 6.26613220e+02, 4.87354767e+02,
    6.58322815e+02, 4.65043945e+02, 6.89594910e+02, 4.42837463e+02,
    7.21097107e+02, 4.20537445e+02, 7.52550049e+02, 3.98250519e+02 ]
