%YAML:1.0
---
points: [ 2.69080109e+02, 3.16656982e+02, 2.96435303e+02, 2.95059509e+02,
    3.24359711e+02, 2.73390381e+02, 3.52349792e+02, 2.51670609e+02,
    3.80644714e+02, 2.29612228e+02, 4.09261505e+02, 2.07601562e+02,
    2.88201050e+02, 3.46456909e+02, 3.16017975e+02, 3.24895355e+02,
    3.44025696e+02, 3.03379425e+02, 3.72110107e+02, 2.81579498e+02,
    4.00323822e+02, 2.59551727e+02, 4.28734375e+02, 2.37451202e+02,
    3.06845306e+02, 3.76167694e+02, 3.34871918e+02, 3.54613495e+02,
    3.62978790e+02, 3.33023438e+02, 3.91149719e+02, 3.11318481e+02,
    4.19490448e+02, 2.89330170e+02, 4.48029388e+02, 2.67172882e+02,
    3.25263458e+02, 4.05766907e+02, 3.53280365e+02, 3.84309570e+02,
    3.81533264e+02, 3.62738983e+02, 4.09850128e+02, 3.41056580e+02,
    4.38552582e+02, 3.19242371e+02, 4.67342194e+02, 2.97025909e+02,
    3.43692627e+02, 4.35753113e+02, 3.72101135e+02, 4.14389008e+02,
    4.00434326e+02, 3.92749146e+02, 4.29046417e+02, 3.71236542e+02,
    4.57777649e+02, 3.49337555e+02, 4.86709473e+02, 3.27309662e+02,
    3.62345276e+02, 4.66073853e+02, 3.90724915e+02, 4.44574371e+02,
    4.19579193e+02, 4.23116211e+02, 4.48337067e+02, 4.01469147e+02,
    4.77294952e+02, 3.79688965e+02, 5.06227142e+02, 3.57587280e+02,
    3.81536011e+02, 4.96495300e+02, 4.10252502e+02, 4.75105164e+02,
    4.38868469e+02, 4.53556915e+02, 4.67789246e+02, 4.32036560e+02,
    4.96801147e+02, 4.10266174e+02, 5.26056458e+02, 3.88320038e+02,
    4.00676239e+02, 5.26974854e+02, 4.29447845e+02, 5.05646027e+02,
    4.58422791e+02, 4.84223785e+02, 4.87444427e+02, 4.62660675e+02,
    5.16607910e+02, 4.40920044e+02, 5.45905029e+02, 4.18982666e+02 ]
