%YAML:1.0
---
points: [ 9.17075928e+02, 2.87665009e+02, 9.36359863e+02, 2.75720276e+02,
    9.55484680e+02, 2.63831268e+02, 9.74508484e+02, 2.51978195e+02,
    9.93503662e+02, 2.40207016e+02, 1.01238397e+03, 2.28421631e+02,
    9.29212708e+02, 3.08169312e+02, 9.48342468e+02, 2.96047668e+02,
    9.67417847e+02, 2.84232117e+02, 9.86254761e+02, 2.72392975e+02,
    1.00501343e+03, 2.60523987e+02, 1.02371820e+03, 2.48699554e+02,
    9.41140076e+02, 3.28275238e+02, 9.60134827e+02, 3.16255615e+02,
    9.78864685e+02, 3.04385132e+02, 9.97741699e+02, 2.92524628e+02,
    1.01648956e+03, 2.80668518e+02, 1.03519727e+03, 2.68922699e+02,
    9.52753845e+02, 3.48205048e+02, 9.71654480e+02, 3.36199371e+02,
    9.90476196e+02, 3.24362244e+02, 1.00917017e+03, 3.12483795e+02,
    1.02769189e+03, 3.00707092e+02, 1.04626965e+03, 2.88879517e+02,
    9.64431885e+02, 3.67789154e+02, 9.83307068e+02, 3.55820374e+02,
    1.00186383e+03, 3.44017059e+02, 1.02045636e+03, 3.32292145e+02,
    1.03886060e+03, 3.20478149e+02, 1.05734216e+03, 3.08687073e+02,
    9.76043884e+02, 3.87291046e+02, 9.94584900e+02, 3.75399292e+02,
    1.01323834e+03, 3.63477478e+02, 1.03147375e+03, 3.51728638e+02,
    1.04989636e+03, 3.39958618e+02, 1.06826135e+03, 3.28315552e+02,
    9.87457153e+02, 4.06527405e+02, 1.00592328e+03, 3.94568970e+02,
    1.02435242e+03, 3.82747009e+02, 1.04264258e+03, 3.71076843e+02,
    1.06092712e+03, 3.59331635e+02, 1.07920557e+03, 3.47587860e+02,
    9.98806458e+02, 4.25669769e+02, 1.01731561e+03, 4.13720459e+02,
    1.03568604e+03, 4.01996002e+02, 1.05391992e+03, 3.90211731e+02,
    1.07213989e+03, 3.78547028e+02, 1.09020667e+03, 3.66731781e+02 ]
