%YAML:1.0
---
points: [ 4.32366409e+01, 1.30116806e+02, 5.24845276e+01, 1.22471718e+02,
    6.17260666e+01, 1.14725319e+02, 7.12891617e+01, 1.07109306e+02,
    8.08000107e+01, 9.93180847e+01, 9.06058044e+01, 9.14201584e+01,
    4.96727219e+01, 1.40151596e+02, 5.88972549e+01, 1.32495728e+02,
    6.83500900e+01, 1.24845284e+02, 7.77724152e+01, 1.17146393e+02,
    8.74846649e+01, 1.09353813e+02, 9.72359085e+01, 1.01513451e+02,
    5.58107071e+01, 1.50119781e+02, 6.52311554e+01, 1.42607742e+02,
    7.47318649e+01, 1.34926849e+02, 8.43478241e+01, 1.27266846e+02,
    9.40404739e+01, 1.19478500e+02, 1.03870506e+02, 1.11675217e+02,
    6.21135292e+01, 1.60337082e+02, 7.14697571e+01, 1.52723679e+02,
    8.11396027e+01, 1.45132050e+02, 9.08343277e+01, 1.37439163e+02,
    1.00697922e+02, 1.29711472e+02, 1.10589134e+02, 1.21899399e+02,
    6.83492126e+01, 1.70541656e+02, 7.80114975e+01, 1.63059387e+02,
    8.76785660e+01, 1.55368835e+02, 9.75294495e+01, 1.47754486e+02,
    1.07430138e+02, 1.40085007e+02, 1.17451683e+02, 1.32271133e+02,
    7.48924942e+01, 1.81009048e+02, 8.45301666e+01, 1.73372437e+02,
    9.43780899e+01, 1.65814133e+02, 1.04294960e+02, 1.58201996e+02,
    1.14309593e+02, 1.50479828e+02, 1.24381706e+02, 1.42727631e+02,
    8.15477295e+01, 1.91388412e+02, 9.13516464e+01, 1.83925919e+02,
    1.01223549e+02, 1.76326660e+02, 1.11226822e+02, 1.68745239e+02,
    1.21245461e+02, 1.61042023e+02, 1.31463852e+02, 1.53261108e+02,
    8.82823868e+01, 2.02005859e+02, 9.81869278e+01, 1.94385147e+02,
    1.08171432e+02, 1.86922592e+02, 1.18215851e+02, 1.79304611e+02,
    1.28345062e+02, 1.71678223e+02, 1.38580948e+02, 1.63896149e+02 ]
