%YAML:1.0
---
points: [ 2.69027679e+02, 3.16646576e+02, 2.96390839e+02, 2.95072815e+02,
    3.24339386e+02, 2.73399231e+02, 3.52324860e+02, 2.51626709e+02,
    3.80606781e+02, 2.29615799e+02, 4.09224579e+02, 2.07591385e+02,
    2.88198303e+02, 3.46432892e+02, 3.15941559e+02, 3.24928253e+02,
    3.43992126e+02, 3.03380676e+02, 3.72062866e+02, 2.81555359e+02,
    4.00310089e+02, 2.59567108e+02, 4.28721222e+02, 2.37463028e+02,
    3.06811920e+02, 3.76148926e+02, 3.34809021e+02, 3.54634338e+02,
    3.62945526e+02, 3.32991302e+02, 3.91060577e+02, 3.11317383e+02,
    4.19463287e+02, 2.89336121e+02, 4.48009277e+02, 2.67205078e+02,
    3.25232605e+02, 4.05795044e+02, 3.53234741e+02, 3.84322266e+02,
    3.81497864e+02, 3.62722626e+02, 4.09828766e+02, 3.41096741e+02,
    4.38541534e+02, 3.19207245e+02, 4.67325623e+02, 2.97064178e+02,
    3.43642181e+02, 4.35761169e+02, 3.72017334e+02, 4.14420715e+02,
    4.00379578e+02, 3.92775299e+02, 4.28946259e+02, 3.71249146e+02,
    4.57754608e+02, 3.49373474e+02, 4.86663818e+02, 3.27341125e+02,
    3.62295837e+02, 4.66089661e+02, 3.90673096e+02, 4.44591858e+02,
    4.19504913e+02, 4.23136444e+02, 4.48254944e+02, 4.01476440e+02,
    4.77237823e+02, 3.79695312e+02, 5.06157318e+02, 3.57585114e+02,
    3.81512909e+02, 4.96512909e+02, 4.10219604e+02, 4.75123535e+02,
    4.38820679e+02, 4.53575653e+02, 4.67733337e+02, 4.32054596e+02,
    4.96729645e+02, 4.10268280e+02, 5.25999878e+02, 3.88326324e+02,
    4.00625031e+02, 5.26998230e+02, 4.29400909e+02, 5.05645447e+02,
    4.58372406e+02, 4.84246826e+02, 4.87427826e+02, 4.62682281e+02,
    5.16573975e+02, 4.40895752e+02, 5.45909180e+02, 4.19027344e+02 ]
