%YAML:1.0
---
points: [ 1.04510327e+03, 1.97686905e+02, 1.06533008e+03, 1.85103149e+02,
    1.08538965e+03, 1.72269302e+02, 1.10541992e+03, 1.59675171e+02,
    1.12550171e+03, 1.46882294e+02, 1.14564905e+03, 1.34358948e+02,
    1.05715063e+03, 2.19031967e+02, 1.07730798e+03, 2.06183502e+02,
    1.09728442e+03, 1.93655975e+02, 1.11733508e+03, 1.80969177e+02,
    1.13736694e+03, 1.68365906e+02, 1.15732764e+03, 1.55645493e+02,
    1.06921899e+03, 2.40009949e+02, 1.08918909e+03, 2.27456772e+02,
    1.10913562e+03, 2.14759293e+02, 1.12908594e+03, 2.02253372e+02,
    1.14895630e+03, 1.89580902e+02, 1.16891150e+03, 1.76940323e+02,
    1.08110852e+03, 2.60907959e+02, 1.10090588e+03, 2.48353592e+02,
    1.12068921e+03, 2.35851730e+02, 1.14062952e+03, 2.23300079e+02,
    1.16053674e+03, 2.10685135e+02, 1.18034717e+03, 1.98057159e+02,
    1.09269263e+03, 2.81677979e+02, 1.11262659e+03, 2.69191162e+02,
    1.13238342e+03, 2.56572510e+02, 1.15226331e+03, 2.44097580e+02,
    1.17184216e+03, 2.31573502e+02, 1.19165845e+03, 2.19149887e+02,
    1.10449548e+03, 3.02154144e+02, 1.12419275e+03, 2.89601074e+02,
    1.14380200e+03, 2.77265778e+02, 1.16344897e+03, 2.64724762e+02,
    1.18327124e+03, 2.52344528e+02, 1.20285474e+03, 2.39736053e+02,
    1.11606982e+03, 3.22311584e+02, 1.13569714e+03, 3.09928772e+02,
    1.15538818e+03, 2.97517853e+02, 1.17489392e+03, 2.85242615e+02,
    1.19445618e+03, 2.72676880e+02, 1.21432458e+03, 2.60372467e+02,
    1.12769019e+03, 3.42494446e+02, 1.14724829e+03, 3.30084808e+02,
    1.16694067e+03, 3.17758636e+02, 1.18650647e+03, 3.05436096e+02,
    1.20613733e+03, 2.92996582e+02, 1.22561523e+03, 2.80705933e+02 ]
