%YAML:1.0
---
points: [ 4.32299194e+01, 1.30140350e+02, 5.24381142e+01, 1.22446716e+02,
    6.17190132e+01, 1.14765221e+02, 7.13112106e+01, 1.07121674e+02,
    8.08217163e+01, 9.93103561e+01, 9.06209106e+01, 9.14365921e+01,
    4.96488037e+01, 1.40162399e+02, 5.88586769e+01, 1.32489548e+02,
    6.83371887e+01, 1.24839806e+02, 7.77769699e+01, 1.17161186e+02,
    8.74963684e+01, 1.09352043e+02, 9.72050171e+01, 1.01517578e+02,
    5.57726555e+01, 1.50139908e+02, 6.52401657e+01, 1.42630219e+02,
    7.47321243e+01, 1.34928726e+02, 8.42989120e+01, 1.27271362e+02,
    9.40525894e+01, 1.19468056e+02, 1.03886620e+02, 1.11647614e+02,
    6.20914040e+01, 1.60348251e+02, 7.14496002e+01, 1.52698944e+02,
    8.11252060e+01, 1.45125549e+02, 9.07954636e+01, 1.37437515e+02,
    1.00661591e+02, 1.29715775e+02, 1.10589279e+02, 1.21900002e+02,
    6.83342361e+01, 1.70552063e+02, 7.80021210e+01, 1.63029709e+02,
    8.76606674e+01, 1.55373871e+02, 9.75625305e+01, 1.47752426e+02,
    1.07411919e+02, 1.40082886e+02, 1.17427414e+02, 1.32254181e+02,
    7.48753204e+01, 1.81021255e+02, 8.45098343e+01, 1.73367584e+02,
    9.43734741e+01, 1.65827484e+02, 1.04283897e+02, 1.58189575e+02,
    1.14283775e+02, 1.50475403e+02, 1.24364784e+02, 1.42758652e+02,
    8.15138321e+01, 1.91376312e+02, 9.13521347e+01, 1.83914383e+02,
    1.01231079e+02, 1.76306564e+02, 1.11217346e+02, 1.68734283e+02,
    1.21262169e+02, 1.61056702e+02, 1.31437103e+02, 1.53296448e+02,
    8.82654343e+01, 2.01967117e+02, 9.81662674e+01, 1.94360077e+02,
    1.08154869e+02, 1.86907364e+02, 1.18195076e+02, 1.79281479e+02,
    1.28322601e+02, 1.71663940e+02, 1.38573776e+02, 1.63891052e+02 ]
