%YAML:1.0
---
points: [ 1.26699353e+03, 2.33549957e+02, 1.28583130e+03, 2.21623047e+02,
    1.30458679e+03, 2.09763443e+02, 1.32345923e+03, 1.97926544e+02,
    1.34218213e+03, 1.86197983e+02, 1.36084814e+03, 1.74341461e+02,
    1.27764197e+03, 2.53465881e+02, 1.29639294e+03, 2.41533691e+02,
    1.31513538e+03, 2.29658630e+02, 1.33376648e+03, 2.17886780e+02,
    1.35253357e+03, 2.06133743e+02, 1.37120068e+03, 1.94271469e+02,
    1.28809961e+03, 2.73197662e+02, 1.30684204e+03, 2.61385223e+02,
    1.32546765e+03, 2.49544891e+02, 1.34422363e+03, 2.37718414e+02,
    1.36268909e+03, 2.26017593e+02, 1.38143774e+03, 2.14268906e+02,
    1.29854785e+03, 2.92774261e+02, 1.31706506e+03, 2.80991913e+02,
    1.33572754e+03, 2.69274902e+02, 1.35433887e+03, 2.57539215e+02,
    1.37279810e+03, 2.45728638e+02, 1.39142566e+03, 2.34096481e+02,
    1.30877393e+03, 3.12332611e+02, 1.32744836e+03, 3.00538818e+02,
    1.34582153e+03, 2.88776855e+02, 1.36444092e+03, 2.77019867e+02,
    1.38285461e+03, 2.65389526e+02, 1.40141980e+03, 2.53630325e+02,
    1.31914807e+03, 3.31602600e+02, 1.33746826e+03, 3.19786560e+02,
    1.35612354e+03, 3.08164764e+02, 1.37442529e+03, 2.96435272e+02,
    1.39284753e+03, 2.84764465e+02, 1.41114807e+03, 2.73013000e+02,
    1.32935950e+03, 3.50599792e+02, 1.34775244e+03, 3.38903900e+02,
    1.36626331e+03, 3.27259491e+02, 1.38451074e+03, 3.15584137e+02,
    1.40283069e+03, 3.04113953e+02, 1.42134814e+03, 2.92372925e+02,
    1.33966919e+03, 3.69622070e+02, 1.35810242e+03, 3.57890625e+02,
    1.37659192e+03, 3.46363953e+02, 1.39476013e+03, 3.34743195e+02,
    1.41338416e+03, 3.23152893e+02, 1.43147034e+03, 3.11512726e+02 ]
