%YAML:1.0
---
points: [ 2.32123322e+02, 5.13399475e+02, 2.60100494e+02, 4.91893646e+02,
    2.88714935e+02, 4.70355225e+02, 3.17331970e+02, 4.48762695e+02,
    3.46365479e+02, 4.27080994e+02, 3.75354492e+02, 4.05245087e+02,
    2.51982025e+02, 5.43475159e+02, 2.80390228e+02, 5.22047424e+02,
    3.08986084e+02, 5.00540100e+02, 3.37525116e+02, 4.78951782e+02,
    3.66420654e+02, 4.57286102e+02, 3.95439240e+02, 4.35295166e+02,
    2.71299286e+02, 5.73627991e+02, 2.99793732e+02, 5.52174438e+02,
    3.28431000e+02, 5.30657654e+02, 3.57240234e+02, 5.09083496e+02,
    3.86142181e+02, 4.87334991e+02, 4.15255310e+02, 4.65471130e+02,
    2.90096802e+02, 6.03876953e+02, 3.18769257e+02, 5.82504639e+02,
    3.47617706e+02, 5.60944885e+02, 3.76542267e+02, 5.39382751e+02,
    4.05689087e+02, 5.17599670e+02, 4.34900024e+02, 4.95691010e+02,
    3.09185638e+02, 6.34541382e+02, 3.38138702e+02, 6.13139587e+02,
    3.67109955e+02, 5.91520081e+02, 3.96282471e+02, 5.69929443e+02,
    4.25454987e+02, 5.48278137e+02, 4.54846863e+02, 5.26330017e+02,
    3.28335999e+02, 6.65413635e+02, 3.57407776e+02, 6.43851074e+02,
    3.86681152e+02, 6.22299927e+02, 4.15946320e+02, 6.00612183e+02,
    4.45359344e+02, 5.78889282e+02, 4.74662476e+02, 5.56984375e+02,
    3.48208374e+02, 6.96276978e+02, 3.77373779e+02, 6.74699646e+02,
    4.06622864e+02, 6.53232910e+02, 4.35910645e+02, 6.31630981e+02,
    4.65481262e+02, 6.09881531e+02, 4.95066254e+02, 5.88004517e+02,
    3.67886444e+02, 7.27376770e+02, 3.97183624e+02, 7.05806763e+02,
    4.26483582e+02, 6.84355530e+02, 4.56003174e+02, 6.62693420e+02,
    4.85619934e+02, 6.41026184e+02, 5.15460083e+02, 6.19059082e+02 ]
