%YAML:1.0
---
points: [ 3.14717808e+01, 1.97852859e+02, 4.07476578e+01, 1.90370972e+02,
    5.00789185e+01, 1.82806534e+02, 5.97153435e+01, 1.75208298e+02,
    6.94003754e+01, 1.67541428e+02, 7.92509384e+01, 1.59830673e+02,
    3.82835770e+01, 2.08221298e+02, 4.74439125e+01, 2.00661591e+02,
    5.70935097e+01, 1.93163025e+02, 6.65884781e+01, 1.85484680e+02,
    7.63548889e+01, 1.77896576e+02, 8.62162476e+01, 1.70179092e+02,
    4.46434097e+01, 2.18419022e+02, 5.41933517e+01, 2.11031982e+02,
    6.36607323e+01, 2.03412460e+02, 7.34026260e+01, 1.95855591e+02,
    8.32197800e+01, 1.88228577e+02, 9.31480865e+01, 1.80528671e+02,
    5.11919403e+01, 2.28976120e+02, 6.06376724e+01, 2.21372696e+02,
    7.03585281e+01, 2.13946335e+02, 8.01474304e+01, 2.06298645e+02,
    9.01418533e+01, 1.98691208e+02, 1.00088257e+02, 1.91015640e+02,
    5.77030182e+01, 2.39382782e+02, 6.73852844e+01, 2.31964981e+02,
    7.71289215e+01, 2.24394318e+02, 8.70589676e+01, 2.16837463e+02,
    9.70691528e+01, 2.09201431e+02, 1.07193169e+02, 2.01496292e+02,
    6.44134903e+01, 2.50090591e+02, 7.41083603e+01, 2.42588654e+02,
    8.40447617e+01, 2.35090683e+02, 9.40184708e+01, 2.27462753e+02,
    1.04128326e+02, 2.19836288e+02, 1.14269455e+02, 2.12119553e+02,
    7.13077850e+01, 2.60606384e+02, 8.11491852e+01, 2.53263840e+02,
    9.10790787e+01, 2.45699722e+02, 1.01139801e+02, 2.38199951e+02,
    1.11247604e+02, 2.30507355e+02, 1.21541237e+02, 2.22844147e+02,
    7.81986313e+01, 2.71436310e+02, 8.81497574e+01, 2.63944092e+02,
    9.81083603e+01, 2.56449463e+02, 1.08260918e+02, 2.48910690e+02,
    1.18501183e+02, 2.41273026e+02, 1.28745407e+02, 2.33580338e+02 ]
