%YAML:1.0
---
points: [ 2.32158981e+02, 5.13285706e+02, 2.60064087e+02, 4.91761414e+02,
    2.88659363e+02, 4.70285278e+02, 3.17427704e+02, 4.48660614e+02,
    3.46346832e+02, 4.26944061e+02, 3.75329041e+02, 4.05132019e+02,
    2.52001755e+02, 5.43420959e+02, 2.80420593e+02, 5.22038696e+02,
    3.08950439e+02, 5.00506348e+02, 3.37595642e+02, 4.78740692e+02,
    3.66406982e+02, 4.57214020e+02, 3.95388458e+02, 4.35223663e+02,
    2.71274261e+02, 5.73577759e+02, 2.99777283e+02, 5.52099121e+02,
    3.28442902e+02, 5.30573608e+02, 3.57237640e+02, 5.08938141e+02,
    3.86131714e+02, 4.87234802e+02, 4.15238525e+02, 4.65379425e+02,
    2.90113647e+02, 6.03770691e+02, 3.18784576e+02, 5.82450134e+02,
    3.47656738e+02, 5.60817200e+02, 3.76538849e+02, 5.39328491e+02,
    4.05707153e+02, 5.17533081e+02, 4.34900085e+02, 4.95589050e+02,
    3.09236359e+02, 6.34497253e+02, 3.38018555e+02, 6.13018372e+02,
    3.67180634e+02, 5.91434509e+02, 3.96242340e+02, 5.69788025e+02,
    4.25491058e+02, 5.48144104e+02, 4.54830414e+02, 5.26235413e+02,
    3.28356079e+02, 6.65317627e+02, 3.57420898e+02, 6.43742249e+02,
    3.86660156e+02, 6.22248718e+02, 4.16013794e+02, 6.00547974e+02,
    4.45400543e+02, 5.78769653e+02, 4.74724823e+02, 5.56793335e+02,
    3.48256897e+02, 6.96195312e+02, 3.77359070e+02, 6.74631409e+02,
    4.06551300e+02, 6.53150146e+02, 4.35923431e+02, 6.31542969e+02,
    4.65480255e+02, 6.09760071e+02, 4.95031769e+02, 5.87874084e+02,
    3.67867920e+02, 7.27336792e+02, 3.97209930e+02, 7.05789551e+02,
    4.26514771e+02, 6.84252808e+02, 4.56143494e+02, 6.62609131e+02,
    4.85615234e+02, 6.40884888e+02, 5.15454651e+02, 6.18908081e+02 ]
