%YAML:1.0
---
points: [ 3.14363117e+01, 1.97839813e+02, 4.07316628e+01, 1.90332626e+02,
    5.00918350e+01, 1.82765656e+02, 5.97370415e+01, 1.75208817e+02,
    6.94076157e+01, 1.67518875e+02, 7.92314987e+01, 1.59770447e+02,
    3.82526436e+01, 2.08195847e+02, 4.74590492e+01, 2.00606201e+02,
    5.71234055e+01, 1.93114014e+02, 6.65448456e+01, 1.85496002e+02,
    7.63445816e+01, 1.77832870e+02, 8.61968079e+01, 1.70177139e+02,
    4.46517487e+01, 2.18401596e+02, 5.41814880e+01, 2.11010300e+02,
    6.36783180e+01, 2.03401459e+02, 7.34233398e+01, 1.95879684e+02,
    8.32239456e+01, 1.88191299e+02, 9.31510773e+01, 1.80470078e+02,
    5.12170792e+01, 2.28959900e+02, 6.06676407e+01, 2.21350021e+02,
    7.03540039e+01, 2.13917404e+02, 8.01316986e+01, 2.06273941e+02,
    9.01399002e+01, 1.98647812e+02, 1.00097885e+02, 1.90996475e+02,
    5.77146111e+01, 2.39344879e+02, 6.73972092e+01, 2.31986938e+02,
    7.71388016e+01, 2.24361816e+02, 8.70669098e+01, 2.16851486e+02,
    9.70734100e+01, 2.09172775e+02, 1.07196327e+02, 2.01442902e+02,
    6.44024353e+01, 2.50048859e+02, 7.41042023e+01, 2.42539581e+02,
    8.40901108e+01, 2.35052826e+02, 9.40163727e+01, 2.27423584e+02,
    1.04163857e+02, 2.19816086e+02, 1.14281799e+02, 2.12112213e+02,
    7.13168793e+01, 2.60613434e+02, 8.11323471e+01, 2.53246597e+02,
    9.10514297e+01, 2.45683426e+02, 1.01128304e+02, 2.38159271e+02,
    1.11268166e+02, 2.30474548e+02, 1.21565613e+02, 2.22807663e+02,
    7.81891327e+01, 2.71393677e+02, 8.81358795e+01, 2.63911041e+02,
    9.81046677e+01, 2.56427856e+02, 1.08277168e+02, 2.48858444e+02,
    1.18468208e+02, 2.41232315e+02, 1.28752396e+02, 2.33515182e+02 ]
