%YAML:1.0
---
points: [ 3.28142014e+01, 2.46665192e+02, 4.19227371e+01, 2.39403152e+02,
    5.11012077e+01, 2.32043076e+02, 6.06625938e+01, 2.24477615e+02,
    7.02009201e+01, 2.16941177e+02, 7.99922485e+01, 2.09274307e+02,
    3.98178749e+01, 2.57104858e+02, 4.88990288e+01, 2.49743530e+02,
    5.83457794e+01, 2.42351349e+02, 6.77138290e+01, 2.34873215e+02,
    7.74038010e+01, 2.27326599e+02, 8.71452408e+01, 2.19771973e+02,
    4.65271225e+01, 2.67355469e+02, 5.58266907e+01, 2.60195282e+02,
    6.52004089e+01, 2.52748962e+02, 7.47485199e+01, 2.45345016e+02,
    8.43924789e+01, 2.37773270e+02, 9.42425232e+01, 2.30202545e+02,
    5.33514748e+01, 2.78007233e+02, 6.25121803e+01, 2.70644104e+02,
    7.21501236e+01, 2.63296173e+02, 8.16801224e+01, 2.55824814e+02,
    9.15257187e+01, 2.48329361e+02, 1.01431900e+02, 2.40729431e+02,
    6.00417595e+01, 2.88376495e+02, 6.94436951e+01, 2.81276917e+02,
    7.90350571e+01, 2.73839722e+02, 8.87550049e+01, 2.66414795e+02,
    9.86327667e+01, 2.58888123e+02, 1.08653999e+02, 2.51282806e+02,
    6.69622269e+01, 2.99162598e+02, 7.63456192e+01, 2.91853760e+02,
    8.60992203e+01, 2.84519653e+02, 9.58677139e+01, 2.77117279e+02,
    1.05858276e+02, 2.69571716e+02, 1.15850723e+02, 2.61968445e+02,
    7.40350571e+01, 3.09679230e+02, 8.35853882e+01, 3.02530243e+02,
    9.32343216e+01, 2.95204803e+02, 1.03158363e+02, 2.87828400e+02,
    1.13102600e+02, 2.80288605e+02, 1.23278008e+02, 2.72690033e+02,
    8.11801376e+01, 3.20437408e+02, 9.07095795e+01, 3.13206818e+02,
    1.00452385e+02, 3.05914551e+02, 1.10384827e+02, 2.98523926e+02,
    1.20486862e+02, 2.91027557e+02, 1.30560089e+02, 2.83480804e+02 ]
