%YAML:1.0
---
points: [ 2.34107483e+02, 6.55468933e+02, 2.61856079e+02, 6.34227112e+02,
    2.90252899e+02, 6.12733154e+02, 3.18728363e+02, 5.91323181e+02,
    3.47474976e+02, 5.69574524e+02, 3.76363220e+02, 5.48007690e+02,
    2.54445969e+02, 6.85669861e+02, 2.82626465e+02, 6.64384155e+02,
    3.11032715e+02, 6.42835632e+02, 3.39475922e+02, 6.21478760e+02,
    3.68121674e+02, 5.99768250e+02, 3.96908051e+02, 5.78131409e+02,
    2.74410767e+02, 7.15844177e+02, 3.02590515e+02, 6.94570129e+02,
    3.31128418e+02, 6.73180115e+02, 3.59506714e+02, 6.51751099e+02,
    3.88225128e+02, 6.30227722e+02, 4.17114777e+02, 6.08494568e+02,
    2.93755951e+02, 7.46394165e+02, 3.22168182e+02, 7.25088501e+02,
    3.50697205e+02, 7.03739319e+02, 3.79335632e+02, 6.82308228e+02,
    4.08251678e+02, 6.60656006e+02, 4.37305511e+02, 6.38955200e+02,
    3.13317444e+02, 7.77157227e+02, 3.41768036e+02, 7.55800232e+02,
    3.70559174e+02, 7.34497498e+02, 3.99419739e+02, 7.13080200e+02,
    4.28332092e+02, 6.91465698e+02, 4.57503143e+02, 6.69649414e+02,
    3.32868561e+02, 8.08072815e+02, 3.61626495e+02, 7.86773865e+02,
    3.90667053e+02, 7.65396118e+02, 4.19610901e+02, 7.43887634e+02,
    4.48700531e+02, 7.22316040e+02, 4.77892853e+02, 7.00580200e+02,
    3.53166229e+02, 8.39006531e+02, 3.82115021e+02, 8.17673218e+02,
    4.10911835e+02, 7.96429077e+02, 4.40046295e+02, 7.75141235e+02,
    4.69205719e+02, 7.53432190e+02, 4.98524170e+02, 7.31666443e+02,
    3.73421722e+02, 8.70151611e+02, 4.02299652e+02, 8.48867493e+02,
    4.31337555e+02, 8.27516541e+02, 4.60523560e+02, 8.06259338e+02,
    4.89779053e+02, 7.84599731e+02, 5.19248230e+02, 7.62954529e+02 ]
