%YAML:1.0
---
points: [ 3.28040428e+01, 2.46659744e+02, 4.19237137e+01, 2.39380280e+02,
    5.10807228e+01, 2.32016083e+02, 6.06412163e+01, 2.24496643e+02,
    7.01643372e+01, 2.16962601e+02, 8.00194855e+01, 2.09286636e+02,
    3.97978477e+01, 2.57062042e+02, 4.88894577e+01, 2.49708252e+02,
    5.83292580e+01, 2.42335968e+02, 6.76899109e+01, 2.34882767e+02,
    7.73939209e+01, 2.27334732e+02, 8.71496735e+01, 2.19740417e+02,
    4.64991226e+01, 2.67382172e+02, 5.58337784e+01, 2.60172363e+02,
    6.51791534e+01, 2.52743927e+02, 7.47481766e+01, 2.45319763e+02,
    8.43960648e+01, 2.37762558e+02, 9.42515106e+01, 2.30202667e+02,
    5.33450851e+01, 2.78002319e+02, 6.24856262e+01, 2.70612671e+02,
    7.21234970e+01, 2.63262756e+02, 8.16998291e+01, 2.55820709e+02,
    9.15093079e+01, 2.48293839e+02, 1.01387589e+02, 2.40716599e+02,
    5.99939232e+01, 2.88419922e+02, 6.94606781e+01, 2.81246307e+02,
    7.90512543e+01, 2.73838898e+02, 8.87738571e+01, 2.66408081e+02,
    9.86324005e+01, 2.58904968e+02, 1.08671059e+02, 2.51281815e+02,
    6.69406662e+01, 2.99180359e+02, 7.63361282e+01, 2.91866394e+02,
    8.61292572e+01, 2.84506714e+02, 9.58507309e+01, 2.77112549e+02,
    1.05862892e+02, 2.69593964e+02, 1.15843338e+02, 2.61972412e+02,
    7.40026321e+01, 3.09702820e+02, 8.35577087e+01, 3.02537231e+02,
    9.32329865e+01, 2.95226288e+02, 1.03141785e+02, 2.87811646e+02,
    1.13090408e+02, 2.80264679e+02, 1.23278389e+02, 2.72707336e+02,
    8.11833038e+01, 3.20420410e+02, 9.06913300e+01, 3.13218811e+02,
    1.00453247e+02, 3.05890350e+02, 1.10361389e+02, 2.98520782e+02,
    1.20480247e+02, 2.91035156e+02, 1.30585251e+02, 2.83461517e+02 ]
