%YAML:1.0
---
points: [ 2.34063202e+02, 6.55499695e+02, 2.61863251e+02, 6.34164978e+02,
    2.90308655e+02, 6.12670288e+02, 3.18720551e+02, 5.91295471e+02,
    3.47448975e+02, 5.69566711e+02, 3.76360107e+02, 5.47870544e+02,
    2.54441681e+02, 6.85569885e+02, 2.82604065e+02, 6.64366272e+02,
    3.11029785e+02, 6.42835449e+02, 3.39457397e+02, 6.21476562e+02,
    3.68078125e+02, 5.99802002e+02, 3.96834717e+02, 5.78172729e+02,
    2.74387970e+02, 7.15805847e+02, 3.02622925e+02, 6.94529297e+02,
    3.31084778e+02, 6.73242065e+02, 3.59485260e+02, 6.51663025e+02,
    3.88246979e+02, 6.30226440e+02, 4.17207581e+02, 6.08412659e+02,
    2.93703552e+02, 7.46419189e+02, 3.22039337e+02, 7.25181091e+02,
    3.50644928e+02, 7.03674866e+02, 3.79333405e+02, 6.82270264e+02,
    4.08171234e+02, 6.60643921e+02, 4.37279999e+02, 6.38838257e+02,
    3.13330963e+02, 7.77135498e+02, 3.41789307e+02, 7.55750305e+02,
    3.70562683e+02, 7.34481079e+02, 3.99393890e+02, 7.13032898e+02,
    4.28387299e+02, 6.91448730e+02, 4.57548950e+02, 6.69614929e+02,
    3.32873016e+02, 8.08148010e+02, 3.61547791e+02, 7.86752258e+02,
    3.90642578e+02, 7.65387207e+02, 4.19616394e+02, 7.43891479e+02,
    4.48667389e+02, 7.22369446e+02, 4.77857422e+02, 7.00599365e+02,
    3.53145386e+02, 8.38972900e+02, 3.82021393e+02, 8.17671875e+02,
    4.10931976e+02, 7.96399109e+02, 4.39942810e+02, 7.74983093e+02,
    4.69205231e+02, 7.53444336e+02, 4.98517487e+02, 7.31659607e+02,
    3.73384521e+02, 8.70123291e+02, 4.02258850e+02, 8.48896790e+02,
    4.31378571e+02, 8.27479431e+02, 4.60536316e+02, 8.06201050e+02,
    4.89698639e+02, 7.84590149e+02, 5.19270874e+02, 7.62903564e+02 ]
