%YAML:1.0
---
points: [ 1.16600578e+02, 2.14370377e+02, 1.23779587e+02, 2.14148132e+02,
    1.31064240e+02, 2.13903107e+02, 1.38294266e+02, 2.13729858e+02,
    1.45665512e+02, 2.13450317e+02, 1.52934875e+02, 2.13233795e+02,
    1.17058235e+02, 2.21691269e+02, 1.24279129e+02, 2.21404068e+02,
    1.31561874e+02, 2.21170532e+02, 1.38809341e+02, 2.20903809e+02,
    1.46104507e+02, 2.20734253e+02, 1.53256821e+02, 2.20527451e+02,
    1.17473869e+02, 2.28807480e+02, 1.24693741e+02, 2.28728317e+02,
    1.31912521e+02, 2.28519409e+02, 1.39191254e+02, 2.28225128e+02,
    1.46378845e+02, 2.27958786e+02, 1.53696854e+02, 2.27838287e+02,
    1.17799194e+02, 2.36134201e+02, 1.24993469e+02, 2.35842911e+02,
    1.32195419e+02, 2.35737808e+02, 1.39407379e+02, 2.35504974e+02,
    1.46666611e+02, 2.35277176e+02, 1.54044327e+02, 2.35014511e+02,
    1.18084457e+02, 2.43499985e+02, 1.25331467e+02, 2.43252670e+02,
    1.32561874e+02, 2.42937012e+02, 1.39768143e+02, 2.42791000e+02,
    1.47018295e+02, 2.42595566e+02, 1.54221863e+02, 2.42337326e+02,
    1.18411606e+02, 2.50691635e+02, 1.25631699e+02, 2.50530151e+02,
    1.32839783e+02, 2.50290787e+02, 1.40086853e+02, 2.50033752e+02,
    1.47306320e+02, 2.49802597e+02, 1.54485458e+02, 2.49607513e+02,
    1.18861588e+02, 2.57846008e+02, 1.26065025e+02, 2.57783447e+02,
    1.33172684e+02, 2.57599030e+02, 1.40369675e+02, 2.57353729e+02,
    1.47632416e+02, 2.57071075e+02, 1.54981430e+02, 2.56944061e+02,
    1.19207848e+02, 2.65086823e+02, 1.26466576e+02, 2.64868835e+02,
    1.33601715e+02, 2.64736847e+02, 1.40763977e+02, 2.64571442e+02,
    1.47999084e+02, 2.64361084e+02, 1.55239822e+02, 2.64170837e+02 ]
