%YAML:1.0
---
points: [ 1.67500085e+03, 4.54983490e+02, 1.69463867e+03, 4.43167664e+02,
    1.71440112e+03, 4.31244598e+02, 1.73415369e+03, 4.19354095e+02,
    1.75368311e+03, 4.07378479e+02, 1.77335608e+03, 3.95445068e+02,
    1.68545947e+03, 4.74213745e+02, 1.70500745e+03, 4.62295044e+02,
    1.72465100e+03, 4.50437531e+02, 1.74434131e+03, 4.38510620e+02,
    1.76388257e+03, 4.26718994e+02, 1.78351733e+03, 4.14640533e+02,
    1.69559204e+03, 4.93270386e+02, 1.71522827e+03, 4.81393585e+02,
    1.73481799e+03, 4.69492676e+02, 1.75449292e+03, 4.57679718e+02,
    1.77413013e+03, 4.45788483e+02, 1.79365527e+03, 4.34051056e+02,
    1.70569641e+03, 5.12263123e+02, 1.72532837e+03, 5.00426392e+02,
    1.74487366e+03, 4.88607483e+02, 1.76444702e+03, 4.76789307e+02,
    1.78395886e+03, 4.65039215e+02, 1.80360559e+03, 4.53147552e+02,
    1.71568811e+03, 5.31084595e+02, 1.73537158e+03, 5.19343384e+02,
    1.75493311e+03, 5.07490479e+02, 1.77441138e+03, 4.95847870e+02,
    1.79389185e+03, 4.83943939e+02, 1.81343518e+03, 4.72313141e+02,
    1.72576648e+03, 5.49820190e+02, 1.74536755e+03, 5.38042236e+02,
    1.76479053e+03, 5.26415100e+02, 1.78424316e+03, 5.14622192e+02,
    1.80370483e+03, 5.02993469e+02, 1.82319226e+03, 4.91131836e+02,
    1.73590613e+03, 5.68482849e+02, 1.75549475e+03, 5.56736572e+02,
    1.77479773e+03, 5.45155151e+02, 1.79432336e+03, 5.33469849e+02,
    1.81369055e+03, 5.21769409e+02, 1.83334253e+03, 5.10113495e+02,
    1.74623694e+03, 5.87211426e+02, 1.76576306e+03, 5.75497070e+02,
    1.78536145e+03, 5.63945007e+02, 1.80475012e+03, 5.52371765e+02,
    1.82432739e+03, 5.40731323e+02, 1.84352734e+03, 5.28916626e+02 ]
