%YAML:1.0
---
points: [ 514., 5.63180542e+02, 5.34635803e+02, 5.62716370e+02,
    5.55671997e+02, 5.62309387e+02, 5.76473206e+02, 5.61802734e+02,
    5.97536682e+02, 5.61391479e+02, 6.18477600e+02, 5.60871460e+02,
    5.15218445e+02, 5.84204468e+02, 5.35998047e+02, 5.83679504e+02,
    5.56865173e+02, 5.83177551e+02, 5.77700623e+02, 5.82701721e+02,
    5.98420593e+02, 5.82409363e+02, 6.19449219e+02, 5.82023193e+02,
    5.16241516e+02, 6.05154541e+02, 5.37083862e+02, 6.04548035e+02,
    5.57810852e+02, 6.04233459e+02, 5.78528687e+02, 6.03641418e+02,
    5.99360413e+02, 6.03345520e+02, 6.20117737e+02, 6.02805420e+02,
    5.16939941e+02, 6.26063782e+02, 5.37723206e+02, 6.25515381e+02,
    5.58461853e+02, 6.25110962e+02, 5.79404236e+02, 6.24596558e+02,
    6.00056152e+02, 6.24298035e+02, 6.21026489e+02, 6.23746399e+02,
    5.17663513e+02, 6.46896301e+02, 5.38450989e+02, 6.46462280e+02,
    5.59303284e+02, 6.46157288e+02, 5.79901062e+02, 6.45578674e+02,
    6.00810303e+02, 6.45280212e+02, 6.21636719e+02, 6.44767944e+02,
    5.18344788e+02, 6.67806274e+02, 5.39162964e+02, 6.67457336e+02,
    5.59902466e+02, 6.66973999e+02, 5.80722107e+02, 6.66542419e+02,
    6.01517639e+02, 6.66218140e+02, 6.22323853e+02, 6.65759460e+02,
    5.19196350e+02, 6.88694458e+02, 5.39940063e+02, 6.88317810e+02,
    5.60679993e+02, 6.87973389e+02, 5.81439880e+02, 6.87482910e+02,
    6.02171631e+02, 6.87119690e+02, 6.22996033e+02, 6.86672485e+02,
    5.20143677e+02, 7.09534119e+02, 5.40803711e+02, 7.09133667e+02,
    5.61462952e+02, 7.08660583e+02, 5.82224731e+02, 7.08437805e+02,
    6.03018616e+02, 7.07944214e+02, 6.23618652e+02, 7.07590393e+02 ]
