%YAML:1.0
---
points: [ 1.16578712e+02, 2.14400360e+02, 1.23802658e+02, 2.14181534e+02,
    1.31096161e+02, 2.13895538e+02, 1.38272720e+02, 2.13746979e+02,
    1.45664658e+02, 2.13503967e+02, 1.52917450e+02, 2.13286423e+02,
    1.17046059e+02, 2.21659012e+02, 1.24270546e+02, 2.21416367e+02,
    1.31575180e+02, 2.21176865e+02, 1.38808731e+02, 2.20904144e+02,
    1.46104431e+02, 2.20744186e+02, 1.53314850e+02, 2.20537628e+02,
    1.17468933e+02, 2.28835007e+02, 1.24743187e+02, 2.28757584e+02,
    1.31881058e+02, 2.28538345e+02, 1.39183838e+02, 2.28276215e+02,
    1.46360794e+02, 2.27983124e+02, 1.53667664e+02, 2.27841766e+02,
    1.17767113e+02, 2.36157410e+02, 1.25029800e+02, 2.35861740e+02,
    1.32175903e+02, 2.35752670e+02, 1.39397919e+02, 2.35525955e+02,
    1.46661819e+02, 2.35300888e+02, 1.54042343e+02, 2.35007355e+02,
    1.18119247e+02, 2.43532288e+02, 1.25316521e+02, 2.43305206e+02,
    1.32558731e+02, 2.42940079e+02, 1.39783722e+02, 2.42837433e+02,
    1.47040192e+02, 2.42604111e+02, 1.54252090e+02, 2.42358459e+02,
    1.18433693e+02, 2.50784927e+02, 1.25618568e+02, 2.50528610e+02,
    1.32872665e+02, 2.50327881e+02, 1.40091843e+02, 2.50057785e+02,
    1.47310318e+02, 2.49823425e+02, 1.54530579e+02, 2.49588058e+02,
    1.18880424e+02, 2.57857086e+02, 1.26052299e+02, 2.57784668e+02,
    1.33186813e+02, 2.57624084e+02, 1.40384201e+02, 2.57357758e+02,
    1.47670502e+02, 2.57076752e+02, 1.54920258e+02, 2.56908875e+02,
    1.19216461e+02, 2.65075439e+02, 1.26456184e+02, 2.64871552e+02,
    1.33612305e+02, 2.64779572e+02, 1.40749512e+02, 2.64588531e+02,
    1.47997208e+02, 2.64411102e+02, 1.55236511e+02, 2.64164124e+02 ]
