%YAML:1.0
---
points: [ 5.14060120e+02, 5.63263184e+02, 5.34636108e+02, 5.62805542e+02,
    5.55666016e+02, 5.62343079e+02, 5.76503357e+02, 5.61851196e+02,
    5.97499634e+02, 5.61423401e+02, 6.18435669e+02, 5.60898438e+02,
    5.15190308e+02, 5.84243286e+02, 5.35989624e+02, 5.83746216e+02,
    5.56756470e+02, 5.83301331e+02, 5.77696228e+02, 5.82810059e+02,
    5.98404602e+02, 5.82429199e+02, 6.19417847e+02, 5.81934509e+02,
    5.16169800e+02, 6.05097595e+02, 5.37079102e+02, 6.04604980e+02,
    5.57830200e+02, 6.04225952e+02, 5.78520081e+02, 6.03704346e+02,
    5.99412109e+02, 6.03347351e+02, 6.20106567e+02, 6.02910645e+02,
    5.16991089e+02, 6.26154785e+02, 5.37710876e+02, 6.25561890e+02,
    5.58458984e+02, 6.25155945e+02, 5.79332703e+02, 6.24640991e+02,
    6.00089050e+02, 6.24322693e+02, 6.21035889e+02, 6.23759338e+02,
    5.17638123e+02, 6.46937378e+02, 5.38458374e+02, 6.46513855e+02,
    5.59294678e+02, 6.46195435e+02, 5.79975952e+02, 6.45645203e+02,
    6.00791870e+02, 6.45316223e+02, 6.21709473e+02, 6.44841064e+02,
    5.18349060e+02, 6.67854370e+02, 5.39163208e+02, 6.67502502e+02,
    5.59831909e+02, 6.66967285e+02, 5.80677734e+02, 6.66557861e+02,
    6.01514893e+02, 6.66298950e+02, 6.22320190e+02, 6.65779907e+02,
    5.19149536e+02, 6.88662354e+02, 5.39946045e+02, 6.88381714e+02,
    5.60678284e+02, 6.87967590e+02, 5.81430176e+02, 6.87519470e+02,
    6.02214600e+02, 6.87172485e+02, 6.23100403e+02, 6.86690735e+02,
    5.20129150e+02, 7.09524841e+02, 5.40800293e+02, 7.09174133e+02,
    5.61480347e+02, 7.08694092e+02, 5.82184265e+02, 7.08440063e+02,
    6.02969116e+02, 7.08087891e+02, 6.23635498e+02, 7.07584106e+02 ]
