%YAML:1.0
---
points: [ 5.90456787e+02, 3.60592438e+02, 6.10624207e+02, 3.59905426e+02,
    6.31139343e+02, 3.59599182e+02, 6.51478760e+02, 3.59104950e+02,
    6.72073242e+02, 3.58638123e+02, 6.92499451e+02, 3.57987762e+02,
    5.91302490e+02, 3.81712494e+02, 6.11791565e+02, 3.81380707e+02,
    6.32072144e+02, 3.80920990e+02, 6.52536743e+02, 3.80493866e+02,
    6.72941589e+02, 3.79903809e+02, 6.93436035e+02, 3.79439941e+02,
    5.92230896e+02, 4.02791229e+02, 6.12571533e+02, 4.02375885e+02,
    6.33062012e+02, 4.01922302e+02, 6.53278748e+02, 4.01544312e+02,
    6.73694336e+02, 4.01037201e+02, 6.94040771e+02, 4.00511475e+02,
    5.92786499e+02, 4.23716675e+02, 6.13215027e+02, 4.23408264e+02,
    6.33490723e+02, 4.22890137e+02, 6.53750122e+02, 4.22551880e+02,
    6.74178711e+02, 4.22067627e+02, 6.94694946e+02, 4.21585144e+02,
    5.93521545e+02, 4.44688873e+02, 6.13709717e+02, 4.44309174e+02,
    6.34078674e+02, 4.43875580e+02, 6.54428162e+02, 4.43600494e+02,
    6.74783142e+02, 4.43220917e+02, 6.95335693e+02, 4.42688873e+02,
    5.94295410e+02, 4.65605377e+02, 6.14444275e+02, 4.65333740e+02,
    6.34720764e+02, 4.64888885e+02, 6.55085327e+02, 4.64568146e+02,
    6.75389404e+02, 4.64174957e+02, 6.95710205e+02, 4.63732483e+02,
    5.95022644e+02, 4.86523102e+02, 6.15181091e+02, 4.86156036e+02,
    6.35363342e+02, 4.85804901e+02, 6.55559998e+02, 4.85565338e+02,
    6.75995117e+02, 4.85257019e+02, 6.96420105e+02, 4.84812714e+02,
    5.95827759e+02, 5.07310425e+02, 6.16010071e+02, 5.07017731e+02,
    6.36207886e+02, 5.06697296e+02, 6.56388062e+02, 5.06408478e+02,
    6.76588440e+02, 5.06165802e+02, 6.97014893e+02, 5.05739563e+02 ]
