%YAML:1.0
---
points: [ 1.64201331e+03, 3.31633392e+02, 1.66133130e+03, 3.19706146e+02,
    1.68050049e+03, 3.07822083e+02, 1.69956628e+03, 2.96090424e+02,
    1.71876050e+03, 2.84161987e+02, 1.73794568e+03, 2.72328491e+02,
    1.65217114e+03, 3.51036316e+02, 1.67137927e+03, 3.39140747e+02,
    1.69053918e+03, 3.27376099e+02, 1.70963208e+03, 3.15414398e+02,
    1.72870728e+03, 3.03756104e+02, 1.74775342e+03, 2.91706909e+02,
    1.66218555e+03, 3.70341858e+02, 1.68137769e+03, 3.58543640e+02,
    1.70034888e+03, 3.46637482e+02, 1.71949048e+03, 3.35032715e+02,
    1.73870227e+03, 3.23094543e+02, 1.75769690e+03, 3.11349518e+02,
    1.67198328e+03, 3.89631897e+02, 1.69111597e+03, 3.77777832e+02,
    1.71022949e+03, 3.66116272e+02, 1.72930396e+03, 3.54287750e+02,
    1.74828308e+03, 3.42541016e+02, 1.76728894e+03, 3.30686737e+02,
    1.68176855e+03, 4.08685242e+02, 1.70082483e+03, 3.97074493e+02,
    1.71988831e+03, 3.85184998e+02, 1.73895300e+03, 3.73563599e+02,
    1.75787415e+03, 3.61658997e+02, 1.77694177e+03, 3.50130402e+02,
    1.69162598e+03, 4.27787689e+02, 1.71054919e+03, 4.15941345e+02,
    1.72956323e+03, 4.04382812e+02, 1.74846851e+03, 3.92562073e+02,
    1.76740015e+03, 3.81000854e+02, 1.78642700e+03, 3.69152557e+02,
    1.70144092e+03, 4.46561218e+02, 1.72039905e+03, 4.34923248e+02,
    1.73942261e+03, 4.23259369e+02, 1.75829614e+03, 4.11619690e+02,
    1.77727405e+03, 3.99859070e+02, 1.79623486e+03, 3.88348541e+02,
    1.71148865e+03, 4.65473328e+02, 1.73053247e+03, 4.53709595e+02,
    1.74960266e+03, 4.42265808e+02, 1.76849573e+03, 4.30525299e+02,
    1.78757202e+03, 4.19017609e+02, 1.80634631e+03, 4.07242615e+02 ]
