%YAML:1.0
---
points: [ 1.42273575e+02, 1.43588837e+02, 1.49321518e+02, 1.43382172e+02,
    1.56413940e+02, 1.43062622e+02, 1.63543869e+02, 1.42849670e+02,
    1.70727371e+02, 1.42628983e+02, 1.78008194e+02, 1.42396027e+02,
    1.42642609e+02, 1.50899689e+02, 1.49766220e+02, 1.50696548e+02,
    1.56853058e+02, 1.50515366e+02, 1.63963974e+02, 1.50263016e+02,
    1.71148865e+02, 1.50032043e+02, 1.78266235e+02, 1.49801010e+02,
    1.43014755e+02, 1.58259842e+02, 1.50120270e+02, 1.57993820e+02,
    1.57159546e+02, 1.57799530e+02, 1.64300812e+02, 1.57657410e+02,
    1.71416367e+02, 1.57402481e+02, 1.78526230e+02, 1.57175293e+02,
    1.43359268e+02, 1.65678284e+02, 1.50345169e+02, 1.65344147e+02,
    1.57420975e+02, 1.65089127e+02, 1.64533951e+02, 1.64878632e+02,
    1.71679367e+02, 1.64677780e+02, 1.78841370e+02, 1.64507645e+02,
    1.43649872e+02, 1.72764679e+02, 1.50747498e+02, 1.72647385e+02,
    1.57781204e+02, 1.72455597e+02, 1.64867996e+02, 1.72261078e+02,
    1.72035141e+02, 1.72021774e+02, 1.79135757e+02, 1.71767593e+02,
    1.43879425e+02, 1.80036560e+02, 1.51049454e+02, 1.79873932e+02,
    1.58144180e+02, 1.79750824e+02, 1.65218491e+02, 1.79602112e+02,
    1.72289642e+02, 1.79376999e+02, 1.79279480e+02, 1.79163956e+02,
    1.44276016e+02, 1.87396347e+02, 1.51261032e+02, 1.87170181e+02,
    1.58370987e+02, 1.87002899e+02, 1.65400803e+02, 1.86808838e+02,
    1.72489456e+02, 1.86623474e+02, 1.79575851e+02, 1.86440521e+02,
    1.44566788e+02, 1.94626221e+02, 1.51551437e+02, 1.94469925e+02,
    1.58755707e+02, 1.94267776e+02, 1.66237946e+02, 1.93785339e+02,
    1.72766068e+02, 1.93627960e+02, 1.80039459e+02, 1.93814407e+02 ]
