%YAML:1.0
---
points: [ 1.42301208e+02, 1.43593170e+02, 1.49323273e+02, 1.43356445e+02,
    1.56478439e+02, 1.42999573e+02, 1.63528839e+02, 1.42891785e+02,
    1.70738998e+02, 1.42630005e+02, 1.77983200e+02, 1.42388779e+02,
    1.42677689e+02, 1.50917816e+02, 1.49836563e+02, 1.50690857e+02,
    1.56874954e+02, 1.50523438e+02, 1.63978104e+02, 1.50257492e+02,
    1.71193924e+02, 1.49999878e+02, 1.78266693e+02, 1.49795593e+02,
    1.43058365e+02, 1.58258621e+02, 1.50119553e+02, 1.57998138e+02,
    1.57207108e+02, 1.57813095e+02, 1.64273102e+02, 1.57659607e+02,
    1.71347839e+02, 1.57424316e+02, 1.78521667e+02, 1.57153656e+02,
    1.43346222e+02, 1.65671661e+02, 1.50337982e+02, 1.65360733e+02,
    1.57440643e+02, 1.65103638e+02, 1.64541351e+02, 1.64860138e+02,
    1.71682083e+02, 1.64711868e+02, 1.78898468e+02, 1.64519760e+02,
    1.43654251e+02, 1.72801758e+02, 1.50750992e+02, 1.72662369e+02,
    1.57781189e+02, 1.72486084e+02, 1.64870560e+02, 1.72258575e+02,
    1.72007446e+02, 1.72048401e+02, 1.79186737e+02, 1.71790298e+02,
    1.43906311e+02, 1.80079544e+02, 1.51037735e+02, 1.79848663e+02,
    1.58181396e+02, 1.79747391e+02, 1.65189484e+02, 1.79566498e+02,
    1.72257828e+02, 1.79377823e+02, 1.79376877e+02, 1.79179810e+02,
    1.44293961e+02, 1.87420639e+02, 1.51310303e+02, 1.87223267e+02,
    1.58359650e+02, 1.86995789e+02, 1.65392883e+02, 1.86819427e+02,
    1.72544373e+02, 1.86650711e+02, 1.79611160e+02, 1.86465714e+02,
    1.44601471e+02, 1.94648209e+02, 1.51634308e+02, 1.94428726e+02,
    1.58676392e+02, 1.94237427e+02, 1.66405838e+02, 1.93987869e+02,
    1.73138641e+02, 1.93969650e+02, 1.80015915e+02, 1.93853897e+02 ]
