%YAML:1.0
---
points: [ 5.90485596e+02, 3.60589569e+02, 6.10626465e+02, 3.59956390e+02,
    6.31292786e+02, 3.59619293e+02, 6.51453430e+02, 3.59154083e+02,
    6.72044006e+02, 3.58600098e+02, 6.92530640e+02, 3.58033813e+02,
    5.91360596e+02, 3.81775848e+02, 6.11767456e+02, 3.81441132e+02,
    6.32046326e+02, 3.81048492e+02, 6.52592468e+02, 3.80509277e+02,
    6.72986206e+02, 3.79933289e+02, 6.93427917e+02, 3.79465546e+02,
    5.92283875e+02, 4.02860870e+02, 6.12583069e+02, 4.02424957e+02,
    6.33019043e+02, 4.02015137e+02, 6.53324097e+02, 4.01579712e+02,
    6.73729736e+02, 4.01119141e+02, 6.94102783e+02, 4.00589874e+02,
    5.92794434e+02, 4.23733612e+02, 6.13235229e+02, 4.23463837e+02,
    6.33537598e+02, 4.22937653e+02, 6.53728943e+02, 4.22530670e+02,
    6.74219055e+02, 4.22078613e+02, 6.94743408e+02, 4.21640961e+02,
    5.93542358e+02, 4.44682709e+02, 6.13743408e+02, 4.44378540e+02,
    6.34119202e+02, 4.43926300e+02, 6.54465759e+02, 4.43602142e+02,
    6.74802246e+02, 4.43252777e+02, 6.95360352e+02, 4.42717743e+02,
    5.94303955e+02, 4.65625946e+02, 6.14428284e+02, 4.65350006e+02,
    6.34707458e+02, 4.64895599e+02, 6.55073303e+02, 4.64589081e+02,
    6.75453857e+02, 4.64158539e+02, 6.95757019e+02, 4.63776062e+02,
    5.95044495e+02, 4.86622589e+02, 6.15222107e+02, 4.86190643e+02,
    6.35395264e+02, 4.85808197e+02, 6.55577393e+02, 4.85542297e+02,
    6.75949707e+02, 4.85271149e+02, 6.96431091e+02, 4.84843445e+02,
    5.95795044e+02, 5.07332947e+02, 6.16034424e+02, 5.07045715e+02,
    6.36241699e+02, 5.06772064e+02, 6.56391602e+02, 5.06444183e+02,
    6.76613708e+02, 5.06156433e+02, 6.97078430e+02, 5.05762177e+02 ]
