%YAML:1.0
---
points: [ 2.14718964e+02, 1.36327667e+02, 2.21872223e+02, 1.35832275e+02,
    2.29018066e+02, 1.35290054e+02, 2.36196426e+02, 1.34895325e+02,
    2.43463120e+02, 1.34398376e+02, 2.50694031e+02, 1.34005066e+02,
    2.15296692e+02, 1.43599533e+02, 2.22373108e+02, 1.43184769e+02,
    2.29507355e+02, 1.42717941e+02, 2.36710785e+02, 1.42259277e+02,
    2.43885849e+02, 1.41786499e+02, 2.51127548e+02, 1.41268326e+02,
    2.15735687e+02, 1.50953781e+02, 2.22873169e+02, 1.50456299e+02,
    2.30053726e+02, 1.50052521e+02, 2.37165680e+02, 1.49553116e+02,
    2.44334839e+02, 1.49110947e+02, 2.51553436e+02, 1.48589569e+02,
    2.16266632e+02, 1.58220810e+02, 2.23339310e+02, 1.57669144e+02,
    2.30412018e+02, 1.57273071e+02, 2.37520081e+02, 1.56872665e+02,
    2.44740387e+02, 1.56321060e+02, 2.51972000e+02, 1.55936813e+02,
    2.16646988e+02, 1.65341095e+02, 2.23748276e+02, 1.65020981e+02,
    2.30915970e+02, 1.64495712e+02, 2.38087753e+02, 1.64179703e+02,
    2.45214630e+02, 1.63648270e+02, 2.52363678e+02, 1.63206329e+02,
    2.17187210e+02, 1.72580597e+02, 2.24275421e+02, 1.72185349e+02,
    2.31343903e+02, 1.71751205e+02, 2.38458878e+02, 1.71290985e+02,
    2.45584305e+02, 1.70926086e+02, 2.52737228e+02, 1.70360916e+02,
    2.17686905e+02, 1.79782669e+02, 2.24701614e+02, 1.79383224e+02,
    2.31854202e+02, 1.79028198e+02, 2.38880920e+02, 1.78499985e+02,
    2.46061523e+02, 1.78179504e+02, 2.53289810e+02, 1.77845062e+02,
    2.18194565e+02, 1.87035095e+02, 2.25238678e+02, 1.86469482e+02,
    2.32272812e+02, 1.86127213e+02, 2.39356232e+02, 1.85683884e+02,
    2.46569092e+02, 1.85397461e+02, 2.53524490e+02, 1.84890778e+02 ]
