%YAML:1.0
---
points: [ 7.98979187e+02, 3.41262939e+02, 8.19493103e+02, 3.40175262e+02,
    8.40138428e+02, 3.39081421e+02, 8.60662964e+02, 3.37866791e+02,
    8.81513062e+02, 3.36667084e+02, 9.02270020e+02, 3.35449280e+02,
    8.00408264e+02, 3.62391663e+02, 8.20915588e+02, 3.61293457e+02,
    8.41486206e+02, 3.60215027e+02, 8.61947815e+02, 3.59044983e+02,
    8.82603516e+02, 3.57800690e+02, 9.03419189e+02, 3.56597534e+02,
    8.01612976e+02, 3.83287506e+02, 8.22129028e+02, 3.82276642e+02,
    8.42662720e+02, 3.81187592e+02, 8.63238892e+02, 3.80032074e+02,
    8.83774963e+02, 3.78744476e+02, 9.04528564e+02, 3.77640106e+02,
    8.02726562e+02, 4.04150391e+02, 8.23238586e+02, 4.03110840e+02,
    8.43655701e+02, 4.01998199e+02, 8.64256958e+02, 4.00886719e+02,
    8.84863831e+02, 3.99727173e+02, 9.05589050e+02, 3.98495667e+02,
    8.03816956e+02, 4.24945221e+02, 8.24341248e+02, 4.23887573e+02,
    8.44785156e+02, 4.22888123e+02, 8.65281433e+02, 4.21736877e+02,
    8.85864502e+02, 4.20563507e+02, 9.06583374e+02, 4.19503510e+02,
    8.05170776e+02, 4.45578278e+02, 8.25449463e+02, 4.44709717e+02,
    8.45823669e+02, 4.43651917e+02, 8.66393555e+02, 4.42584595e+02,
    8.86897461e+02, 4.41505981e+02, 9.07553589e+02, 4.40403992e+02,
    8.06236816e+02, 4.66398285e+02, 8.26737366e+02, 4.65439606e+02,
    8.47224548e+02, 4.64473846e+02, 8.67478760e+02, 4.63451416e+02,
    8.87966736e+02, 4.62291199e+02, 9.08584778e+02, 4.61342224e+02,
    8.07440857e+02, 4.86968262e+02, 8.27893311e+02, 4.85965637e+02,
    8.48354126e+02, 4.85191101e+02, 8.68682678e+02, 4.84092316e+02,
    8.89246460e+02, 4.83097168e+02, 9.09717224e+02, 4.82118530e+02 ]
