%YAML:1.0
---
points: [ 2.14674240e+02, 1.36292877e+02, 2.21851227e+02, 1.35845444e+02,
    2.29096268e+02, 1.35287201e+02, 2.36245483e+02, 1.34948792e+02,
    2.43517120e+02, 1.34342529e+02, 2.50704681e+02, 1.34002380e+02,
    2.15259384e+02, 1.43612518e+02, 2.22327301e+02, 1.43202835e+02,
    2.29479233e+02, 1.42722397e+02, 2.36681244e+02, 1.42232376e+02,
    2.43896515e+02, 1.41853714e+02, 2.51124008e+02, 1.41265427e+02,
    2.15778473e+02, 1.50922577e+02, 2.22895447e+02, 1.50466995e+02,
    2.30024612e+02, 1.50039612e+02, 2.37172607e+02, 1.49581039e+02,
    2.44402695e+02, 1.49070801e+02, 2.51544556e+02, 1.48620621e+02,
    2.16241150e+02, 1.58262436e+02, 2.23344742e+02, 1.57687576e+02,
    2.30445847e+02, 1.57272385e+02, 2.37605850e+02, 1.56795395e+02,
    2.44798340e+02, 1.56362335e+02, 2.51955276e+02, 1.55971924e+02,
    2.16593826e+02, 1.65350433e+02, 2.23721146e+02, 1.64985947e+02,
    2.30935364e+02, 1.64486023e+02, 2.38031754e+02, 1.64175919e+02,
    2.45201157e+02, 1.63632080e+02, 2.52352097e+02, 1.63178192e+02,
    2.17126038e+02, 1.72591583e+02, 2.24205139e+02, 1.72199509e+02,
    2.31378906e+02, 1.71742783e+02, 2.38478424e+02, 1.71271835e+02,
    2.45603271e+02, 1.70927628e+02, 2.52828659e+02, 1.70336853e+02,
    2.17670441e+02, 1.79772278e+02, 2.24698135e+02, 1.79408951e+02,
    2.31886612e+02, 1.78962112e+02, 2.38909683e+02, 1.78529861e+02,
    2.46063156e+02, 1.78146164e+02, 2.53238861e+02, 1.77851105e+02,
    2.18172211e+02, 1.86936646e+02, 2.25210785e+02, 1.86498993e+02,
    2.32302567e+02, 1.86215332e+02, 2.39350021e+02, 1.85706467e+02,
    2.46581268e+02, 1.85445877e+02, 2.53659409e+02, 1.84883698e+02 ]
