%YAML:1.0
---
points: [ 7.99019714e+02, 3.41294586e+02, 8.19492065e+02, 3.40177216e+02,
    8.40129150e+02, 3.39081421e+02, 8.60680298e+02, 3.37888214e+02,
    8.81521606e+02, 3.36671722e+02, 9.02290588e+02, 3.35489380e+02,
    8.00397827e+02, 3.62383179e+02, 8.21022400e+02, 3.61295868e+02,
    8.41500427e+02, 3.60228241e+02, 8.61902954e+02, 3.59123230e+02,
    8.82622498e+02, 3.57853668e+02, 9.03442200e+02, 3.56641266e+02,
    8.01643433e+02, 3.83304291e+02, 8.22138550e+02, 3.82293701e+02,
    8.42658325e+02, 3.81227325e+02, 8.63235168e+02, 3.80120361e+02,
    8.83774109e+02, 3.78772888e+02, 9.04533020e+02, 3.77673126e+02,
    8.02741821e+02, 4.04135468e+02, 8.23263611e+02, 4.03165649e+02,
    8.43677979e+02, 4.02076385e+02, 8.64321350e+02, 4.01006470e+02,
    8.84868713e+02, 3.99699585e+02, 9.05622681e+02, 3.98531586e+02,
    8.03843018e+02, 4.24984650e+02, 8.24333618e+02, 4.23874420e+02,
    8.44793640e+02, 4.22949493e+02, 8.65296204e+02, 4.21759460e+02,
    8.85889404e+02, 4.20572083e+02, 9.06642639e+02, 4.19562836e+02,
    8.05187073e+02, 4.45644379e+02, 8.25459229e+02, 4.44707947e+02,
    8.45870056e+02, 4.43670715e+02, 8.66371765e+02, 4.42622742e+02,
    8.86919495e+02, 4.41511566e+02, 9.07592773e+02, 4.40414246e+02,
    8.06309631e+02, 4.66402802e+02, 8.26697571e+02, 4.65461731e+02,
    8.47220764e+02, 4.64481842e+02, 8.67499695e+02, 4.63448090e+02,
    8.88114990e+02, 4.62318512e+02, 9.08569519e+02, 4.61347565e+02,
    8.07473206e+02, 4.86998535e+02, 8.27935852e+02, 4.86052002e+02,
    8.48367859e+02, 4.85212189e+02, 8.68646362e+02, 4.84003601e+02,
    8.89215820e+02, 4.83113892e+02, 9.09758057e+02, 4.82073517e+02 ]
