%YAML:1.0
---
points: [ 7.47668335e+02, 5.52820984e+02, 7.68290588e+02, 5.51440430e+02,
    7.88631897e+02, 5.50368774e+02, 8.09286499e+02, 5.49263916e+02,
    8.29708618e+02, 5.48046692e+02, 8.50524170e+02, 5.46632812e+02,
    7.49255920e+02, 5.73359009e+02, 7.69699097e+02, 5.72203064e+02,
    7.90287109e+02, 5.70968079e+02, 8.10747437e+02, 5.69714294e+02,
    8.31424133e+02, 5.68618530e+02, 8.52067261e+02, 5.67367493e+02,
    7.50614502e+02, 5.93863342e+02, 7.71171509e+02, 5.92649414e+02,
    7.91626221e+02, 5.91527710e+02, 8.12252991e+02, 5.90390381e+02,
    8.32779846e+02, 5.89129761e+02, 8.53439026e+02, 5.87789612e+02,
    7.52329346e+02, 6.14390381e+02, 7.72625488e+02, 6.13271423e+02,
    7.93047119e+02, 6.12144287e+02, 8.13505920e+02, 6.10970032e+02,
    8.34005920e+02, 6.09578979e+02, 8.54701477e+02, 6.08486633e+02,
    7.53664368e+02, 6.34811646e+02, 7.74195679e+02, 6.33753174e+02,
    7.94571838e+02, 6.32688904e+02, 8.14849182e+02, 6.31448364e+02,
    8.35439148e+02, 6.30236511e+02, 8.55977783e+02, 6.29118835e+02,
    7.54856689e+02, 6.55395020e+02, 7.75475281e+02, 6.54414368e+02,
    7.95917542e+02, 6.53281555e+02, 8.16411682e+02, 6.51809998e+02,
    8.36816711e+02, 6.50705750e+02, 8.57427063e+02, 6.49659851e+02,
    7.56394226e+02, 6.75936707e+02, 7.76811707e+02, 6.74811890e+02,
    7.97305725e+02, 6.73610779e+02, 8.17687927e+02, 6.72452637e+02,
    8.38256409e+02, 6.71390442e+02, 8.58793213e+02, 6.70307251e+02,
    7.57917542e+02, 6.96349182e+02, 7.78370422e+02, 6.95224365e+02,
    7.98648010e+02, 6.93994019e+02, 8.19137085e+02, 6.92836182e+02,
    8.39570557e+02, 6.91805176e+02, 8.60165466e+02, 6.90739624e+02 ]
