%YAML:1.0
---
points: [ 1.52380457e+03, 4.05351410e+02, 1.54067126e+03, 4.05587189e+02,
    1.55755481e+03, 4.05847961e+02, 1.57432336e+03, 4.06154633e+02,
    1.59095728e+03, 4.06342285e+02, 1.60768616e+03, 4.06538300e+02,
    1.52263733e+03, 4.22406036e+02, 1.53944800e+03, 4.22621704e+02,
    1.55629492e+03, 4.22827484e+02, 1.57304578e+03, 4.23053864e+02,
    1.58966553e+03, 4.23321533e+02, 1.60640088e+03, 4.23493256e+02,
    1.52147925e+03, 4.39326324e+02, 1.53814758e+03, 4.39518188e+02,
    1.55482751e+03, 4.39719177e+02, 1.57156030e+03, 4.39853210e+02,
    1.58847205e+03, 4.40192841e+02, 1.60515808e+03, 4.40408447e+02,
    1.52000806e+03, 4.56061737e+02, 1.53673914e+03, 4.56303101e+02,
    1.55350488e+03, 4.56484680e+02, 1.57026562e+03, 4.56713531e+02,
    1.58676013e+03, 4.56929138e+02, 1.60354407e+03, 4.57203522e+02,
    1.51845618e+03, 4.72844025e+02, 1.53533899e+03, 4.73144409e+02,
    1.55212085e+03, 4.73370514e+02, 1.56882446e+03, 4.73566467e+02,
    1.58543506e+03, 4.73826294e+02, 1.60192664e+03, 4.74068176e+02,
    1.51728870e+03, 4.89587891e+02, 1.53381335e+03, 4.89877289e+02,
    1.55050208e+03, 4.90163208e+02, 1.56722559e+03, 4.90315613e+02,
    1.58393018e+03, 4.90537201e+02, 1.60054004e+03, 4.90765015e+02,
    1.51622534e+03, 5.06263489e+02, 1.53273108e+03, 5.06516388e+02,
    1.54931787e+03, 5.06709747e+02, 1.56583948e+03, 5.06901215e+02,
    1.58252539e+03, 5.07198944e+02, 1.59936243e+03, 5.07444061e+02,
    1.51501746e+03, 5.22899231e+02, 1.53171143e+03, 5.23209106e+02,
    1.54841455e+03, 5.23449890e+02, 1.56505847e+03, 5.23653564e+02,
    1.58156763e+03, 5.23799744e+02, 1.59812854e+03, 5.24160583e+02 ]
