%YAML:1.0
---
points: [ 1.97651321e+02, 2.09925598e+02, 2.04707870e+02, 2.09505737e+02,
    2.12063400e+02, 2.09019424e+02, 2.19034073e+02, 2.08539688e+02,
    2.26292984e+02, 2.08042496e+02, 2.33383118e+02, 2.07630280e+02,
    1.98301025e+02, 2.17137421e+02, 2.05287857e+02, 2.16598801e+02,
    2.12549240e+02, 2.16150681e+02, 2.19533890e+02, 2.15595978e+02,
    2.26793106e+02, 2.15192657e+02, 2.34006409e+02, 2.14580994e+02,
    1.98814194e+02, 2.24251175e+02, 2.06022202e+02, 2.23715118e+02,
    2.13130936e+02, 2.23287521e+02, 2.20196625e+02, 2.22901230e+02,
    2.27314163e+02, 2.22296875e+02, 2.34375046e+02, 2.21881241e+02,
    1.99378860e+02, 2.31344650e+02, 2.06372650e+02, 2.30868057e+02,
    2.13576233e+02, 2.30404617e+02, 2.20708969e+02, 2.29859741e+02,
    2.27870468e+02, 2.29410324e+02, 2.35048096e+02, 2.28936890e+02,
    2.00021851e+02, 2.38447128e+02, 2.07038483e+02, 2.38046387e+02,
    2.14195923e+02, 2.37494370e+02, 2.21287079e+02, 2.37141144e+02,
    2.28356903e+02, 2.36553711e+02, 2.35436234e+02, 2.36233521e+02,
    2.00410995e+02, 2.45571655e+02, 2.07540710e+02, 2.45034866e+02,
    2.14669708e+02, 2.44603653e+02, 2.21810730e+02, 2.44236938e+02,
    2.28912537e+02, 2.43569183e+02, 2.36151138e+02, 2.43208191e+02,
    2.01107971e+02, 2.52636673e+02, 2.08124252e+02, 2.52301239e+02,
    2.15309952e+02, 2.51744797e+02, 2.22332626e+02, 2.51208603e+02,
    2.29408951e+02, 2.50857208e+02, 2.36577896e+02, 2.50263000e+02,
    2.01583176e+02, 2.59713745e+02, 2.08552689e+02, 2.59228943e+02,
    2.15864578e+02, 2.58813599e+02, 2.22868790e+02, 2.58341522e+02,
    2.30021805e+02, 2.57946472e+02, 2.37196915e+02, 2.57367188e+02 ]
