%YAML:1.0
---
points: [ 1.97671844e+02, 2.09883926e+02, 2.04747833e+02, 2.09482956e+02,
    2.12033463e+02, 2.08995087e+02, 2.19033340e+02, 2.08581604e+02,
    2.26236374e+02, 2.08071350e+02, 2.33251785e+02, 2.07558228e+02,
    1.98317520e+02, 2.17118118e+02, 2.05290283e+02, 2.16599716e+02,
    2.12536362e+02, 2.16154968e+02, 2.19602722e+02, 2.15489716e+02,
    2.26790878e+02, 2.15171906e+02, 2.33946381e+02, 2.14598495e+02,
    1.98829819e+02, 2.24223801e+02, 2.06004959e+02, 2.23772522e+02,
    2.13157654e+02, 2.23278992e+02, 2.20245132e+02, 2.22884109e+02,
    2.27347656e+02, 2.22281555e+02, 2.34414795e+02, 2.21889252e+02,
    1.99405777e+02, 2.31318008e+02, 2.06434479e+02, 2.30836578e+02,
    2.13559769e+02, 2.30369797e+02, 2.20744583e+02, 2.29839310e+02,
    2.27789749e+02, 2.29370453e+02, 2.35035217e+02, 2.28930237e+02,
    1.99981247e+02, 2.38525848e+02, 2.07056274e+02, 2.38019852e+02,
    2.14217270e+02, 2.37447525e+02, 2.21285339e+02, 2.37129135e+02,
    2.28366470e+02, 2.36496613e+02, 2.35479630e+02, 2.36204102e+02,
    2.00406799e+02, 2.45448853e+02, 2.07526047e+02, 2.45072128e+02,
    2.14679459e+02, 2.44591339e+02, 2.21825958e+02, 2.44200882e+02,
    2.28927322e+02, 2.43571671e+02, 2.36101303e+02, 2.43191788e+02,
    2.01119156e+02, 2.52692169e+02, 2.08162155e+02, 2.52281937e+02,
    2.15281647e+02, 2.51775635e+02, 2.22340454e+02, 2.51255417e+02,
    2.29416962e+02, 2.50867249e+02, 2.36571548e+02, 2.50331741e+02,
    2.01591125e+02, 2.59723694e+02, 2.08631256e+02, 2.59254822e+02,
    2.15777115e+02, 2.58728699e+02, 2.22937332e+02, 2.58302338e+02,
    2.30077820e+02, 2.57924927e+02, 2.37069992e+02, 2.57443298e+02 ]
