%YAML:1.0
---
points: [ 7.47648315e+02, 5.52777405e+02, 7.68232727e+02, 5.51417175e+02,
    7.88683716e+02, 5.50339661e+02, 8.09197876e+02, 5.49147400e+02,
    8.29728394e+02, 5.47915649e+02, 8.50520142e+02, 5.46620728e+02,
    7.49265686e+02, 5.73360352e+02, 7.69713440e+02, 5.72041443e+02,
    7.90302856e+02, 5.70915405e+02, 8.10719116e+02, 5.69745972e+02,
    8.31420227e+02, 5.68511230e+02, 8.52014465e+02, 5.67367920e+02,
    7.50634521e+02, 5.93816956e+02, 7.71161255e+02, 5.92629639e+02,
    7.91668518e+02, 5.91503296e+02, 8.12194824e+02, 5.90280579e+02,
    8.32802612e+02, 5.89055237e+02, 8.53474182e+02, 5.87766968e+02,
    7.52304504e+02, 6.14327698e+02, 7.72648804e+02, 6.13240417e+02,
    7.93051514e+02, 6.12007812e+02, 8.13518494e+02, 6.10948547e+02,
    8.34009094e+02, 6.09542847e+02, 8.54672058e+02, 6.08435059e+02,
    7.53645996e+02, 6.34762939e+02, 7.74141479e+02, 6.33724426e+02,
    7.94532349e+02, 6.32635376e+02, 8.14888977e+02, 6.31406128e+02,
    8.35450745e+02, 6.30186890e+02, 8.55959290e+02, 6.29034485e+02,
    7.54896973e+02, 6.55389465e+02, 7.75484863e+02, 6.54350342e+02,
    7.95929321e+02, 6.53235352e+02, 8.16421143e+02, 6.51835449e+02,
    8.36842163e+02, 6.50671570e+02, 8.57520691e+02, 6.49623169e+02,
    7.56418579e+02, 6.75809326e+02, 7.76852051e+02, 6.74735229e+02,
    7.97354248e+02, 6.73562988e+02, 8.17716736e+02, 6.72397095e+02,
    8.38291260e+02, 6.71330322e+02, 8.58819641e+02, 6.70315247e+02,
    7.57879272e+02, 6.96330811e+02, 7.78351013e+02, 6.95194519e+02,
    7.98644104e+02, 6.94014709e+02, 8.19166748e+02, 6.92806335e+02,
    8.39560486e+02, 6.91778931e+02, 8.60170898e+02, 6.90711670e+02 ]
