%YAML:1.0
---
points: [ 1.52288757e+03, 7.09499207e+02, 1.53964331e+03, 7.09839478e+02,
    1.55656970e+03, 7.10278259e+02, 1.57345898e+03, 7.10531799e+02,
    1.59027930e+03, 7.10866455e+02, 1.60693372e+03, 7.11296692e+02,
    1.52349646e+03, 7.26716858e+02, 1.54040723e+03, 7.27089783e+02,
    1.55741956e+03, 7.27442383e+02, 1.57415771e+03, 7.27708984e+02,
    1.59097791e+03, 7.28061279e+02, 1.60768762e+03, 7.28383972e+02,
    1.52419922e+03, 7.43819275e+02, 1.54132129e+03, 7.44293945e+02,
    1.55816345e+03, 7.44535889e+02, 1.57503088e+03, 7.44833435e+02,
    1.59190662e+03, 7.45233521e+02, 1.60866138e+03, 7.45463867e+02,
    1.52495813e+03, 7.61156555e+02, 1.54187695e+03, 7.61477844e+02,
    1.55870947e+03, 7.61739075e+02, 1.57557849e+03, 7.62208130e+02,
    1.59244348e+03, 7.62414429e+02, 1.60939417e+03, 7.62682434e+02,
    1.52548657e+03, 7.78479492e+02, 1.54253027e+03, 7.78772705e+02,
    1.55943140e+03, 7.79200256e+02, 1.57639380e+03, 7.79449341e+02,
    1.59339771e+03, 7.79723450e+02, 1.61032764e+03, 7.80108765e+02,
    1.52635571e+03, 7.95757935e+02, 1.54332996e+03, 7.96091003e+02,
    1.56020154e+03, 7.96471741e+02, 1.57697095e+03, 7.96684631e+02,
    1.59400403e+03, 7.97045349e+02, 1.61097205e+03, 7.97403076e+02,
    1.52691309e+03, 8.13126282e+02, 1.54395544e+03, 8.13477417e+02,
    1.56079919e+03, 8.13702271e+02, 1.57800488e+03, 8.14094421e+02,
    1.59510583e+03, 8.14362366e+02, 1.61197473e+03, 8.14619019e+02,
    1.52773267e+03, 8.30572632e+02, 1.54493506e+03, 8.30934021e+02,
    1.56207800e+03, 8.31347900e+02, 1.57911670e+03, 8.31747437e+02,
    1.59620972e+03, 8.32166382e+02, 1.61295581e+03, 8.32481873e+02 ]
