%YAML:1.0
---
points: [ 2.75177307e+02, 2.04779572e+02, 2.82028595e+02, 2.04131302e+02,
    2.89087830e+02, 2.03567490e+02, 2.96147125e+02, 2.03198975e+02,
    3.03304626e+02, 2.02693359e+02, 3.10313599e+02, 2.02305557e+02,
    2.75457123e+02, 2.11321976e+02, 2.82384583e+02, 2.11039871e+02,
    2.89569946e+02, 2.10551270e+02, 2.96458313e+02, 2.10129227e+02,
    3.03575226e+02, 2.09566696e+02, 3.10636475e+02, 2.09154190e+02,
    2.75858887e+02, 2.18566025e+02, 2.82919678e+02, 2.18120041e+02,
    2.89945129e+02, 2.17590912e+02, 2.97075226e+02, 2.17197662e+02,
    3.04171844e+02, 2.16653656e+02, 3.11220367e+02, 2.16258514e+02,
    2.76302399e+02, 2.25448212e+02, 2.83380707e+02, 2.25133179e+02,
    2.90355560e+02, 2.24531921e+02, 2.97430420e+02, 2.24132523e+02,
    3.04443542e+02, 2.23593719e+02, 3.11565857e+02, 2.23184799e+02,
    2.76878418e+02, 2.32590805e+02, 2.83864960e+02, 2.32178848e+02,
    2.90967499e+02, 2.31676834e+02, 2.97963501e+02, 2.31246201e+02,
    3.05054993e+02, 2.30733246e+02, 3.12123779e+02, 2.30296127e+02,
    2.77258057e+02, 2.39441925e+02, 2.84334473e+02, 2.39129440e+02,
    2.91393738e+02, 2.38569885e+02, 2.98351349e+02, 2.38267593e+02,
    3.05393829e+02, 2.37649551e+02, 3.12451355e+02, 2.37176849e+02,
    2.77834778e+02, 2.46374252e+02, 2.84729126e+02, 2.46198090e+02,
    2.91949280e+02, 2.45446060e+02, 2.98829987e+02, 2.45211487e+02,
    3.05953094e+02, 2.44532959e+02, 3.13028229e+02, 2.44292419e+02,
    2.78293701e+02, 2.53336075e+02, 2.85302582e+02, 2.52917877e+02,
    2.92327637e+02, 2.52332291e+02, 2.99308838e+02, 2.52051941e+02,
    3.06394989e+02, 2.51423294e+02, 3.13300812e+02, 2.51059418e+02 ]
