%YAML:1.0
---
points: [ 9.71302551e+02, 5.39332947e+02, 9.91703613e+02, 5.38151245e+02,
    1.01223193e+03, 5.36834351e+02, 1.03245642e+03, 5.35622375e+02,
    1.05275903e+03, 5.34421814e+02, 1.07331396e+03, 5.33316406e+02,
    9.72494568e+02, 5.59493896e+02, 9.92719116e+02, 5.58373779e+02,
    1.01319446e+03, 5.57092163e+02, 1.03345984e+03, 5.55784119e+02,
    1.05378003e+03, 5.54682495e+02, 1.07433679e+03, 5.53588562e+02,
    9.73728882e+02, 5.79642822e+02, 9.94233276e+02, 5.78423340e+02,
    1.01439856e+03, 5.77192810e+02, 1.03454053e+03, 5.76073181e+02,
    1.05483264e+03, 5.74886841e+02, 1.07536511e+03, 5.73753174e+02,
    9.74846497e+02, 5.99789368e+02, 9.95352600e+02, 5.98515991e+02,
    1.01564532e+03, 5.97459290e+02, 1.03580713e+03, 5.96357117e+02,
    1.05612488e+03, 5.95103333e+02, 1.07636023e+03, 5.93711975e+02,
    9.76093323e+02, 6.19872253e+02, 9.96450867e+02, 6.18741821e+02,
    1.01675543e+03, 6.17644104e+02, 1.03700122e+03, 6.16437744e+02,
    1.05727991e+03, 6.15116577e+02, 1.07750623e+03, 6.13920959e+02,
    9.77312988e+02, 6.40085938e+02, 9.97531860e+02, 6.38943054e+02,
    1.01781262e+03, 6.37709106e+02, 1.03817114e+03, 6.36450439e+02,
    1.05838330e+03, 6.35282959e+02, 1.07866663e+03, 6.34195557e+02,
    9.78553040e+02, 6.60234131e+02, 9.98717773e+02, 6.58984680e+02,
    1.01895667e+03, 6.57835938e+02, 1.03921008e+03, 6.56573364e+02,
    1.05947314e+03, 6.55408813e+02, 1.07975952e+03, 6.54348511e+02,
    9.79665710e+02, 6.80281311e+02, 9.99925415e+02, 6.78928894e+02,
    1.02020245e+03, 6.77776245e+02, 1.04033691e+03, 6.76560242e+02,
    1.06051636e+03, 6.75513611e+02, 1.08082092e+03, 6.74392822e+02 ]
