%YAML:1.0
---
points: [ 2.75158905e+02, 2.04756607e+02, 2.81995758e+02, 2.04069458e+02,
    2.89175629e+02, 2.03560562e+02, 2.96138794e+02, 2.03210297e+02,
    3.03265137e+02, 2.02702301e+02, 3.10290039e+02, 2.02290253e+02,
    2.75430695e+02, 2.11420715e+02, 2.82334015e+02, 2.11136078e+02,
    2.89566467e+02, 2.10519241e+02, 2.96503204e+02, 2.10111877e+02,
    3.03534180e+02, 2.09459015e+02, 3.10639008e+02, 2.09197952e+02,
    2.75914398e+02, 2.18546906e+02, 2.82983612e+02, 2.18022903e+02,
    2.90058014e+02, 2.17547913e+02, 2.97079987e+02, 2.17204956e+02,
    3.04151917e+02, 2.16628433e+02, 3.11258087e+02, 2.16260696e+02,
    2.76302704e+02, 2.25442886e+02, 2.83376221e+02, 2.25147415e+02,
    2.90328156e+02, 2.24518524e+02, 2.97438446e+02, 2.24207703e+02,
    3.04470459e+02, 2.23581253e+02, 3.11566284e+02, 2.23177460e+02,
    2.76876343e+02, 2.32537811e+02, 2.83853882e+02, 2.32192657e+02,
    2.90960266e+02, 2.31624969e+02, 2.97972015e+02, 2.31176315e+02,
    3.05076080e+02, 2.30681488e+02, 3.12146790e+02, 2.30340698e+02,
    2.77314850e+02, 2.39461700e+02, 2.84378113e+02, 2.39042252e+02,
    2.91403229e+02, 2.38589081e+02, 2.98331726e+02, 2.38224426e+02,
    3.05416870e+02, 2.37555618e+02, 3.12451904e+02, 2.37166168e+02,
    2.77790283e+02, 2.46438889e+02, 2.84782654e+02, 2.46151596e+02,
    2.91933990e+02, 2.45426727e+02, 2.98869568e+02, 2.45199554e+02,
    3.05990234e+02, 2.44570755e+02, 3.13045959e+02, 2.44399231e+02,
    2.78370789e+02, 2.53349136e+02, 2.85252167e+02, 2.52982590e+02,
    2.92322571e+02, 2.52283585e+02, 2.99284760e+02, 2.52072510e+02,
    3.06383331e+02, 2.51386566e+02, 3.13310974e+02, 2.51103165e+02 ]
