%YAML:1.0
---
points: [ 9.71334717e+02, 5.39277832e+02, 9.91711304e+02, 5.38099731e+02,
    1.01217725e+03, 5.36789490e+02, 1.03249048e+03, 5.35571289e+02,
    1.05278491e+03, 5.34356079e+02, 1.07333813e+03, 5.33308289e+02,
    9.72489990e+02, 5.59460388e+02, 9.92770813e+02, 5.58340820e+02,
    1.01324280e+03, 5.57088745e+02, 1.03348340e+03, 5.55747986e+02,
    1.05374658e+03, 5.54708923e+02, 1.07433472e+03, 5.53581909e+02,
    9.73761902e+02, 5.79584778e+02, 9.94254883e+02, 5.78376038e+02,
    1.01437341e+03, 5.77207581e+02, 1.03456897e+03, 5.76099365e+02,
    1.05482739e+03, 5.74888428e+02, 1.07538586e+03, 5.73694275e+02,
    9.74858459e+02, 5.99780212e+02, 9.95357361e+02, 5.98539917e+02,
    1.01560663e+03, 5.97470947e+02, 1.03582288e+03, 5.96352722e+02,
    1.05612915e+03, 5.95120605e+02, 1.07641125e+03, 5.93752380e+02,
    9.76086060e+02, 6.19862793e+02, 9.96455078e+02, 6.18724670e+02,
    1.01674774e+03, 6.17659363e+02, 1.03705518e+03, 6.16493530e+02,
    1.05726233e+03, 6.15126831e+02, 1.07752380e+03, 6.13891235e+02,
    9.77284973e+02, 6.40056030e+02, 9.97555420e+02, 6.38941101e+02,
    1.01787195e+03, 6.37747498e+02, 1.03821240e+03, 6.36500610e+02,
    1.05844470e+03, 6.35270508e+02, 1.07866431e+03, 6.34174927e+02,
    9.78552368e+02, 6.60209229e+02, 9.98745667e+02, 6.59050171e+02,
    1.01896637e+03, 6.57829407e+02, 1.03925903e+03, 6.56550476e+02,
    1.05948853e+03, 6.55409973e+02, 1.07974194e+03, 6.54336853e+02,
    9.79681763e+02, 6.80343628e+02, 9.99952209e+02, 6.78945801e+02,
    1.02014771e+03, 6.77727844e+02, 1.04034656e+03, 6.76565186e+02,
    1.06053809e+03, 6.75480042e+02, 1.08086047e+03, 6.74398987e+02 ]
