%YAML:1.0
---
points: [ 1.21708264e+03, 4.80932770e+02, 1.23276868e+03, 4.81175415e+02,
    1.24850781e+03, 4.81321442e+02, 1.26425415e+03, 4.81482635e+02,
    1.27980762e+03, 4.81556763e+02, 1.29562000e+03, 4.81660278e+02,
    1.21715540e+03, 4.96746246e+02, 1.23278467e+03, 4.96857178e+02,
    1.24859143e+03, 4.97005920e+02, 1.26432361e+03, 4.97193634e+02,
    1.27993506e+03, 4.97366028e+02, 1.29565430e+03, 4.97457703e+02,
    1.21717920e+03, 5.12529358e+02, 1.23277783e+03, 5.12604675e+02,
    1.24855664e+03, 5.12682556e+02, 1.26438159e+03, 5.12770386e+02,
    1.28006335e+03, 5.12938232e+02, 1.29575476e+03, 5.13216614e+02,
    1.21717432e+03, 5.28279541e+02, 1.23279919e+03, 5.28444092e+02,
    1.24861438e+03, 5.28531555e+02, 1.26436755e+03, 5.28662354e+02,
    1.28005908e+03, 5.28741577e+02, 1.29583813e+03, 5.28855042e+02,
    1.21712708e+03, 5.44082703e+02, 1.23282227e+03, 5.44237915e+02,
    1.24862207e+03, 5.44342407e+02, 1.26442810e+03, 5.44461609e+02,
    1.28016370e+03, 5.44592529e+02, 1.29583826e+03, 5.44670654e+02,
    1.21719666e+03, 5.59742554e+02, 1.23286597e+03, 5.59825562e+02,
    1.24859851e+03, 5.60059875e+02, 1.26442078e+03, 5.60223999e+02,
    1.28019006e+03, 5.60363953e+02, 1.29590222e+03, 5.60484802e+02,
    1.21723376e+03, 5.75544250e+02, 1.23294824e+03, 5.75593201e+02,
    1.24871460e+03, 5.75725342e+02, 1.26451245e+03, 5.75800964e+02,
    1.28030029e+03, 5.76062073e+02, 1.29619592e+03, 5.76231934e+02,
    1.21735608e+03, 5.91382507e+02, 1.23311914e+03, 5.91505371e+02,
    1.24897839e+03, 5.91583435e+02, 1.26462134e+03, 5.91704285e+02,
    1.28055212e+03, 5.91835632e+02, 1.29636255e+03, 5.92093811e+02 ]
