%YAML:1.0
---
points: [ 9.99473694e+02, 3.44419434e+02, 1.01992468e+03, 3.43385620e+02,
    1.04062402e+03, 3.42258087e+02, 1.06123645e+03, 3.41191742e+02,
    1.08184192e+03, 3.40105896e+02, 1.10256067e+03, 3.39145203e+02,
    1.00031921e+03, 3.65086273e+02, 1.02095294e+03, 3.64156006e+02,
    1.04148340e+03, 3.62977234e+02, 1.06190845e+03, 3.61951447e+02,
    1.08259583e+03, 3.61015869e+02, 1.10333459e+03, 3.59917450e+02,
    1.00118860e+03, 3.85801056e+02, 1.02169403e+03, 3.84714172e+02,
    1.04242517e+03, 3.83582672e+02, 1.06288440e+03, 3.82572906e+02,
    1.08349927e+03, 3.81629089e+02, 1.10411108e+03, 3.80638031e+02,
    1.00208246e+03, 4.06357361e+02, 1.02260980e+03, 4.05203339e+02,
    1.04326514e+03, 4.04226898e+02, 1.06376880e+03, 4.03227295e+02,
    1.08437732e+03, 4.02268890e+02, 1.10499915e+03, 4.01224548e+02,
    1.00291797e+03, 4.26880157e+02, 1.02346802e+03, 4.25650146e+02,
    1.04405249e+03, 4.24819458e+02, 1.06453809e+03, 4.23743103e+02,
    1.08518689e+03, 4.22901672e+02, 1.10579590e+03, 4.21682831e+02,
    1.00390887e+03, 4.47210327e+02, 1.02434277e+03, 4.46231079e+02,
    1.04485718e+03, 4.45275085e+02, 1.06533325e+03, 4.44400543e+02,
    1.08596863e+03, 4.43431122e+02, 1.10657300e+03, 4.42259857e+02,
    1.00476373e+03, 4.67597198e+02, 1.02527600e+03, 4.66662323e+02,
    1.04565820e+03, 4.65763092e+02, 1.06621106e+03, 4.64891785e+02,
    1.08665344e+03, 4.63904053e+02, 1.10732971e+03, 4.62716675e+02,
    1.00579633e+03, 4.88002167e+02, 1.02619360e+03, 4.87055267e+02,
    1.04661462e+03, 4.86209167e+02, 1.06693738e+03, 4.85250641e+02,
    1.08747449e+03, 4.84212738e+02, 1.10810718e+03, 4.83221405e+02 ]
