%YAML:1.0
---
points: [ 2.84218597e+02, 1.36672394e+02, 2.91385284e+02, 1.36133804e+02,
    2.98573334e+02, 1.35739365e+02, 3.05744965e+02, 1.35291214e+02,
    3.13028015e+02, 1.34851501e+02, 3.20202362e+02, 1.34314423e+02,
    2.84535858e+02, 1.43869019e+02, 2.91785614e+02, 1.43437775e+02,
    2.98897461e+02, 1.43065720e+02, 3.06157745e+02, 1.42553680e+02,
    3.13284210e+02, 1.42181183e+02, 3.20434784e+02, 1.41652283e+02,
    2.84884003e+02, 1.51223679e+02, 2.92025818e+02, 1.50594635e+02,
    2.99207397e+02, 1.50265091e+02, 3.06366211e+02, 1.49743958e+02,
    3.13485016e+02, 1.49325974e+02, 3.20803986e+02, 1.48842896e+02,
    2.85329437e+02, 1.58215256e+02, 2.92300385e+02, 1.57805313e+02,
    2.99563812e+02, 1.57353622e+02, 3.06645508e+02, 1.56915482e+02,
    3.13940674e+02, 1.56491730e+02, 3.21157715e+02, 1.56092224e+02,
    2.85642242e+02, 1.65384415e+02, 2.92710358e+02, 1.65053406e+02,
    2.99925598e+02, 1.64503052e+02, 3.07126648e+02, 1.64067108e+02,
    3.14277832e+02, 1.63710312e+02, 3.21345154e+02, 1.63183273e+02,
    2.85959167e+02, 1.72129684e+02, 2.93199280e+02, 1.72184250e+02,
    3.00299347e+02, 1.71647186e+02, 3.07344543e+02, 1.71246948e+02,
    3.14529083e+02, 1.70810074e+02, 3.21734680e+02, 1.70331100e+02,
    2.86341949e+02, 1.79727890e+02, 2.93364471e+02, 1.79223663e+02,
    3.00500824e+02, 1.78885208e+02, 3.07642212e+02, 1.78364868e+02,
    3.14937408e+02, 1.77962753e+02, 3.22101288e+02, 1.77562180e+02,
    2.86689453e+02, 1.86501923e+02, 2.93757935e+02, 1.86322525e+02,
    3.01066132e+02, 1.85739532e+02, 3.08085297e+02, 1.85488556e+02,
    3.15208374e+02, 1.85024475e+02, 3.22353302e+02, 1.84579575e+02 ]
