%YAML:1.0
---
points: [ 9.75486084e+02, 4.92324005e+02, 9.91368042e+02, 4.92380402e+02,
    1.00703613e+03, 4.92582886e+02, 1.02262665e+03, 4.92686279e+02,
    1.03836243e+03, 4.92965118e+02, 1.05386865e+03, 4.93246979e+02,
    9.75450867e+02, 5.07891022e+02, 9.91311829e+02, 5.08177551e+02,
    1.00696149e+03, 5.08382202e+02, 1.02255310e+03, 5.08470764e+02,
    1.03840283e+03, 5.08568848e+02, 1.05388257e+03, 5.08746704e+02,
    9.75386780e+02, 5.23751648e+02, 9.91208252e+02, 5.23899292e+02,
    1.00690149e+03, 5.24094116e+02, 1.02255353e+03, 5.24318909e+02,
    1.03836926e+03, 5.24417542e+02, 1.05397534e+03, 5.24495789e+02,
    9.75339172e+02, 5.39526367e+02, 9.91157593e+02, 5.39687805e+02,
    1.00685364e+03, 5.39770935e+02, 1.02251288e+03, 5.39923035e+02,
    1.03831543e+03, 5.40207947e+02, 1.05386414e+03, 5.40267944e+02,
    9.75286560e+02, 5.55449707e+02, 9.91114807e+02, 5.55486084e+02,
    1.00672552e+03, 5.55570679e+02, 1.02249829e+03, 5.55634644e+02,
    1.03827490e+03, 5.55807495e+02, 1.05385376e+03, 5.55923035e+02,
    9.75187927e+02, 5.71282166e+02, 9.90968811e+02, 5.71356262e+02,
    1.00667694e+03, 5.71450989e+02, 1.02249072e+03, 5.71530884e+02,
    1.03828796e+03, 5.71578491e+02, 1.05384314e+03, 5.71713135e+02,
    9.75120789e+02, 5.86977722e+02, 9.90922424e+02, 5.87172913e+02,
    1.00667169e+03, 5.87259338e+02, 1.02245142e+03, 5.87369751e+02,
    1.03827795e+03, 5.87470825e+02, 1.05382092e+03, 5.87513977e+02,
    9.74940857e+02, 6.02799622e+02, 9.90849976e+02, 6.02881409e+02,
    1.00665558e+03, 6.03009705e+02, 1.02249170e+03, 6.03190247e+02,
    1.03832202e+03, 6.03273743e+02, 1.05393347e+03, 6.03340942e+02 ]
