%YAML:1.0
---
points: [ 9.99502258e+02, 3.44435425e+02, 1.01996930e+03, 3.43415161e+02,
    1.04065906e+03, 3.42316895e+02, 1.06120398e+03, 3.41212341e+02,
    1.08188135e+03, 3.40170349e+02, 1.10256165e+03, 3.39203918e+02,
    1.00034442e+03, 3.65200867e+02, 1.02094708e+03, 3.64185669e+02,
    1.04148755e+03, 3.63073425e+02, 1.06189917e+03, 3.62028900e+02,
    1.08262183e+03, 3.61035278e+02, 1.10331262e+03, 3.59929077e+02,
    1.00121625e+03, 3.85851532e+02, 1.02171271e+03, 3.84726227e+02,
    1.04244604e+03, 3.83661743e+02, 1.06291858e+03, 3.82600342e+02,
    1.08346252e+03, 3.81681915e+02, 1.10410669e+03, 3.80691101e+02,
    1.00214447e+03, 4.06404297e+02, 1.02262897e+03, 4.05232300e+02,
    1.04327893e+03, 4.04241608e+02, 1.06375146e+03, 4.03279694e+02,
    1.08441956e+03, 4.02275543e+02, 1.10503003e+03, 4.01302032e+02,
    1.00291534e+03, 4.26924103e+02, 1.02345941e+03, 4.25732300e+02,
    1.04410071e+03, 4.24811371e+02, 1.06456763e+03, 4.23782898e+02,
    1.08521680e+03, 4.22898010e+02, 1.10578455e+03, 4.21762451e+02,
    1.00390698e+03, 4.47255035e+02, 1.02435608e+03, 4.46314606e+02,
    1.04489417e+03, 4.45312805e+02, 1.06536914e+03, 4.44446838e+02,
    1.08598523e+03, 4.43431061e+02, 1.10660022e+03, 4.42313110e+02,
    1.00479736e+03, 4.67635437e+02, 1.02525342e+03, 4.66715515e+02,
    1.04568689e+03, 4.65782654e+02, 1.06615417e+03, 4.64918579e+02,
    1.08663245e+03, 4.63897308e+02, 1.10733484e+03, 4.62773956e+02,
    1.00578326e+03, 4.88079865e+02, 1.02625146e+03, 4.87148987e+02,
    1.04658984e+03, 4.86257355e+02, 1.06695300e+03, 4.85302673e+02,
    1.08747937e+03, 4.84275726e+02, 1.10809363e+03, 4.83265594e+02 ]
