%YAML:1.0
---
points: [ 2.84114899e+02, 1.36723511e+02, 2.91364990e+02, 1.36191681e+02,
    2.98569305e+02, 1.35811264e+02, 3.05792328e+02, 1.35302185e+02,
    3.13043304e+02, 1.34903107e+02, 3.20217041e+02, 1.34306244e+02,
    2.84517670e+02, 1.43830048e+02, 2.91814789e+02, 1.43383850e+02,
    2.98874146e+02, 1.43081314e+02, 3.06148682e+02, 1.42594696e+02,
    3.13227051e+02, 1.42172318e+02, 3.20456146e+02, 1.41655716e+02,
    2.84891968e+02, 1.51212585e+02, 2.92008728e+02, 1.50619202e+02,
    2.99260437e+02, 1.50279617e+02, 3.06322876e+02, 1.49739441e+02,
    3.13476257e+02, 1.49343857e+02, 3.20855652e+02, 1.48853882e+02,
    2.85305786e+02, 1.58231644e+02, 2.92302948e+02, 1.57813583e+02,
    2.99584015e+02, 1.57336868e+02, 3.06686066e+02, 1.56893585e+02,
    3.13948151e+02, 1.56463303e+02, 3.21160309e+02, 1.56117371e+02,
    2.85580322e+02, 1.65442276e+02, 2.92747406e+02, 1.65051910e+02,
    2.99952576e+02, 1.64536377e+02, 3.07118195e+02, 1.64084045e+02,
    3.14268433e+02, 1.63699142e+02, 3.21386139e+02, 1.63187958e+02,
    2.86061157e+02, 1.72185547e+02, 2.93212006e+02, 1.72176773e+02,
    3.00320831e+02, 1.71652451e+02, 3.07357697e+02, 1.71265579e+02,
    3.14524658e+02, 1.70848740e+02, 3.21697937e+02, 1.70316711e+02,
    2.86437775e+02, 1.79767761e+02, 2.93343140e+02, 1.79218811e+02,
    3.00526031e+02, 1.78850571e+02, 3.07677704e+02, 1.78324814e+02,
    3.14900726e+02, 1.78017532e+02, 3.22145630e+02, 1.77585434e+02,
    2.86736725e+02, 1.86642349e+02, 2.93730591e+02, 1.86329803e+02,
    3.01075623e+02, 1.85771011e+02, 3.08091675e+02, 1.85546158e+02,
    3.15243530e+02, 1.85053009e+02, 3.22367523e+02, 1.84608704e+02 ]
