%YAML:1.0
---
points: [ 1.24851501e+03, 3.54581116e+02, 1.26869775e+03, 3.53775726e+02,
    1.28875635e+03, 3.53016632e+02, 1.30860400e+03, 3.52116821e+02,
    1.32873706e+03, 3.51293976e+02, 1.34888989e+03, 3.50520569e+02,
    1.24871130e+03, 3.74821198e+02, 1.26883362e+03, 3.74046600e+02,
    1.28897974e+03, 3.73188385e+02, 1.30878137e+03, 3.72376678e+02,
    1.32907458e+03, 3.71555481e+02, 1.34925037e+03, 3.70774261e+02,
    1.24925085e+03, 3.95048157e+02, 1.26941260e+03, 3.94183838e+02,
    1.28938269e+03, 3.93327423e+02, 1.30940186e+03, 3.92523041e+02,
    1.32943921e+03, 3.91628448e+02, 1.34960461e+03, 3.90850403e+02,
    1.24962622e+03, 4.15032562e+02, 1.26975623e+03, 4.14266754e+02,
    1.28988086e+03, 4.13427460e+02, 1.30996179e+03, 4.12616974e+02,
    1.32990747e+03, 4.11782867e+02, 1.35006372e+03, 4.10992432e+02,
    1.25026257e+03, 4.35178436e+02, 1.27040027e+03, 4.34372345e+02,
    1.29039673e+03, 4.33537994e+02, 1.31041699e+03, 4.32717010e+02,
    1.33035596e+03, 4.31823151e+02, 1.35044751e+03, 4.30861938e+02,
    1.25081274e+03, 4.55231079e+02, 1.27085144e+03, 4.54491608e+02,
    1.29091382e+03, 4.53686523e+02, 1.31087219e+03, 4.52785919e+02,
    1.33103149e+03, 4.51820160e+02, 1.35100342e+03, 4.51000885e+02,
    1.25135962e+03, 4.75428619e+02, 1.27134241e+03, 4.74500793e+02,
    1.29137988e+03, 4.73621918e+02, 1.31140381e+03, 4.72708313e+02,
    1.33147375e+03, 4.71898376e+02, 1.35153381e+03, 4.71112091e+02,
    1.25193140e+03, 4.95306580e+02, 1.27171838e+03, 4.94363373e+02,
    1.29169788e+03, 4.93537292e+02, 1.31168359e+03, 4.92626831e+02,
    1.33182812e+03, 4.91851471e+02, 1.35188025e+03, 4.91045349e+02 ]
