%YAML:1.0
---
points: [ 3.70891205e+02, 1.39258331e+02, 3.77755219e+02, 1.38749649e+02,
    3.84851440e+02, 1.38604828e+02, 3.91735809e+02, 1.38191971e+02,
    3.98714722e+02, 1.37810669e+02, 4.05665619e+02, 1.37625336e+02,
    3.71045197e+02, 1.46262100e+02, 3.78006653e+02, 1.45879150e+02,
    3.84950195e+02, 1.45677032e+02, 3.91803314e+02, 1.45266785e+02,
    3.98883270e+02, 1.44775940e+02, 4.05764618e+02, 1.44690094e+02,
    3.71251862e+02, 1.53420761e+02, 3.78188690e+02, 1.52852112e+02,
    3.85247101e+02, 1.52685776e+02, 3.92103149e+02, 1.52250793e+02,
    3.99105713e+02, 1.51847366e+02, 4.06008789e+02, 1.51670395e+02,
    3.71395447e+02, 1.60295502e+02, 3.78511932e+02, 1.59914276e+02,
    3.85380432e+02, 1.59683609e+02, 3.92390320e+02, 1.59311356e+02,
    3.99384216e+02, 1.58813538e+02, 4.06284027e+02, 1.58671280e+02,
    3.71698822e+02, 1.67416962e+02, 3.78682526e+02, 1.66880386e+02,
    3.85652161e+02, 1.66662109e+02, 3.92592896e+02, 1.66254471e+02,
    3.99596924e+02, 1.65839508e+02, 4.06515991e+02, 1.65660599e+02,
    3.71994812e+02, 1.74297836e+02, 3.79004059e+02, 1.73929672e+02,
    3.85891052e+02, 1.73660187e+02, 3.92834412e+02, 1.73289108e+02,
    3.99767761e+02, 1.72776154e+02, 4.06733154e+02, 1.72652298e+02,
    3.72255676e+02, 1.81417572e+02, 3.79175537e+02, 1.80858032e+02,
    3.86178253e+02, 1.80672134e+02, 3.92986877e+02, 1.80270020e+02,
    4.00004700e+02, 1.79816605e+02, 4.06860321e+02, 1.79648026e+02,
    3.72445160e+02, 1.88234802e+02, 3.79267242e+02, 1.87867081e+02,
    3.86373688e+02, 1.87604843e+02, 3.93242432e+02, 1.87197174e+02,
    4.00265381e+02, 1.86718628e+02, 4.07127319e+02, 1.86589920e+02 ]
