%YAML:1.0
---
points: [ 1.05646326e+03, 5.76152527e+02, 1.07264014e+03, 5.76481201e+02,
    1.08876721e+03, 5.76895813e+02, 1.10483118e+03, 5.77432495e+02,
    1.12088818e+03, 5.77793762e+02, 1.13712585e+03, 5.78274597e+02,
    1.05612244e+03, 5.92257751e+02, 1.07224817e+03, 5.92634460e+02,
    1.08834412e+03, 5.93014343e+02, 1.10452747e+03, 5.93462708e+02,
    1.12064856e+03, 5.93941528e+02, 1.13679517e+03, 5.94408813e+02,
    1.05564880e+03, 6.08290588e+02, 1.07174951e+03, 6.08665894e+02,
    1.08804260e+03, 6.09220703e+02, 1.10421436e+03, 6.09536865e+02,
    1.12034558e+03, 6.10062805e+02, 1.13655493e+03, 6.10610413e+02,
    1.05531006e+03, 6.24412476e+02, 1.07143616e+03, 6.24777588e+02,
    1.08766199e+03, 6.25314819e+02, 1.10373193e+03, 6.25734192e+02,
    1.11997595e+03, 6.26223267e+02, 1.13626733e+03, 6.26792236e+02,
    1.05486023e+03, 6.40561829e+02, 1.07118677e+03, 6.41083740e+02,
    1.08734094e+03, 6.41505859e+02, 1.10338916e+03, 6.41958679e+02,
    1.11962561e+03, 6.42513672e+02, 1.13584558e+03, 6.43034607e+02,
    1.05453796e+03, 6.56620117e+02, 1.07068738e+03, 6.57165955e+02,
    1.08689929e+03, 6.57695801e+02, 1.10311121e+03, 6.58208130e+02,
    1.11927991e+03, 6.58669495e+02, 1.13550757e+03, 6.59176331e+02,
    1.05429749e+03, 6.72816528e+02, 1.07038843e+03, 6.73341248e+02,
    1.08657544e+03, 6.73908203e+02, 1.10275269e+03, 6.74412659e+02,
    1.11891479e+03, 6.74885193e+02, 1.13527820e+03, 6.75408264e+02,
    1.05382996e+03, 6.89197083e+02, 1.07016858e+03, 6.89776062e+02,
    1.08637012e+03, 6.90298645e+02, 1.10244897e+03, 6.90749695e+02,
    1.11867664e+03, 6.91332092e+02, 1.13508130e+03, 6.91736450e+02 ]
