%YAML:1.0
---
points: [ 1.24854724e+03, 3.54609222e+02, 1.26869531e+03, 3.53800873e+02,
    1.28876379e+03, 3.52969482e+02, 1.30864001e+03, 3.52127655e+02,
    1.32878528e+03, 3.51337585e+02, 1.34899829e+03, 3.50533142e+02,
    1.24877026e+03, 3.74887970e+02, 1.26886267e+03, 3.74095337e+02,
    1.28894031e+03, 3.73246948e+02, 1.30879492e+03, 3.72401764e+02,
    1.32912207e+03, 3.71605103e+02, 1.34928210e+03, 3.70791565e+02,
    1.24927332e+03, 3.95065979e+02, 1.26939343e+03, 3.94268951e+02,
    1.28939941e+03, 3.93383636e+02, 1.30940723e+03, 3.92565735e+02,
    1.32945984e+03, 3.91677338e+02, 1.34962683e+03, 3.90966400e+02,
    1.24964844e+03, 4.15124451e+02, 1.26977832e+03, 4.14276825e+02,
    1.28989209e+03, 4.13478088e+02, 1.30993201e+03, 4.12637421e+02,
    1.32994763e+03, 4.11809052e+02, 1.35011951e+03, 4.10983276e+02,
    1.25025000e+03, 4.35197632e+02, 1.27041211e+03, 4.34422577e+02,
    1.29043640e+03, 4.33589325e+02, 1.31042139e+03, 4.32756042e+02,
    1.33040356e+03, 4.31874634e+02, 1.35045996e+03, 4.30871552e+02,
    1.25083301e+03, 4.55260742e+02, 1.27086914e+03, 4.54528625e+02,
    1.29090137e+03, 4.53680908e+02, 1.31087463e+03, 4.52822601e+02,
    1.33100293e+03, 4.51870087e+02, 1.35099109e+03, 4.51042389e+02,
    1.25137012e+03, 4.75446655e+02, 1.27136548e+03, 4.74578949e+02,
    1.29136206e+03, 4.73645844e+02, 1.31143652e+03, 4.72748810e+02,
    1.33145227e+03, 4.71874176e+02, 1.35151489e+03, 4.71128265e+02,
    1.25194556e+03, 4.95359802e+02, 1.27175146e+03, 4.94421326e+02,
    1.29170190e+03, 4.93537872e+02, 1.31167603e+03, 4.92635559e+02,
    1.33185864e+03, 4.91898621e+02, 1.35189575e+03, 4.91085419e+02 ]
