%YAML:1.0
---
points: [ 3.70894958e+02, 1.39269135e+02, 3.77796112e+02, 1.38777603e+02,
    3.84810211e+02, 1.38635345e+02, 3.91745209e+02, 1.38216156e+02,
    3.98722076e+02, 1.37802078e+02, 4.05662994e+02, 1.37640335e+02,
    3.70999939e+02, 1.46281265e+02, 3.77995026e+02, 1.45862686e+02,
    3.84952484e+02, 1.45692459e+02, 3.91777008e+02, 1.45262970e+02,
    3.98863586e+02, 1.44784698e+02, 4.05789307e+02, 1.44668396e+02,
    3.71245667e+02, 1.53418884e+02, 3.78200439e+02, 1.52864288e+02,
    3.85226105e+02, 1.52695374e+02, 3.92151001e+02, 1.52231583e+02,
    3.99077972e+02, 1.51848160e+02, 4.06009491e+02, 1.51700989e+02,
    3.71388428e+02, 1.60306885e+02, 3.78519653e+02, 1.59925873e+02,
    3.85438293e+02, 1.59688782e+02, 3.92401550e+02, 1.59332169e+02,
    3.99402191e+02, 1.58822983e+02, 4.06321777e+02, 1.58662582e+02,
    3.71693665e+02, 1.67481430e+02, 3.78758240e+02, 1.66879013e+02,
    3.85637146e+02, 1.66696213e+02, 3.92580872e+02, 1.66272186e+02,
    3.99575684e+02, 1.65847794e+02, 4.06530060e+02, 1.65667419e+02,
    3.71995361e+02, 1.74331223e+02, 3.79070984e+02, 1.73913452e+02,
    3.85808960e+02, 1.73679657e+02, 3.92865906e+02, 1.73307068e+02,
    3.99758606e+02, 1.72767242e+02, 4.06719055e+02, 1.72650330e+02,
    3.72251312e+02, 1.81408707e+02, 3.79197632e+02, 1.80871048e+02,
    3.86162689e+02, 1.80689651e+02, 3.93019623e+02, 1.80255447e+02,
    3.99967072e+02, 1.79861755e+02, 4.06863586e+02, 1.79672379e+02,
    3.72422791e+02, 1.88259094e+02, 3.79306824e+02, 1.87870880e+02,
    3.86448120e+02, 1.87615112e+02, 3.93266602e+02, 1.87225876e+02,
    4.00264221e+02, 1.86700119e+02, 4.07141632e+02, 1.86595047e+02 ]
