%YAML:1.0
---
points: [ 7.02876831e+02, 5.83778076e+02, 7.19568176e+02, 5.84304260e+02,
    7.36458130e+02, 5.84775757e+02, 7.53065247e+02, 5.85260620e+02,
    7.69569397e+02, 5.85764221e+02, 7.85968018e+02, 5.86269165e+02,
    7.02262695e+02, 5.99893066e+02, 7.19083313e+02, 6.00513062e+02,
    7.35681580e+02, 6.00839844e+02, 7.52500000e+02, 6.01309143e+02,
    7.69046082e+02, 6.01825562e+02, 7.85490723e+02, 6.02214661e+02,
    7.01585754e+02, 6.16311401e+02, 7.18375183e+02, 6.16764465e+02,
    7.35016907e+02, 6.17192993e+02, 7.51690979e+02, 6.17645813e+02,
    7.68385986e+02, 6.18020447e+02, 7.84803833e+02, 6.18475891e+02,
    7.00817505e+02, 6.32743591e+02, 7.17663147e+02, 6.33078491e+02,
    7.34387024e+02, 6.33491150e+02, 7.51090759e+02, 6.33717346e+02,
    7.67702881e+02, 6.34103027e+02, 7.84351196e+02, 6.34459595e+02,
    7.00310364e+02, 6.48915344e+02, 7.17148254e+02, 6.49328735e+02,
    7.33718140e+02, 6.49606812e+02, 7.50406494e+02, 6.49976440e+02,
    7.67034485e+02, 6.50301941e+02, 7.83573486e+02, 6.50608826e+02,
    6.99493408e+02, 6.65341370e+02, 7.16452148e+02, 6.65606262e+02,
    7.33225037e+02, 6.65852478e+02, 7.49734985e+02, 6.66095947e+02,
    7.66395386e+02, 6.66459473e+02, 7.82957092e+02, 6.66802368e+02,
    6.98723877e+02, 6.81626709e+02, 7.15716064e+02, 6.81711182e+02,
    7.32590393e+02, 6.82062134e+02, 7.49211121e+02, 6.82378296e+02,
    7.65725952e+02, 6.82743652e+02, 7.82359314e+02, 6.83047180e+02,
    6.98019226e+02, 6.97862671e+02, 7.14999390e+02, 6.98170410e+02,
    7.31878662e+02, 6.98398865e+02, 7.48519592e+02, 6.98717590e+02,
    7.65179688e+02, 6.99015137e+02, 7.81633545e+02, 6.99149475e+02 ]
