%YAML:1.0
---
points: [ 6.86602478e+02, 5.72567871e+02, 7.03549805e+02, 5.73076599e+02,
    7.20426941e+02, 5.73525879e+02, 7.37085815e+02, 5.74044312e+02,
    7.53670349e+02, 5.74397461e+02, 7.70155640e+02, 5.74828735e+02,
    6.85944580e+02, 5.88949829e+02, 7.02892090e+02, 5.89412598e+02,
    7.19703003e+02, 5.89856445e+02, 7.36450195e+02, 5.90283264e+02,
    7.53077881e+02, 5.90753845e+02, 7.69559814e+02, 5.91096252e+02,
    6.85444458e+02, 6.05526489e+02, 7.02275574e+02, 6.05856995e+02,
    7.19047974e+02, 6.06228027e+02, 7.35778809e+02, 6.06601196e+02,
    7.52543274e+02, 6.06900391e+02, 7.69073669e+02, 6.07381958e+02,
    6.84791382e+02, 6.22067383e+02, 7.01669617e+02, 6.22338074e+02,
    7.18432800e+02, 6.22615784e+02, 7.35098633e+02, 6.22838440e+02,
    7.51845520e+02, 6.23223511e+02, 7.68499084e+02, 6.23532837e+02,
    6.84125183e+02, 6.38499329e+02, 7.01043335e+02, 6.38739624e+02,
    7.17773926e+02, 6.39033813e+02, 7.34450256e+02, 6.39344543e+02,
    7.51216125e+02, 6.39613342e+02, 7.67864014e+02, 6.39780640e+02,
    6.83392578e+02, 6.54897095e+02, 7.00454407e+02, 6.55181458e+02,
    7.17259033e+02, 6.55440369e+02, 7.33836731e+02, 6.55603149e+02,
    7.50626465e+02, 6.55812500e+02, 7.67233398e+02, 6.56137390e+02,
    6.82556885e+02, 6.71430054e+02, 6.99675354e+02, 6.71595520e+02,
    7.16561768e+02, 6.71723206e+02, 7.33345398e+02, 6.71983887e+02,
    7.49975830e+02, 6.72221191e+02, 7.66564270e+02, 6.72436829e+02,
    6.81917786e+02, 6.88139893e+02, 6.98884094e+02, 6.88248535e+02,
    7.15885315e+02, 6.88394470e+02, 7.32672913e+02, 6.88587036e+02,
    7.49360352e+02, 6.88683533e+02, 7.66004822e+02, 6.88888611e+02 ]
