%YAML:1.0
---
points: [ 4.33878571e+02, 4.94293365e+02, 4.51715088e+02, 4.94911896e+02,
    4.69527466e+02, 4.95380890e+02, 4.86982391e+02, 4.95875275e+02,
    5.04529419e+02, 4.96370300e+02, 5.22153625e+02, 4.96803009e+02,
    4.33230011e+02, 5.11110016e+02, 4.50928162e+02, 5.11507263e+02,
    4.68725281e+02, 5.11987122e+02, 4.86250763e+02, 5.12385437e+02,
    5.03793152e+02, 5.12766724e+02, 5.21414673e+02, 5.13259399e+02,
    4.32425934e+02, 5.27730957e+02, 4.50191895e+02, 5.28198059e+02,
    4.68095428e+02, 5.28592285e+02, 4.85541077e+02, 5.28900269e+02,
    5.02981903e+02, 5.29278503e+02, 5.20640259e+02, 5.29672607e+02,
    4.31679749e+02, 5.44524719e+02, 4.49519562e+02, 5.44862610e+02,
    4.67249451e+02, 5.45290527e+02, 4.84983368e+02, 5.45566223e+02,
    5.02427673e+02, 5.45860413e+02, 5.20076599e+02, 5.46242981e+02,
    4.30976257e+02, 5.61197449e+02, 4.48741119e+02, 5.61505920e+02,
    4.66531891e+02, 5.61829346e+02, 4.84252625e+02, 5.62214600e+02,
    5.01795074e+02, 5.62505554e+02, 5.19214233e+02, 5.62781250e+02,
    4.30163879e+02, 5.77847229e+02, 4.48167908e+02, 5.78209595e+02,
    4.65746582e+02, 5.78505371e+02, 4.83530182e+02, 5.78906738e+02,
    5.01155792e+02, 5.79247131e+02, 5.18636902e+02, 5.79511108e+02,
    4.29243134e+02, 5.94704712e+02, 4.47344452e+02, 5.95030884e+02,
    4.65154663e+02, 5.95332031e+02, 4.82556519e+02, 5.95600098e+02,
    5.00428925e+02, 5.95908752e+02, 5.17879456e+02, 5.96206238e+02,
    4.28419128e+02, 6.11611816e+02, 4.46291595e+02, 6.11843323e+02,
    4.64235626e+02, 6.12162415e+02, 4.81741852e+02, 6.12397583e+02,
    4.99405762e+02, 6.12568848e+02, 5.17104858e+02, 6.12794250e+02 ]
