%YAML:1.0
---
points: [ 6.20897217e+02, 5.87196106e+02, 6.36844482e+02, 5.87349121e+02,
    6.52942871e+02, 5.87559875e+02, 6.68744934e+02, 5.87717712e+02,
    6.84845215e+02, 5.87894836e+02, 7.00662537e+02, 5.88247620e+02,
    6.20060730e+02, 6.03077271e+02, 6.36288208e+02, 6.03282715e+02,
    6.52157532e+02, 6.03453247e+02, 6.68184998e+02, 6.03671692e+02,
    6.84156128e+02, 6.03883972e+02, 7.00118042e+02, 6.04181458e+02,
    6.19506348e+02, 6.19142883e+02, 6.35482117e+02, 6.19364136e+02,
    6.51610229e+02, 6.19463562e+02, 6.67433716e+02, 6.19646912e+02,
    6.83506775e+02, 6.19860840e+02, 6.99452332e+02, 6.20220642e+02,
    6.18751465e+02, 6.35058716e+02, 6.34917786e+02, 6.35246155e+02,
    6.50844238e+02, 6.35458557e+02, 6.66812805e+02, 6.35695557e+02,
    6.82849976e+02, 6.35926086e+02, 6.98919434e+02, 6.36238892e+02,
    6.18200378e+02, 6.51154358e+02, 6.34276733e+02, 6.51325256e+02,
    6.50285767e+02, 6.51525940e+02, 6.66270386e+02, 6.51673645e+02,
    6.82285461e+02, 6.51995972e+02, 6.98328918e+02, 6.52252319e+02,
    6.17582214e+02, 6.67213135e+02, 6.33638184e+02, 6.67388733e+02,
    6.49747314e+02, 6.67615356e+02, 6.65627441e+02, 6.67870667e+02,
    6.81801086e+02, 6.68126709e+02, 6.97760925e+02, 6.68363831e+02,
    6.16915527e+02, 6.83237549e+02, 6.33091736e+02, 6.83467712e+02,
    6.49048706e+02, 6.83699097e+02, 6.65187805e+02, 6.83895020e+02,
    6.81157288e+02, 6.84302124e+02, 6.97236328e+02, 6.84552429e+02,
    6.16244934e+02, 6.99456543e+02, 6.32227905e+02, 6.99714600e+02,
    6.48346741e+02, 7.00002686e+02, 6.64251526e+02, 7.00321838e+02,
    6.80401550e+02, 7.00459961e+02, 6.96443970e+02, 7.00791809e+02 ]
