%YAML:1.0
---
depthShift: -4.0850127758332661e+01
