%YAML:1.0
---
cameraMatrix: !!opencv-matrix
   rows: 3
   cols: 3
   dt: d
   data: [ 7.0875157048509504e+02, 0., 2.6870035933948355e+02, 0.,
       7.1096414262651683e+02, 2.1144120086878655e+02, 0., 0., 1. ]
distortionCoefficients: !!opencv-matrix
   rows: 1
   cols: 5
   dt: d
   data: [ 5.2382693400104718e-01, -4.9506624884392822e+00,
       -6.7310543841608787e-03, -8.9171542277115805e-03,
       8.6506034861946404e+00 ]
rotation: !!opencv-matrix
   rows: 3
   cols: 3
   dt: d
   data: [ 1., 0., 0., 0., 1., 0., 0., 0., 1. ]
projection: !!opencv-matrix
   rows: 4
   cols: 4
   dt: d
   data: [ 7.0875157048509504e+02, 0., 2.6870035933948355e+02, 0., 0.,
       7.1096414262651683e+02, 2.1144120086878655e+02, 0., 0., 0., 1.,
       0., 0., 0., 0., 1. ]
