%YAML:1.0
---
rotation: !!opencv-matrix
   rows: 3
   cols: 3
   dt: d
   data: [ 9.9742539810118258e-01, -9.0892164915336218e-03,
       7.1133405417338036e-02, 9.5366536624585472e-03,
       9.9993680490704062e-01, -5.9530184966385203e-03,
       -7.1074801861276127e-02, 6.6160664952097945e-03,
       9.9744904642017240e-01 ]
translation: !!opencv-matrix
   rows: 3
   cols: 1
   dt: d
   data: [ -1.2392636469578049e-01, 1.4656804055086278e-02,
       -6.0889434681653454e-01 ]
essential: !!opencv-matrix
   rows: 3
   cols: 3
   dt: d
   data: [ 4.7650850584834026e-03, 6.0895283807192069e-01,
       1.0994655919215664e-02, -6.1613472809118230e-01,
       6.3542776080233419e-03, 8.0297505863698992e-02,
       -1.5800911439286646e-02, -1.2378531429251276e-01,
       -3.0485244371778429e-04 ]
fundamental: !!opencv-matrix
   rows: 3
   cols: 3
   dt: d
   data: [ 1.6452438836104592e-07, 2.0959920110335949e-05,
       -4.2069470106997978e-03, -2.1308784505881644e-05,
       2.1907635687596271e-07, 7.6476009338342383e-03,
       1.0863395372323850e-02, -2.4868059837076403e-02, 1. ]
