%YAML:1.0
---
cameraMatrix: !!opencv-matrix
   rows: 3
   cols: 3
   dt: d
   data: [ 1.0991664534396841e+03, 0., 9.5732393707515860e+02, 0.,
       1.0973372038207328e+03, 5.4534122832404853e+02, 0., 0., 1. ]
distortionCoefficients: !!opencv-matrix
   rows: 1
   cols: 5
   dt: d
   data: [ 7.0942287456120662e-02, -5.8999660773425569e-02,
       8.3559218241679534e-04, 2.8200517265895093e-04,
       1.8721838037671485e-02 ]
rotation: !!opencv-matrix
   rows: 3
   cols: 3
   dt: d
   data: [ 1., 0., 0., 0., 1., 0., 0., 0., 1. ]
projection: !!opencv-matrix
   rows: 4
   cols: 4
   dt: d
   data: [ 1.0991664534396841e+03, 0., 9.5732393707515860e+02, 0., 0.,
       1.0973372038207328e+03, 5.4534122832404853e+02, 0., 0., 0., 1.,
       0., 0., 0., 0., 1. ]
