%YAML:1.0
---
points: [ 9.99806641e+02, 6.09445251e+02, 1.02399152e+03, 6.09557190e+02,
    1.04836487e+03, 6.09924988e+02, 1.07258337e+03, 6.10232910e+02,
    1.09702429e+03, 6.10570435e+02, 1.12163416e+03, 6.10836487e+02,
    9.99336304e+02, 6.33166199e+02, 1.02357458e+03, 6.33465271e+02,
    1.04820142e+03, 6.33662903e+02, 1.07259656e+03, 6.33981445e+02,
    1.09722266e+03, 6.34430847e+02, 1.12198120e+03, 6.34639587e+02,
    9.98834412e+02, 6.56986389e+02, 1.02333972e+03, 6.57430786e+02,
    1.04795740e+03, 6.57822571e+02, 1.07254846e+03, 6.58254700e+02,
    1.09738599e+03, 6.58588623e+02, 1.12239270e+03, 6.59011230e+02,
    9.98230774e+02, 6.81477600e+02, 1.02292377e+03, 6.81753723e+02,
    1.04777930e+03, 6.82301514e+02, 1.07254736e+03, 6.82561890e+02,
    1.09746057e+03, 6.83136658e+02, 1.12258069e+03, 6.83459961e+02,
    9.97637878e+02, 7.06154114e+02, 1.02258337e+03, 7.06591431e+02,
    1.04759839e+03, 7.07035889e+02, 1.07256592e+03, 7.07520203e+02,
    1.09763013e+03, 7.07983765e+02, 1.12299756e+03, 7.08494080e+02,
    9.97358765e+02, 7.30801941e+02, 1.02239246e+03, 7.31514771e+02,
    1.04752185e+03, 7.32191956e+02, 1.07256580e+03, 7.32668030e+02,
    1.09784656e+03, 7.33276062e+02, 1.12339587e+03, 7.33729431e+02,
    9.96662537e+02, 7.56088196e+02, 1.02193683e+03, 7.56646179e+02,
    1.04734448e+03, 7.57356384e+02, 1.07263782e+03, 7.58009521e+02,
    1.09813525e+03, 7.58782104e+02, 1.12369043e+03, 7.59426575e+02,
    9.96327515e+02, 7.81739075e+02, 1.02154730e+03, 7.82476379e+02,
    1.04711780e+03, 7.83084045e+02, 1.07258521e+03, 7.83889343e+02,
    1.09831458e+03, 7.84684204e+02, 1.12421619e+03, 7.85509888e+02 ]
