%YAML:1.0
---
points: [ 1.63530380e+02, 1.24957016e+02, 2.38194321e+02, 1.27286209e+02,
    3.12596130e+02, 1.29516159e+02, 3.86738922e+02, 1.32102936e+02,
    4.61235748e+02, 1.34778961e+02, 5.35171997e+02, 1.37656189e+02,
    1.60697937e+02, 1.97695648e+02, 2.35576660e+02, 1.99848190e+02,
    3.10340057e+02, 2.02221680e+02, 3.84867645e+02, 2.04516891e+02,
    4.59451904e+02, 2.07314102e+02, 5.33536926e+02, 2.09857925e+02,
    1.58591690e+02, 2.70951324e+02, 2.33507706e+02, 2.72951477e+02,
    3.08269012e+02, 2.75302521e+02, 3.82765472e+02, 2.77429657e+02,
    4.57411194e+02, 2.79882599e+02, 5.31767090e+02, 2.82341156e+02,
    1.56438629e+02, 3.44462982e+02, 2.31604721e+02, 3.46280945e+02,
    3.06598907e+02, 3.48419098e+02, 3.81316406e+02, 3.50455750e+02,
    4.55996857e+02, 3.52615997e+02, 5.30392456e+02, 3.54951080e+02,
    1.54584122e+02, 4.17917572e+02, 2.29702454e+02, 4.19587372e+02,
    3.04770966e+02, 4.21517181e+02, 3.79621399e+02, 4.23473358e+02,
    4.54376373e+02, 4.25316620e+02, 5.28780457e+02, 4.27468933e+02,
    1.52388794e+02, 4.91068604e+02, 2.27839767e+02, 4.92699677e+02,
    3.03081573e+02, 4.94481476e+02, 3.78014832e+02, 4.96366516e+02,
    4.52905609e+02, 4.97962799e+02, 5.27351929e+02, 4.99721741e+02,
    1.49916794e+02, 5.64396423e+02, 2.25478821e+02, 5.65860107e+02,
    3.00766602e+02, 5.67495361e+02, 3.75612183e+02, 5.69226746e+02,
    4.50434479e+02, 5.70675720e+02, 5.24861267e+02, 5.72207642e+02,
    1.47238113e+02, 6.38074585e+02, 2.22227814e+02, 6.39685791e+02,
    2.97314087e+02, 6.41059448e+02, 3.72117004e+02, 6.42547058e+02,
    4.46979492e+02, 6.43890747e+02, 5.21907471e+02, 6.45122131e+02 ]
