%YAML:1.0
---
points: [ 4.43222656e+02, 2.43029800e+02, 4.50216980e+02, 2.38469421e+02,
    4.57242554e+02, 2.34248627e+02, 4.64198273e+02, 2.29691345e+02,
    4.71014282e+02, 2.25386658e+02, 4.77766846e+02, 2.20944641e+02,
    4.47214905e+02, 2.49831955e+02, 4.54280457e+02, 2.45512238e+02,
    4.61229980e+02, 2.41087189e+02, 4.68155884e+02, 2.36673920e+02,
    4.74969788e+02, 2.32243393e+02, 4.81726257e+02, 2.27929749e+02,
    4.51410828e+02, 2.56917114e+02, 4.58325531e+02, 2.52359772e+02,
    4.65280731e+02, 2.48069534e+02, 4.72094727e+02, 2.43468384e+02,
    4.79017761e+02, 2.39261154e+02, 4.85584320e+02, 2.34535492e+02,
    4.55357971e+02, 2.63623016e+02, 4.62528748e+02, 2.59375641e+02,
    4.69308594e+02, 2.54979919e+02, 4.76250641e+02, 2.50573929e+02,
    4.82962921e+02, 2.46123764e+02, 4.89593262e+02, 2.41770554e+02,
    4.59726227e+02, 2.70789886e+02, 4.66534515e+02, 2.66281525e+02,
    4.73397491e+02, 2.61986969e+02, 4.80234009e+02, 2.57447113e+02,
    4.86939819e+02, 2.53134903e+02, 4.93370605e+02, 2.48393280e+02,
    4.63884003e+02, 2.77738129e+02, 4.70633423e+02, 2.73311829e+02,
    4.77364716e+02, 2.68762024e+02, 4.84180084e+02, 2.64402802e+02,
    4.90618927e+02, 2.59824677e+02, 4.97402649e+02, 2.55450729e+02,
    4.67761566e+02, 2.84431976e+02, 4.74420685e+02, 2.80093475e+02,
    4.81345703e+02, 2.75583862e+02, 4.87837189e+02, 2.71065857e+02,
    4.94644745e+02, 2.66843384e+02, 5.01063873e+02, 2.62227661e+02,
    4.71490021e+02, 2.91198822e+02, 4.78456696e+02, 2.86801849e+02,
    4.84982941e+02, 2.82267792e+02, 4.91715454e+02, 2.77877350e+02,
    4.98144073e+02, 2.73309326e+02, 5.04926819e+02, 2.69158051e+02 ]
