%YAML:1.0
---
points: [ 6.52409241e+02, 1.48066772e+02, 7.25178833e+02, 1.50543762e+02,
    7.97391663e+02, 1.53137527e+02, 8.69012634e+02, 1.55468521e+02,
    9.40488037e+02, 1.57755035e+02, 1.01181982e+03, 1.59949066e+02,
    6.50899597e+02, 2.19742813e+02, 7.23715210e+02, 2.22254898e+02,
    7.95977600e+02, 2.24459824e+02, 8.67547729e+02, 2.26664017e+02,
    9.39077698e+02, 2.28761658e+02, 1.01050024e+03, 2.30799042e+02,
    6.49525635e+02, 2.91840546e+02, 7.22412048e+02, 2.93921356e+02,
    7.94516968e+02, 2.96013672e+02, 8.66076233e+02, 2.97877502e+02,
    9.37652771e+02, 2.99766907e+02, 1.00891895e+03, 3.01790558e+02,
    6.48247253e+02, 3.63784363e+02, 7.20954041e+02, 3.65731079e+02,
    7.92965576e+02, 3.67466492e+02, 8.64605896e+02, 3.69354431e+02,
    9.36199463e+02, 3.71068939e+02, 1.00746515e+03, 3.72746674e+02,
    6.46673950e+02, 4.35531281e+02, 7.19372986e+02, 4.37323334e+02,
    7.91464783e+02, 4.38930023e+02, 8.63141541e+02, 4.40482666e+02,
    9.34541199e+02, 4.42096832e+02, 1.00607288e+03, 4.43845642e+02,
    6.44898560e+02, 5.07277008e+02, 7.17737305e+02, 5.08655090e+02,
    7.90027222e+02, 5.10214661e+02, 8.61518921e+02, 5.11782745e+02,
    9.33165649e+02, 5.13269775e+02, 1.00462262e+03, 5.14723633e+02,
    6.43205322e+02, 5.78781921e+02, 7.16096680e+02, 5.80206116e+02,
    7.88206238e+02, 5.81588013e+02, 8.60016052e+02, 5.82873169e+02,
    9.31697021e+02, 5.84504517e+02, 1.00320935e+03, 5.85971375e+02,
    6.40801880e+02, 6.50867065e+02, 7.13735901e+02, 6.52216614e+02,
    7.86213745e+02, 6.53587646e+02, 8.58257996e+02, 6.54830811e+02,
    9.30071045e+02, 6.56242981e+02, 1.00192133e+03, 6.57598877e+02 ]
