%YAML:1.0
---
points: [ 1.98720184e+02, 2.19241943e+02, 2.15616837e+02, 2.19945221e+02,
    2.32430084e+02, 2.20632095e+02, 2.49116684e+02, 2.21185089e+02,
    2.65807404e+02, 2.21873749e+02, 2.82445343e+02, 2.22439590e+02,
    1.98123016e+02, 2.35965179e+02, 2.15151230e+02, 2.36503906e+02,
    2.31734573e+02, 2.37122589e+02, 2.48409897e+02, 2.37727402e+02,
    2.65044586e+02, 2.38260895e+02, 2.81664001e+02, 2.38913895e+02,
    1.97597473e+02, 2.52470871e+02, 2.14447037e+02, 2.53031204e+02,
    2.31218872e+02, 2.53611862e+02, 2.47713089e+02, 2.54132629e+02,
    2.64273071e+02, 2.54747314e+02, 2.80885742e+02, 2.55331055e+02,
    1.97101883e+02, 2.68879883e+02, 2.13839767e+02, 2.69405792e+02,
    2.30504471e+02, 2.69922180e+02, 2.47066605e+02, 2.70495178e+02,
    2.63621674e+02, 2.71021027e+02, 2.80121979e+02, 2.71624603e+02,
    1.96423523e+02, 2.85252502e+02, 2.13254501e+02, 2.85727875e+02,
    2.29826691e+02, 2.86217499e+02, 2.46314926e+02, 2.86730438e+02,
    2.62866333e+02, 2.87273865e+02, 2.79328522e+02, 2.87796143e+02,
    1.95953583e+02, 3.01520081e+02, 2.12574173e+02, 3.01948395e+02,
    2.29194809e+02, 3.02390625e+02, 2.45664978e+02, 3.02865356e+02,
    2.62116913e+02, 3.03415070e+02, 2.78552032e+02, 3.03945557e+02,
    1.95379654e+02, 3.17623627e+02, 2.12013687e+02, 3.18095001e+02,
    2.28589767e+02, 3.18619873e+02, 2.44982590e+02, 3.19021393e+02,
    2.61441833e+02, 3.19551727e+02, 2.77816132e+02, 3.20046661e+02,
    1.94731018e+02, 3.33826416e+02, 2.11367172e+02, 3.34322693e+02,
    2.27866425e+02, 3.34853088e+02, 2.44309265e+02, 3.35330872e+02,
    2.60708099e+02, 3.35904022e+02, 2.77146301e+02, 3.36336609e+02 ]
