%YAML:1.0
---
points: [ 1.05645764e+03, 6.19336426e+02, 1.07581860e+03, 6.06747009e+02,
    1.09506116e+03, 5.94209717e+02, 1.11418213e+03, 5.81686829e+02,
    1.13332166e+03, 5.69309082e+02, 1.15232434e+03, 5.56717346e+02,
    1.06846924e+03, 6.38482849e+02, 1.08766736e+03, 6.25881775e+02,
    1.10690845e+03, 6.13458679e+02, 1.12597180e+03, 6.00880920e+02,
    1.14500244e+03, 5.88534363e+02, 1.16414722e+03, 5.75927612e+02,
    1.08047327e+03, 6.57597168e+02, 1.09964380e+03, 6.45075073e+02,
    1.11877417e+03, 6.32531860e+02, 1.13782971e+03, 6.20068359e+02,
    1.15683545e+03, 6.07608948e+02, 1.17591602e+03, 5.95185791e+02,
    1.09257068e+03, 6.76690857e+02, 1.11168665e+03, 6.64204468e+02,
    1.13073572e+03, 6.51598450e+02, 1.14966028e+03, 6.39194580e+02,
    1.16863965e+03, 6.26613953e+02, 1.18756799e+03, 6.14211548e+02,
    1.10453442e+03, 6.95828613e+02, 1.12361169e+03, 6.83297485e+02,
    1.14260950e+03, 6.70640137e+02, 1.16163745e+03, 6.58208923e+02,
    1.18046533e+03, 6.45672546e+02, 1.19947620e+03, 6.33260986e+02,
    1.11661121e+03, 7.14901245e+02, 1.13562488e+03, 7.02271912e+02,
    1.15462109e+03, 6.89673340e+02, 1.17342175e+03, 6.77167053e+02,
    1.19235181e+03, 6.64737793e+02, 1.21126184e+03, 6.52223511e+02,
    1.12844885e+03, 7.33834534e+02, 1.14750586e+03, 7.21196289e+02,
    1.16638965e+03, 7.08651672e+02, 1.18534155e+03, 6.96175598e+02,
    1.20411096e+03, 6.83672485e+02, 1.22297888e+03, 6.71255981e+02,
    1.14044971e+03, 7.52710693e+02, 1.15937158e+03, 7.40077087e+02,
    1.17830859e+03, 7.27507874e+02, 1.19703149e+03, 7.15060669e+02,
    1.21579602e+03, 7.02556885e+02, 1.23466663e+03, 6.90173035e+02 ]
