%YAML:1.0
---
points: [ 1.08870605e+03, 5.29894775e+02, 1.10843872e+03, 5.17473572e+02,
    1.12772400e+03, 5.04920135e+02, 1.14713599e+03, 4.92587891e+02,
    1.16653149e+03, 4.80289764e+02, 1.18584412e+03, 4.67830078e+02,
    1.10077539e+03, 5.49443359e+02, 1.12022729e+03, 5.36959045e+02,
    1.13964624e+03, 5.24598816e+02, 1.15905603e+03, 5.12247314e+02,
    1.17833032e+03, 4.99822571e+02, 1.19763977e+03, 4.87420959e+02,
    1.11273010e+03, 5.68918701e+02, 1.13223523e+03, 5.56416809e+02,
    1.15152417e+03, 5.44013977e+02, 1.17079199e+03, 5.31618164e+02,
    1.19011890e+03, 5.19272888e+02, 1.20949951e+03, 5.06801331e+02,
    1.12478711e+03, 5.88352722e+02, 1.14426746e+03, 5.75761597e+02,
    1.16351282e+03, 5.63418884e+02, 1.18274609e+03, 5.51026123e+02,
    1.20203625e+03, 5.38614258e+02, 1.22130603e+03, 5.26275757e+02,
    1.13680444e+03, 6.07579041e+02, 1.15624878e+03, 5.95275330e+02,
    1.17542871e+03, 5.82714233e+02, 1.19463770e+03, 5.70439209e+02,
    1.21377197e+03, 5.57989990e+02, 1.23318042e+03, 5.45628967e+02,
    1.14892358e+03, 6.26941895e+02, 1.16811780e+03, 6.14521423e+02,
    1.18744751e+03, 6.02077820e+02, 1.20653064e+03, 5.89712524e+02,
    1.22573560e+03, 5.77357788e+02, 1.24493152e+03, 5.65029419e+02,
    1.16069922e+03, 6.46283325e+02, 1.17999670e+03, 6.33737305e+02,
    1.19921570e+03, 6.21376648e+02, 1.21839160e+03, 6.08955078e+02,
    1.23756641e+03, 5.96641052e+02, 1.25683838e+03, 5.84299255e+02,
    1.17264954e+03, 6.65463257e+02, 1.19179431e+03, 6.52957153e+02,
    1.21108582e+03, 6.40551453e+02, 1.23023889e+03, 6.28149536e+02,
    1.24940894e+03, 6.15799500e+02, 1.26848950e+03, 6.03444214e+02 ]
