%YAML:1.0
---
points: [ 3.89965820e+02, 6.59074554e+01, 4.06458771e+02, 6.53065186e+01,
    4.22655396e+02, 6.47998047e+01, 4.38732727e+02, 6.45817413e+01,
    4.54287048e+02, 6.45205383e+01, 4.69759094e+02, 6.42313309e+01,
    3.90296112e+02, 8.28223877e+01, 4.06734833e+02, 8.22791901e+01,
    4.23017609e+02, 8.16146011e+01, 4.39089417e+02, 8.13300247e+01,
    4.54878418e+02, 8.07545471e+01, 4.70329956e+02, 8.08224945e+01,
    3.90499512e+02, 9.98941498e+01, 4.06728882e+02, 9.90938110e+01,
    4.23282928e+02, 9.86353531e+01, 4.39450989e+02, 9.78830414e+01,
    4.55325134e+02, 9.76085205e+01, 4.70843994e+02, 9.71014328e+01,
    3.90686676e+02, 1.16734039e+02, 4.07194763e+02, 1.16003220e+02,
    4.23422760e+02, 1.15266663e+02, 4.39551147e+02, 1.14748466e+02,
    4.55514374e+02, 1.14055344e+02, 4.70969971e+02, 1.13823692e+02,
    3.90895630e+02, 1.33566345e+02, 4.07369537e+02, 1.32660049e+02,
    4.23669189e+02, 1.31935333e+02, 4.39668488e+02, 1.31244034e+02,
    4.55652222e+02, 1.30687836e+02, 4.71195251e+02, 1.30016327e+02,
    3.91086884e+02, 1.50065460e+02, 4.07411133e+02, 1.49273422e+02,
    4.23757874e+02, 1.48519455e+02, 4.39766785e+02, 1.47783768e+02,
    4.55663422e+02, 1.46969452e+02, 4.71323578e+02, 1.46638031e+02,
    3.91229523e+02, 1.66443436e+02, 4.07493011e+02, 1.65573242e+02,
    4.23806732e+02, 1.64805130e+02, 4.39892609e+02, 1.63964783e+02,
    4.55775299e+02, 1.63552261e+02, 4.71533569e+02, 1.62692871e+02,
    3.91453644e+02, 1.82578369e+02, 4.07884583e+02, 1.81869293e+02,
    4.24099243e+02, 1.81078339e+02, 4.40123657e+02, 1.80506836e+02,
    4.56087585e+02, 1.79603394e+02, 4.71694305e+02, 1.79075439e+02 ]
