%YAML:1.0
---
points: [ 3.04115631e+02, 1.57861725e+02, 3.10761688e+02, 1.53426926e+02,
    3.17468750e+02, 1.48998978e+02, 3.24105225e+02, 1.44714951e+02,
    3.30748779e+02, 1.40230087e+02, 3.37443848e+02, 1.36018936e+02,
    3.08125763e+02, 1.64622833e+02, 3.14929749e+02, 1.60255402e+02,
    3.21645844e+02, 1.55890869e+02, 3.28215546e+02, 1.51490021e+02,
    3.34891998e+02, 1.47151794e+02, 3.41491547e+02, 1.42797806e+02,
    3.12546509e+02, 1.71445389e+02, 3.19075439e+02, 1.67085342e+02,
    3.25799164e+02, 1.62654144e+02, 3.32431610e+02, 1.58336716e+02,
    3.39098389e+02, 1.53941895e+02, 3.45693054e+02, 1.49509949e+02,
    3.16673065e+02, 1.78233688e+02, 3.23331024e+02, 1.73913940e+02,
    3.29955475e+02, 1.69427139e+02, 3.36593689e+02, 1.65114761e+02,
    3.43202759e+02, 1.60735046e+02, 3.49796539e+02, 1.56384689e+02,
    3.20961304e+02, 1.85001709e+02, 3.27550415e+02, 1.80624405e+02,
    3.34198761e+02, 1.76223633e+02, 3.40753662e+02, 1.71908188e+02,
    3.47367950e+02, 1.67444794e+02, 3.53983765e+02, 1.63130173e+02,
    3.25086700e+02, 1.91678543e+02, 3.31719910e+02, 1.87403198e+02,
    3.38349792e+02, 1.82977905e+02, 3.44896240e+02, 1.78539734e+02,
    3.51541504e+02, 1.74232483e+02, 3.58033234e+02, 1.69850159e+02,
    3.29395264e+02, 1.98467056e+02, 3.35837189e+02, 1.93981308e+02,
    3.42601440e+02, 1.89661926e+02, 3.49025391e+02, 1.85336395e+02,
    3.55662476e+02, 1.80993011e+02, 3.62157410e+02, 1.76544434e+02,
    3.33535706e+02, 2.04978836e+02, 3.40044525e+02, 2.00623154e+02,
    3.46679871e+02, 1.96209229e+02, 3.53182526e+02, 1.91966980e+02,
    3.59720306e+02, 1.87463806e+02, 3.66180664e+02, 1.83328476e+02 ]
