%YAML:1.0
---
points: [ 7.86121704e+02, 5.70693909e+02, 8.35266418e+02, 5.69369507e+02,
    8.84208984e+02, 5.67705627e+02, 9.32608826e+02, 5.66415344e+02,
    9.81127991e+02, 5.65076538e+02, 1.02930896e+03, 5.63694641e+02,
    7.86493469e+02, 6.19390930e+02, 8.36216003e+02, 6.17820984e+02,
    8.85401123e+02, 6.16364807e+02, 9.34252502e+02, 6.14600952e+02,
    9.82902405e+02, 6.13212769e+02, 1.03159778e+03, 6.11680176e+02,
    7.87035889e+02, 6.69048096e+02, 8.37024963e+02, 6.67194641e+02,
    8.86517456e+02, 6.65513794e+02, 9.35807617e+02, 6.63796082e+02,
    9.84954895e+02, 6.62043945e+02, 1.03373450e+03, 6.60494324e+02,
    7.87533691e+02, 7.19004028e+02, 8.37873413e+02, 7.17297791e+02,
    8.87666260e+02, 7.15387207e+02, 9.37461243e+02, 7.13525146e+02,
    9.86743896e+02, 7.11888184e+02, 1.03618005e+03, 7.09981445e+02,
    7.87932556e+02, 7.70287354e+02, 8.38596069e+02, 7.68103699e+02,
    8.89027771e+02, 7.66136292e+02, 9.38893311e+02, 7.64195007e+02,
    9.88865906e+02, 7.62110352e+02, 1.03835498e+03, 7.60296570e+02,
    7.88378967e+02, 8.21954651e+02, 8.39513184e+02, 8.19616150e+02,
    8.90389709e+02, 8.17515259e+02, 9.40483276e+02, 8.15217102e+02,
    9.90670105e+02, 8.13291077e+02, 1.04071179e+03, 8.11345947e+02,
    7.88843140e+02, 8.74645996e+02, 8.40331909e+02, 8.71993042e+02,
    8.91491577e+02, 8.69877136e+02, 9.42320068e+02, 8.67556458e+02,
    9.92729187e+02, 8.65353088e+02, 1.04335583e+03, 8.63316711e+02,
    7.89153320e+02, 9.28527649e+02, 8.41043762e+02, 9.25882690e+02,
    8.92572205e+02, 9.23544250e+02, 9.43912537e+02, 9.21147766e+02,
    9.95095154e+02, 9.18796753e+02, 1.04588672e+03, 9.16702148e+02 ]
