%YAML:1.0
---
points: [ 8.12924744e+02, 4.01759338e+02, 8.33925354e+02, 3.88650208e+02,
    8.54796875e+02, 3.75701813e+02, 8.75519409e+02, 3.62943237e+02,
    8.96230652e+02, 3.50264099e+02, 9.16653564e+02, 3.37496063e+02,
    8.26526794e+02, 4.22429352e+02, 8.47431274e+02, 4.09332947e+02,
    8.68314758e+02, 3.96376373e+02, 8.88865173e+02, 3.83471802e+02,
    9.09495361e+02, 3.70592377e+02, 9.29938293e+02, 3.57753052e+02,
    8.39935181e+02, 4.43037628e+02, 8.60799866e+02, 4.29868805e+02,
    8.81632507e+02, 4.16752014e+02, 9.02286621e+02, 4.03812592e+02,
    9.22825134e+02, 3.90810547e+02, 9.43371094e+02, 3.78032837e+02,
    8.53516174e+02, 4.63515045e+02, 8.74440247e+02, 4.50297180e+02,
    8.95271606e+02, 4.37127930e+02, 9.15670898e+02, 4.24162872e+02,
    9.36336670e+02, 4.11064728e+02, 9.56614624e+02, 3.98227020e+02,
    8.67007080e+02, 4.84173553e+02, 8.87922058e+02, 4.70795624e+02,
    9.08555664e+02, 4.57553436e+02, 9.29236694e+02, 4.44548950e+02,
    9.49653931e+02, 4.31443176e+02, 9.70183411e+02, 4.18438721e+02,
    8.80549988e+02, 5.04723816e+02, 9.01440247e+02, 4.91416016e+02,
    9.22199341e+02, 4.78159088e+02, 9.42673584e+02, 4.64908844e+02,
    9.63247131e+02, 4.51774658e+02, 9.83549683e+02, 4.38653290e+02,
    8.94210693e+02, 5.25508728e+02, 9.15056335e+02, 5.12077454e+02,
    9.35602234e+02, 4.98659302e+02, 9.56300293e+02, 4.85423157e+02,
    9.76640503e+02, 4.72270782e+02, 9.97150574e+02, 4.59077148e+02,
    9.07729736e+02, 5.46348145e+02, 9.28570801e+02, 5.32686279e+02,
    9.49279358e+02, 5.19298035e+02, 9.69725403e+02, 5.05865417e+02,
    9.90266418e+02, 4.92599579e+02, 1.01055371e+03, 4.79369080e+02 ]
