%YAML:1.0
---
points: [ 3.97171722e+02, 1.06122490e+02, 4.13918640e+02, 1.05700584e+02,
    4.30472931e+02, 1.05355225e+02, 4.46771454e+02, 1.05069382e+02,
    4.62856018e+02, 1.04908585e+02, 4.78658752e+02, 1.04750351e+02,
    3.97052582e+02, 1.23087883e+02, 4.13714355e+02, 1.22653725e+02,
    4.30373749e+02, 1.22272392e+02, 4.46635559e+02, 1.21927277e+02,
    4.62797394e+02, 1.21636467e+02, 4.78554626e+02, 1.21770805e+02,
    3.96764404e+02, 1.40026535e+02, 4.13398743e+02, 1.39573273e+02,
    4.29982635e+02, 1.39129364e+02, 4.46408356e+02, 1.38671448e+02,
    4.62610413e+02, 1.38555527e+02, 4.78561615e+02, 1.38195023e+02,
    3.96497772e+02, 1.56635727e+02, 4.13151855e+02, 1.56223831e+02,
    4.29662628e+02, 1.55702072e+02, 4.45987000e+02, 1.55495560e+02,
    4.62129425e+02, 1.54959595e+02, 4.77956573e+02, 1.54800354e+02,
    3.96223694e+02, 1.73325180e+02, 4.12797272e+02, 1.72768021e+02,
    4.29363434e+02, 1.72359924e+02, 4.45612091e+02, 1.71819870e+02,
    4.61756531e+02, 1.71639008e+02, 4.77622986e+02, 1.71207062e+02,
    3.96062073e+02, 1.89537796e+02, 4.12523743e+02, 1.89095795e+02,
    4.28955475e+02, 1.88677094e+02, 4.45224274e+02, 1.88315170e+02,
    4.61283752e+02, 1.87800293e+02, 4.77108643e+02, 1.87667068e+02,
    3.95827881e+02, 2.05745377e+02, 4.12312286e+02, 2.05311447e+02,
    4.28588684e+02, 2.04923538e+02, 4.44849274e+02, 2.04563477e+02,
    4.60826996e+02, 2.04100815e+02, 4.76755859e+02, 2.03662430e+02,
    3.95678864e+02, 2.21766449e+02, 4.12222443e+02, 2.21424011e+02,
    4.28480621e+02, 2.21013245e+02, 4.44602753e+02, 2.20729523e+02,
    4.60693237e+02, 2.20281647e+02, 4.76454559e+02, 2.19941483e+02 ]
