%YAML:1.0
---
points: [ 8.14012756e+02, 6.19425476e+02, 8.34413025e+02, 6.06987183e+02,
    8.54636108e+02, 5.94545532e+02, 8.74899963e+02, 5.82098389e+02,
    8.95242615e+02, 5.69604065e+02, 9.15465271e+02, 5.57222168e+02,
    8.26637878e+02, 6.39413330e+02, 8.46892151e+02, 6.26869141e+02,
    8.67230164e+02, 6.14504761e+02, 8.87377625e+02, 6.02110107e+02,
    9.07569763e+02, 5.89683350e+02, 9.27754761e+02, 5.77313843e+02,
    8.39187622e+02, 6.59338989e+02, 8.59373291e+02, 6.46861267e+02,
    8.79562744e+02, 6.34375122e+02, 8.99770569e+02, 6.22069458e+02,
    9.19873962e+02, 6.09637085e+02, 9.40216736e+02, 5.97289368e+02,
    8.51625793e+02, 6.79253174e+02, 8.71796814e+02, 6.66784546e+02,
    8.92076965e+02, 6.54387329e+02, 9.12113464e+02, 6.42006165e+02,
    9.32284424e+02, 6.29518066e+02, 9.52436462e+02, 6.17176147e+02,
    8.64017761e+02, 6.99174683e+02, 8.84252197e+02, 6.86639954e+02,
    9.04372742e+02, 6.74265625e+02, 9.24461487e+02, 6.61881042e+02,
    9.44557678e+02, 6.49466858e+02, 9.64711548e+02, 6.37143127e+02,
    8.76433228e+02, 7.19075989e+02, 8.96592712e+02, 7.06564575e+02,
    9.16718445e+02, 6.94195862e+02, 9.36695618e+02, 6.81694275e+02,
    9.56856018e+02, 6.69368042e+02, 9.76801941e+02, 6.56967896e+02,
    8.88769287e+02, 7.38790283e+02, 9.09001709e+02, 7.26422852e+02,
    9.28982727e+02, 7.13931824e+02, 9.49116577e+02, 7.01554199e+02,
    9.69187683e+02, 6.89243713e+02, 9.89193298e+02, 6.76756897e+02,
    9.01210754e+02, 7.58537170e+02, 9.21255737e+02, 7.45989258e+02,
    9.41396484e+02, 7.33666931e+02, 9.61349915e+02, 7.21330078e+02,
    9.81365845e+02, 7.08930969e+02, 1.00138727e+03, 6.96548645e+02 ]
