%YAML:1.0
---
points: [ 8.16299316e+02, 6.51028625e+02, 8.63745117e+02, 6.49038574e+02,
    9.10911560e+02, 6.46835938e+02, 9.57955017e+02, 6.45077393e+02,
    1.00512463e+03, 6.43332214e+02, 1.05209827e+03, 6.41257202e+02,
    8.17054810e+02, 6.98531189e+02, 8.64934448e+02, 6.96590088e+02,
    9.12528015e+02, 6.94581482e+02, 9.60001221e+02, 6.92492676e+02,
    1.00745966e+03, 6.90625732e+02, 1.05475195e+03, 6.88537231e+02,
    8.17762817e+02, 7.47337341e+02, 8.66159424e+02, 7.45035950e+02,
    9.14092346e+02, 7.42958374e+02, 9.61922241e+02, 7.40840149e+02,
    1.01006427e+03, 7.38882202e+02, 1.05781482e+03, 7.36761414e+02,
    8.18547302e+02, 7.96748535e+02, 8.67199585e+02, 7.94422424e+02,
    9.15819641e+02, 7.92218750e+02, 9.64117554e+02, 7.90086060e+02,
    1.01235852e+03, 7.87877197e+02, 1.06051147e+03, 7.85936646e+02,
    8.19376221e+02, 8.47119629e+02, 8.68616333e+02, 8.44659729e+02,
    9.17489197e+02, 8.42463623e+02, 9.66109436e+02, 8.40065369e+02,
    1.01485718e+03, 8.37937317e+02, 1.06349548e+03, 8.35713440e+02,
    8.20148438e+02, 8.98311584e+02, 8.69708923e+02, 8.95953857e+02,
    9.19119812e+02, 8.93406372e+02, 9.68387939e+02, 8.91073364e+02,
    1.01742450e+03, 8.88688538e+02, 1.06649121e+03, 8.86593689e+02,
    8.20946838e+02, 9.50586792e+02, 8.70828308e+02, 9.48110352e+02,
    9.20859436e+02, 9.45534180e+02, 9.70482483e+02, 9.43210815e+02,
    1.02009521e+03, 9.40789307e+02, 1.06971619e+03, 9.38717712e+02,
    8.21560364e+02, 1.00417609e+03, 8.72157959e+02, 1.00174640e+03,
    9.22574951e+02, 9.99214050e+02, 9.72774170e+02, 9.96928162e+02,
    1.02284088e+03, 9.94615234e+02, 1.07325281e+03, 9.92211609e+02 ]
