%YAML:1.0
---
points: [ 5.59196289e+02, 5.66535828e+02, 6.09544861e+02, 5.64659729e+02,
    6.59857178e+02, 5.62567200e+02, 7.10097412e+02, 5.60629456e+02,
    7.60384216e+02, 5.58860413e+02, 8.11031982e+02, 5.56754333e+02,
    5.57297119e+02, 6.16849731e+02, 6.08077087e+02, 6.14813599e+02,
    6.58799072e+02, 6.12943848e+02, 7.09383057e+02, 6.11149292e+02,
    7.60284485e+02, 6.09092529e+02, 8.11317017e+02, 6.07330505e+02,
    5.55351135e+02, 6.68162415e+02, 6.06580444e+02, 6.66187256e+02,
    6.57821655e+02, 6.64293884e+02, 7.08741028e+02, 6.62254700e+02,
    7.59990967e+02, 6.60375427e+02, 8.11472473e+02, 6.58542297e+02,
    5.53519104e+02, 7.20201538e+02, 6.05195068e+02, 7.18427185e+02,
    6.56686462e+02, 7.16489807e+02, 7.08329956e+02, 7.14470703e+02,
    7.60024658e+02, 7.12701599e+02, 8.11833191e+02, 7.10988770e+02,
    5.51455872e+02, 7.73279236e+02, 6.03535522e+02, 7.71402832e+02,
    6.55609680e+02, 7.69578735e+02, 7.07597534e+02, 7.67585876e+02,
    7.59773926e+02, 7.65886292e+02, 8.12257812e+02, 7.64238403e+02,
    5.49370850e+02, 8.27247559e+02, 6.02017395e+02, 8.25227783e+02,
    6.54632446e+02, 8.23454224e+02, 7.07230591e+02, 8.21726746e+02,
    7.59716980e+02, 8.19805664e+02, 8.12534912e+02, 8.18163757e+02,
    5.47269775e+02, 8.82026611e+02, 6.00182922e+02, 8.80362183e+02,
    6.53326538e+02, 8.78558838e+02, 7.06283325e+02, 8.76822876e+02,
    7.59351135e+02, 8.75267090e+02, 8.12606262e+02, 8.73673767e+02,
    5.44544250e+02, 9.38333618e+02, 5.97763062e+02, 9.36821716e+02,
    6.51302429e+02, 9.35166443e+02, 7.04845398e+02, 9.33684204e+02,
    7.58472900e+02, 9.32271790e+02, 8.12486694e+02, 9.30545715e+02 ]
