%YAML:1.0
---
points: [ 5.33056946e+02, 5.09482605e+02, 5.54141418e+02, 4.96655090e+02,
    5.75381531e+02, 4.83785492e+02, 5.96466370e+02, 4.71139160e+02,
    6.17755066e+02, 4.58289429e+02, 6.38879333e+02, 4.45530945e+02,
    5.46737671e+02, 5.30478149e+02, 5.67981079e+02, 5.17596619e+02,
    5.89067200e+02, 5.04787140e+02, 6.10182007e+02, 4.91968719e+02,
    6.31323792e+02, 4.79335541e+02, 6.52370911e+02, 4.66476715e+02,
    5.60389587e+02, 5.51272156e+02, 5.81502869e+02, 5.38445679e+02,
    6.02537476e+02, 5.25621704e+02, 6.23524170e+02, 5.12794800e+02,
    6.44544800e+02, 5.00118988e+02, 6.65511536e+02, 4.87326202e+02,
    5.73698730e+02, 5.71974609e+02, 5.94726562e+02, 5.59125916e+02,
    6.15742065e+02, 5.46401184e+02, 6.36770691e+02, 5.33557556e+02,
    6.57691895e+02, 5.20799072e+02, 6.78695801e+02, 5.08023682e+02,
    5.86994812e+02, 5.92664429e+02, 6.08138123e+02, 5.79804932e+02,
    6.29146362e+02, 5.67076843e+02, 6.50059265e+02, 5.54318298e+02,
    6.70831299e+02, 5.41540527e+02, 6.91776978e+02, 5.28718567e+02,
    6.00285583e+02, 6.13346313e+02, 6.21375854e+02, 6.00462891e+02,
    6.42329407e+02, 5.87639954e+02, 6.63187988e+02, 5.74845459e+02,
    6.84124817e+02, 5.62223877e+02, 7.04845337e+02, 5.49456665e+02,
    6.13643188e+02, 6.33870361e+02, 6.34639526e+02, 6.21079712e+02,
    6.55516602e+02, 6.08315674e+02, 6.76370300e+02, 5.95559204e+02,
    6.97175232e+02, 5.82803162e+02, 7.17984314e+02, 5.70088013e+02,
    6.26886658e+02, 6.54354797e+02, 6.47716919e+02, 6.41531128e+02,
    6.68633911e+02, 6.28662659e+02, 6.89391113e+02, 6.16046631e+02,
    7.10205078e+02, 6.03316772e+02, 7.30884888e+02, 5.90578247e+02 ]
