%YAML:1.0
---
points: [ 3.77889984e+02, 2.89723022e+02, 3.78624908e+02, 2.74988678e+02,
    3.79232422e+02, 2.59973602e+02, 3.79877899e+02, 2.45059097e+02,
    3.80522766e+02, 2.29824432e+02, 3.81216858e+02, 2.14618103e+02,
    3.92789307e+02, 2.89780304e+02, 3.93461945e+02, 2.75072632e+02,
    3.94232758e+02, 2.60102539e+02, 3.94986725e+02, 2.45154648e+02,
    3.95775482e+02, 2.29991776e+02, 3.96521515e+02, 2.14718018e+02,
    4.07545044e+02, 2.89832855e+02, 4.08393036e+02, 2.75166443e+02,
    4.09314819e+02, 2.60314819e+02, 4.10110260e+02, 2.45329254e+02,
    4.10940308e+02, 2.30255981e+02, 4.11812439e+02, 2.14921036e+02,
    4.22463196e+02, 2.90006134e+02, 4.23395203e+02, 2.75269379e+02,
    4.24294464e+02, 2.60534363e+02, 4.25182098e+02, 2.45498215e+02,
    4.26104279e+02, 2.30494873e+02, 4.26915466e+02, 2.15090439e+02,
    4.37172241e+02, 2.90003052e+02, 4.38187073e+02, 2.75548370e+02,
    4.39193115e+02, 2.60503967e+02, 4.40188324e+02, 2.45771469e+02,
    4.41161194e+02, 2.30632782e+02, 4.42161774e+02, 2.15452072e+02,
    4.51741302e+02, 2.90276245e+02, 4.52800629e+02, 2.75444458e+02,
    4.53871735e+02, 2.60840118e+02, 4.54889099e+02, 2.45733658e+02,
    4.55980530e+02, 2.30874680e+02, 4.57102783e+02, 2.15564957e+02,
    4.65931274e+02, 2.89879395e+02, 4.67223480e+02, 2.75620239e+02,
    4.68377106e+02, 2.60659149e+02, 4.69569489e+02, 2.45915466e+02,
    4.70598022e+02, 2.30844696e+02, 4.71672363e+02, 2.15848175e+02,
    4.79877319e+02, 2.89900482e+02, 4.81207916e+02, 2.75363373e+02,
    4.82515503e+02, 2.60825958e+02, 4.83687714e+02, 2.45842361e+02,
    4.84857971e+02, 2.31136139e+02, 4.86016449e+02, 2.15844864e+02 ]
