%YAML:1.0
---
points: [ 1.40972275e+02, 1.50794998e+02, 1.48215073e+02, 1.46303452e+02,
    1.55447250e+02, 1.41810043e+02, 1.62696442e+02, 1.37292480e+02,
    1.69979691e+02, 1.32778275e+02, 1.77241302e+02, 1.28277771e+02,
    1.45774963e+02, 1.58186188e+02, 1.52940887e+02, 1.53683411e+02,
    1.60151138e+02, 1.49143066e+02, 1.67381332e+02, 1.44676895e+02,
    1.74676483e+02, 1.40169342e+02, 1.81864334e+02, 1.35628754e+02,
    1.50459061e+02, 1.65429810e+02, 1.57630356e+02, 1.61037689e+02,
    1.64814896e+02, 1.56487503e+02, 1.72055405e+02, 1.51986099e+02,
    1.79240845e+02, 1.47478851e+02, 1.86469543e+02, 1.42950882e+02,
    1.55044495e+02, 1.72751587e+02, 1.62278320e+02, 1.68205292e+02,
    1.69463623e+02, 1.63766953e+02, 1.76582626e+02, 1.59304443e+02,
    1.83890610e+02, 1.54787842e+02, 1.91031052e+02, 1.50244049e+02,
    1.59668411e+02, 1.79962372e+02, 1.66908432e+02, 1.75545776e+02,
    1.74050720e+02, 1.71040710e+02, 1.81241577e+02, 1.66577362e+02,
    1.88438370e+02, 1.62096863e+02, 1.95703323e+02, 1.57617722e+02,
    1.64274384e+02, 1.87224167e+02, 1.71436172e+02, 1.82788666e+02,
    1.78699585e+02, 1.78291641e+02, 1.85831665e+02, 1.73820236e+02,
    1.93005356e+02, 1.69365952e+02, 2.00087646e+02, 1.64866638e+02,
    1.68915741e+02, 1.94600357e+02, 1.76058609e+02, 1.90017990e+02,
    1.83290466e+02, 1.85475021e+02, 1.90412857e+02, 1.81093658e+02,
    1.97566742e+02, 1.76604462e+02, 2.04753128e+02, 1.72164413e+02,
    1.73200775e+02, 2.01414398e+02, 1.80679062e+02, 1.97152603e+02,
    1.87805542e+02, 1.92732285e+02, 1.94939423e+02, 1.88239304e+02,
    2.02116165e+02, 1.83819366e+02, 2.09279861e+02, 1.79308960e+02 ]
