%YAML:1.0
---
points: [ 3.80520782e+02, 3.95732910e+02, 4.06432465e+02, 3.96277100e+02,
    4.32454498e+02, 3.96643250e+02, 4.58445190e+02, 3.97232605e+02,
    4.84447662e+02, 3.97683167e+02, 5.10451752e+02, 3.98266602e+02,
    3.79905792e+02, 4.21299591e+02, 4.05867584e+02, 4.21720490e+02,
    4.31822205e+02, 4.22264343e+02, 4.57722260e+02, 4.22656982e+02,
    4.83696075e+02, 4.23174652e+02, 5.09540558e+02, 4.23481201e+02,
    3.79112152e+02, 4.46588684e+02, 4.05073456e+02, 4.47017242e+02,
    4.31178986e+02, 4.47485413e+02, 4.56878784e+02, 4.47951996e+02,
    4.82754639e+02, 4.48380768e+02, 5.08700378e+02, 4.48678955e+02,
    3.77747772e+02, 4.72054138e+02, 4.03944946e+02, 4.72429565e+02,
    4.29907776e+02, 4.72741608e+02, 4.55904083e+02, 4.73221344e+02,
    4.81839661e+02, 4.73606750e+02, 5.07702942e+02, 4.73942505e+02,
    3.76665039e+02, 4.97622742e+02, 4.02881317e+02, 4.97952179e+02,
    4.28938354e+02, 4.98366943e+02, 4.55022003e+02, 4.98591248e+02,
    4.80996460e+02, 4.98974487e+02, 5.07016266e+02, 4.99386566e+02,
    3.75558594e+02, 5.23363831e+02, 4.01730011e+02, 5.23628906e+02,
    4.28022125e+02, 5.23840881e+02, 4.54044159e+02, 5.24235596e+02,
    4.80192444e+02, 5.24555786e+02, 5.06116608e+02, 5.24810913e+02,
    3.74634796e+02, 5.48963989e+02, 4.00903259e+02, 5.49319275e+02,
    4.27081909e+02, 5.49538940e+02, 4.53181854e+02, 5.49808350e+02,
    4.79192474e+02, 5.50214966e+02, 5.05208038e+02, 5.50488892e+02,
    3.73633423e+02, 5.74619995e+02, 3.99835785e+02, 5.74904480e+02,
    4.26048523e+02, 5.75271851e+02, 4.52150970e+02, 5.75552002e+02,
    4.78246796e+02, 5.75721558e+02, 5.04199921e+02, 5.76036804e+02 ]
