%YAML:1.0
---
points: [ 7.31512146e+01, 1.56617981e+02, 8.18985519e+01, 1.56724442e+02,
    9.08421936e+01, 1.56663147e+02, 9.97431488e+01, 1.56718262e+02,
    1.08654274e+02, 1.56776718e+02, 1.17627159e+02, 1.56850235e+02,
    7.29689636e+01, 1.65673126e+02, 8.18488770e+01, 1.65596695e+02,
    9.07339859e+01, 1.65687729e+02, 9.96005859e+01, 1.65643661e+02,
    1.08545296e+02, 1.65719162e+02, 1.17488632e+02, 1.65697556e+02,
    7.28176804e+01, 1.74227280e+02, 8.16540298e+01, 1.74365387e+02,
    9.05383072e+01, 1.74327255e+02, 9.94018250e+01, 1.74434753e+02,
    1.08283203e+02, 1.74427444e+02, 1.17237183e+02, 1.74621948e+02,
    7.26491852e+01, 1.83113007e+02, 8.13607788e+01, 1.83040146e+02,
    9.03149643e+01, 1.83196472e+02, 9.91389923e+01, 1.83147629e+02,
    1.08135124e+02, 1.83289825e+02, 1.17103912e+02, 1.83235825e+02,
    7.22708435e+01, 1.91774368e+02, 8.11301575e+01, 1.91903290e+02,
    9.00047607e+01, 1.91914688e+02, 9.89436569e+01, 1.91968765e+02,
    1.07957016e+02, 1.91973267e+02, 1.16878510e+02, 1.92120438e+02,
    7.19293060e+01, 2.00801636e+02, 8.08289413e+01, 2.00775085e+02,
    8.97999649e+01, 2.00852234e+02, 9.87389145e+01, 2.00818909e+02,
    1.07722237e+02, 2.00907013e+02, 1.16666672e+02, 2.00901901e+02,
    7.17936554e+01, 2.09646835e+02, 8.06736603e+01, 2.09721817e+02,
    8.96038818e+01, 2.09748199e+02, 9.84952927e+01, 2.09749603e+02,
    1.07516464e+02, 2.09769577e+02, 1.16472115e+02, 2.09809708e+02,
    7.16134033e+01, 2.18759323e+02, 8.04341202e+01, 2.18740051e+02,
    8.94043655e+01, 2.18767273e+02, 9.82856598e+01, 2.18759064e+02,
    1.07286758e+02, 2.18835007e+02, 1.16287003e+02, 2.18727264e+02 ]
