%YAML:1.0
---
points: [ 3.18585205e+02, 4.01080109e+02, 3.40107056e+02, 3.87721893e+02,
    3.61867279e+02, 3.74404877e+02, 3.83527802e+02, 3.61245178e+02,
    4.05293030e+02, 3.47760284e+02, 4.27147339e+02, 3.34595245e+02,
    3.33123260e+02, 4.22825195e+02, 3.54670746e+02, 4.09537476e+02,
    3.76372833e+02, 3.96333862e+02, 3.97895538e+02, 3.83009705e+02,
    4.19611725e+02, 3.69725098e+02, 4.41285248e+02, 3.56431793e+02,
    3.47328339e+02, 4.44523224e+02, 3.68871979e+02, 4.31252808e+02,
    3.90470245e+02, 4.17848877e+02, 4.11917511e+02, 4.04708191e+02,
    4.33544983e+02, 3.91349518e+02, 4.55213104e+02, 3.78196503e+02,
    3.61249756e+02, 4.66173340e+02, 3.82765533e+02, 4.52735291e+02,
    4.04338745e+02, 4.39525330e+02, 4.25819366e+02, 4.26334595e+02,
    4.47525360e+02, 4.12994507e+02, 4.69001770e+02, 3.99670166e+02,
    3.75204987e+02, 4.87623871e+02, 3.96785950e+02, 4.74396210e+02,
    4.18374207e+02, 4.61053131e+02, 4.39816620e+02, 4.47898132e+02,
    4.61404175e+02, 4.34559296e+02, 4.82953674e+02, 4.21386078e+02,
    3.89096527e+02, 5.09159637e+02, 4.10624725e+02, 4.95828156e+02,
    4.32208710e+02, 4.82623291e+02, 4.53725830e+02, 4.69423004e+02,
    4.75256195e+02, 4.56163635e+02, 4.96673187e+02, 4.42869690e+02,
    4.03102997e+02, 5.30540039e+02, 4.24717041e+02, 5.17387024e+02,
    4.46162506e+02, 5.04047363e+02, 4.67654510e+02, 4.90883331e+02,
    4.89053253e+02, 4.77675232e+02, 5.10557617e+02, 4.64450562e+02,
    4.17111786e+02, 5.51915894e+02, 4.38599030e+02, 5.38664734e+02,
    4.60098785e+02, 5.25487305e+02, 4.81471741e+02, 5.12291382e+02,
    5.02858704e+02, 4.99172638e+02, 5.24311829e+02, 4.85799255e+02 ]
