%YAML:1.0
---
points: [ 2.33253677e+02, 3.21448975e+02, 2.33612854e+02, 3.07854767e+02,
    2.34011215e+02, 2.94119049e+02, 2.34437286e+02, 2.80436127e+02,
    2.34783524e+02, 2.66616455e+02, 2.35217438e+02, 2.52718033e+02,
    2.47089325e+02, 3.21896851e+02, 2.47519852e+02, 3.08230072e+02,
    2.47920593e+02, 2.94561249e+02, 2.48281311e+02, 2.80831421e+02,
    2.48702698e+02, 2.67030365e+02, 2.49152740e+02, 2.53213455e+02,
    2.60910095e+02, 3.22342255e+02, 2.61330811e+02, 3.08730042e+02,
    2.61757660e+02, 2.95050598e+02, 2.62208221e+02, 2.81336884e+02,
    2.62592865e+02, 2.67545258e+02, 2.63058594e+02, 2.53715622e+02,
    2.74842285e+02, 3.22965790e+02, 2.75233185e+02, 3.09347382e+02,
    2.75674927e+02, 2.95664581e+02, 2.76159607e+02, 2.81888519e+02,
    2.76550995e+02, 2.68062958e+02, 2.77048859e+02, 2.54201752e+02,
    2.88670624e+02, 3.23651276e+02, 2.89166595e+02, 3.09917725e+02,
    2.89628998e+02, 2.96215729e+02, 2.90132507e+02, 2.82516357e+02,
    2.90569336e+02, 2.68662354e+02, 2.91107056e+02, 2.54762680e+02,
    3.02671509e+02, 3.24314697e+02, 3.03198120e+02, 3.10609100e+02,
    3.03644257e+02, 2.96860291e+02, 3.04175873e+02, 2.83079346e+02,
    3.04671356e+02, 2.69247101e+02, 3.05212708e+02, 2.55360306e+02,
    3.16623810e+02, 3.24889526e+02, 3.17197479e+02, 3.11169220e+02,
    3.17763916e+02, 2.97451538e+02, 3.18313293e+02, 2.83719391e+02,
    3.18835846e+02, 2.69859131e+02, 3.19371582e+02, 2.55923828e+02,
    3.30666992e+02, 3.25452087e+02, 3.31224762e+02, 3.11736908e+02,
    3.31838898e+02, 2.98071594e+02, 3.32358948e+02, 2.84286438e+02,
    3.32970398e+02, 2.70400208e+02, 3.33668640e+02, 2.56495392e+02 ]
