%YAML:1.0
---
points: [ 4.53479645e+02, 2.15509399e+02, 5.06624390e+02, 2.15302643e+02,
    5.59659302e+02, 2.15090210e+02, 6.12350464e+02, 2.14825089e+02,
    6.64887878e+02, 2.14687149e+02, 7.17363037e+02, 2.14499954e+02,
    4.53304443e+02, 2.66832367e+02, 5.06680389e+02, 2.66532135e+02,
    5.59706970e+02, 2.66237915e+02, 6.12585876e+02, 2.65781830e+02,
    6.65390442e+02, 2.65606171e+02, 7.17765076e+02, 2.65420258e+02,
    4.53241119e+02, 3.18591309e+02, 5.06735413e+02, 3.18244659e+02,
    5.59933899e+02, 3.17664368e+02, 6.12835754e+02, 3.17304474e+02,
    6.65572632e+02, 3.16713196e+02, 7.18328003e+02, 3.16284271e+02,
    4.53239197e+02, 3.70683838e+02, 5.06866302e+02, 3.70116302e+02,
    5.60291016e+02, 3.69499054e+02, 6.13295715e+02, 3.68873505e+02,
    6.66241211e+02, 3.68227875e+02, 7.18878662e+02, 3.67616852e+02,
    4.53115723e+02, 4.22734314e+02, 5.06918243e+02, 4.22060638e+02,
    5.60473267e+02, 4.21362610e+02, 6.13519592e+02, 4.20576447e+02,
    6.66560181e+02, 4.19811188e+02, 7.19395020e+02, 4.19253876e+02,
    4.52823853e+02, 4.75053253e+02, 5.06916931e+02, 4.74224701e+02,
    5.60621155e+02, 4.73272400e+02, 6.13952393e+02, 4.72443909e+02,
    6.67056885e+02, 4.71716003e+02, 7.19922852e+02, 4.70791687e+02,
    4.52522675e+02, 5.27396362e+02, 5.06697113e+02, 5.26336243e+02,
    5.60523926e+02, 5.25424133e+02, 6.13947937e+02, 5.24487000e+02,
    6.67194458e+02, 5.23619873e+02, 7.20266479e+02, 5.22752625e+02,
    4.51645721e+02, 5.80248657e+02, 5.05886566e+02, 5.79208496e+02,
    5.59843933e+02, 5.78005249e+02, 6.13401306e+02, 5.76880798e+02,
    6.66800171e+02, 5.75924255e+02, 7.20189331e+02, 5.74940979e+02 ]
