%YAML:1.0
---
points: [ 4.07139053e+01, 3.07881958e+02, 4.02135162e+01, 2.94308380e+02,
    3.99160767e+01, 2.80812042e+02, 3.97681808e+01, 2.66806824e+02,
    3.95538712e+01, 2.53016922e+02, 3.94779778e+01, 2.38831039e+02,
    5.42157593e+01, 3.08625854e+02, 5.38610458e+01, 2.95140137e+02,
    5.37514496e+01, 2.81421539e+02, 5.35612564e+01, 2.67732849e+02,
    5.33832817e+01, 2.53692307e+02, 5.32091599e+01, 2.39702850e+02,
    6.77166367e+01, 3.09515533e+02, 6.76232986e+01, 2.95871765e+02,
    6.74708710e+01, 2.82155182e+02, 6.73470764e+01, 2.68377014e+02,
    6.72089767e+01, 2.54477020e+02, 6.71108475e+01, 2.40365570e+02,
    8.14549332e+01, 3.10312500e+02, 8.13100739e+01, 2.96715302e+02,
    8.12250977e+01, 2.82924530e+02, 8.11956482e+01, 2.69073822e+02,
    8.12116013e+01, 2.55150772e+02, 8.12078705e+01, 2.40963501e+02,
    9.52105179e+01, 3.11084412e+02, 9.51779556e+01, 2.97434723e+02,
    9.52118378e+01, 2.83708588e+02, 9.52980881e+01, 2.69761841e+02,
    9.53131104e+01, 2.55873154e+02, 9.54177628e+01, 2.41723969e+02,
    1.09120575e+02, 3.11820251e+02, 1.09178879e+02, 2.98142914e+02,
    1.09357635e+02, 2.84350220e+02, 1.09449448e+02, 2.70490631e+02,
    1.09593102e+02, 2.56500183e+02, 1.09747063e+02, 2.42360764e+02,
    1.23189079e+02, 3.12410950e+02, 1.23345993e+02, 2.98720123e+02,
    1.23534828e+02, 2.84967865e+02, 1.23788879e+02, 2.71149170e+02,
    1.23996330e+02, 2.57139923e+02, 1.24126938e+02, 2.43063034e+02,
    1.37281677e+02, 3.13090271e+02, 1.37462860e+02, 2.99347229e+02,
    1.37781738e+02, 2.85553314e+02, 1.38068375e+02, 2.71678955e+02,
    1.38318268e+02, 2.57708954e+02, 1.38517609e+02, 2.43679001e+02 ]
