%YAML:1.0
---
points: [ 2.81969849e+02, 1.88252945e+02, 3.03217163e+02, 1.73477158e+02,
    3.24571136e+02, 1.58763031e+02, 3.46236420e+02, 1.43953018e+02,
    3.67808472e+02, 1.29135330e+02, 3.89643372e+02, 1.14340294e+02,
    2.99743530e+02, 2.12167297e+02, 3.20787079e+02, 1.97583435e+02,
    3.42202698e+02, 1.82998810e+02, 3.63507355e+02, 1.68399658e+02,
    3.85133820e+02, 1.53613449e+02, 4.06655060e+02, 1.38836685e+02,
    3.16792267e+02, 2.35717407e+02, 3.38094086e+02, 2.21343414e+02,
    3.59249268e+02, 2.06852539e+02, 3.80507050e+02, 1.92364639e+02,
    4.01835266e+02, 1.77725174e+02, 4.23521851e+02, 1.63149231e+02,
    3.33741089e+02, 2.59253662e+02, 3.54791382e+02, 2.44798706e+02,
    3.75921631e+02, 2.30568039e+02, 3.97323242e+02, 2.16136780e+02,
    4.18652161e+02, 2.01726120e+02, 4.40205597e+02, 1.87136658e+02,
    3.50496429e+02, 2.82407288e+02, 3.71578003e+02, 2.68261932e+02,
    3.92752625e+02, 2.54034576e+02, 4.13896912e+02, 2.39802032e+02,
    4.35299744e+02, 2.25376434e+02, 4.56685944e+02, 2.11109406e+02,
    3.67184296e+02, 3.05365540e+02, 3.88277252e+02, 2.91298126e+02,
    4.09308868e+02, 2.77338196e+02, 4.30488159e+02, 2.63176025e+02,
    4.51690002e+02, 2.48970612e+02, 4.72944885e+02, 2.34630661e+02,
    3.83809570e+02, 3.28148071e+02, 4.04797882e+02, 3.14243500e+02,
    4.25782959e+02, 3.00312653e+02, 4.46860657e+02, 2.86364807e+02,
    4.67999542e+02, 2.72237427e+02, 4.89325806e+02, 2.58200348e+02,
    4.00320190e+02, 3.50549591e+02, 4.21224792e+02, 3.36799011e+02,
    4.42241913e+02, 3.23041077e+02, 4.63085602e+02, 3.09210968e+02,
    4.84257690e+02, 2.95282288e+02, 5.05406372e+02, 2.81243073e+02 ]
