%YAML:1.0
---
points: [ 4.20622673e+01, 8.67434464e+01, 4.92181625e+01, 8.14357071e+01,
    5.61356010e+01, 7.62378769e+01, 6.33407249e+01, 7.09279633e+01,
    7.05449982e+01, 6.56665039e+01, 7.79113388e+01, 6.02689400e+01,
    4.76340408e+01, 9.45034256e+01, 5.44916267e+01, 8.92677994e+01,
    6.16182518e+01, 8.41116486e+01, 6.87359924e+01, 7.88917160e+01,
    7.60718384e+01, 7.35781555e+01, 8.33013992e+01, 6.84488144e+01,
    5.28874779e+01, 1.02225586e+02, 5.99557304e+01, 9.71573563e+01,
    6.70256500e+01, 9.19853973e+01, 7.42357788e+01, 8.68193130e+01,
    8.13747330e+01, 8.15573807e+01, 8.87846909e+01, 7.63179626e+01,
    5.83053207e+01, 1.10120651e+02, 6.52565155e+01, 1.04947701e+02,
    7.24553223e+01, 9.98514938e+01, 7.95264206e+01, 9.47287827e+01,
    8.69062805e+01, 8.96087494e+01, 9.41315079e+01, 8.43630524e+01,
    6.36061134e+01, 1.17811882e+02, 7.07816467e+01, 1.12786064e+02,
    7.78573456e+01, 1.07720551e+02, 8.51148987e+01, 1.02644890e+02,
    9.23021164e+01, 9.75468140e+01, 9.96240540e+01, 9.23826447e+01,
    6.91459274e+01, 1.25550102e+02, 7.61369781e+01, 1.20558220e+02,
    8.33556061e+01, 1.15550873e+02, 9.05277710e+01, 1.10537071e+02,
    9.78246078e+01, 1.05454010e+02, 1.05155380e+02, 1.00399986e+02,
    7.45644684e+01, 1.33189545e+02, 8.16713943e+01, 1.28334854e+02,
    8.88585739e+01, 1.23372192e+02, 9.60236588e+01, 1.18394867e+02,
    1.03317543e+02, 1.13390411e+02, 1.10613182e+02, 1.08409843e+02,
    8.00328522e+01, 1.41036270e+02, 8.71593475e+01, 1.36055145e+02,
    9.43151550e+01, 1.31183182e+02, 1.01489571e+02, 1.26213860e+02,
    1.08810425e+02, 1.21287949e+02, 1.16085526e+02, 1.16253555e+02 ]
