%YAML:1.0
---
points: [ 5.77742424e+01, 2.62138092e+02, 5.75558014e+01, 2.48071411e+02,
    5.73975830e+01, 2.34285583e+02, 5.71657791e+01, 2.19935944e+02,
    5.69822350e+01, 2.05808456e+02, 5.68976364e+01, 1.91448105e+02,
    7.16214142e+01, 2.62741241e+02, 7.14506531e+01, 2.48972977e+02,
    7.11960754e+01, 2.34820862e+02, 7.10113525e+01, 2.20749908e+02,
    7.10226593e+01, 2.06445969e+02, 7.08647995e+01, 1.92010864e+02,
    8.52620392e+01, 2.63637878e+02, 8.51805801e+01, 2.49639465e+02,
    8.50532761e+01, 2.35625183e+02, 8.49592285e+01, 2.21361542e+02,
    8.48552399e+01, 2.07067352e+02, 8.47035599e+01, 1.92619995e+02,
    9.89251709e+01, 2.64377869e+02, 9.89040985e+01, 2.50408615e+02,
    9.88743210e+01, 2.36292770e+02, 9.88571167e+01, 2.22061188e+02,
    9.88734665e+01, 2.07733139e+02, 9.88143158e+01, 1.93295151e+02,
    1.12825935e+02, 2.65219849e+02, 1.12898079e+02, 2.51155350e+02,
    1.12971825e+02, 2.36996597e+02, 1.12980347e+02, 2.22781387e+02,
    1.13019630e+02, 2.08410400e+02, 1.13014229e+02, 1.93919434e+02,
    1.26914223e+02, 2.65981354e+02, 1.27034027e+02, 2.51921326e+02,
    1.27141495e+02, 2.37697281e+02, 1.27192314e+02, 2.23484192e+02,
    1.27268631e+02, 2.09072647e+02, 1.27327553e+02, 1.94599426e+02,
    1.41077606e+02, 2.66616852e+02, 1.41203873e+02, 2.52525558e+02,
    1.41317764e+02, 2.38376633e+02, 1.41439102e+02, 2.24178604e+02,
    1.41627274e+02, 2.09745743e+02, 1.41765472e+02, 1.95198227e+02,
    1.55216095e+02, 2.67344269e+02, 1.55368515e+02, 2.53294174e+02,
    1.55662872e+02, 2.39082260e+02, 1.55977722e+02, 2.24798355e+02,
    1.56135696e+02, 2.10316650e+02, 1.56207443e+02, 1.95876923e+02 ]
