%YAML:1.0
---
points: [ 7.27976151e+01, 6.17779121e+01, 8.02969818e+01, 6.71155624e+01,
    8.80341110e+01, 7.21367340e+01, 9.56751328e+01, 7.74659729e+01,
    1.03494942e+02, 8.27095108e+01, 1.11359779e+02, 8.81984100e+01,
    6.78792725e+01, 6.99571609e+01, 7.54142685e+01, 7.49110336e+01,
    8.30677261e+01, 8.01753464e+01, 9.07414551e+01, 8.53098068e+01,
    9.84855270e+01, 9.07107010e+01, 1.06399765e+02, 9.59742508e+01,
    6.29621010e+01, 7.76512680e+01, 7.04069366e+01, 8.29005051e+01,
    7.80878372e+01, 8.80076599e+01, 8.56996841e+01, 9.32651749e+01,
    9.34745636e+01, 9.84900742e+01, 1.01281082e+02, 1.03881004e+02,
    5.79423180e+01, 8.56120224e+01, 6.55047836e+01, 9.06709595e+01,
    7.30582504e+01, 9.58962631e+01, 8.07069092e+01, 1.01086533e+02,
    8.84496384e+01, 1.06349701e+02, 9.62838287e+01, 1.11619019e+02,
    5.31464386e+01, 9.33226471e+01, 6.04331436e+01, 9.85477219e+01,
    6.81608810e+01, 1.03657585e+02, 7.57143936e+01, 1.08920853e+02,
    8.34502945e+01, 1.14150398e+02, 9.12142792e+01, 1.19408646e+02,
    4.80702782e+01, 1.01250542e+02, 5.55948181e+01, 1.06331551e+02,
    6.31082573e+01, 1.11508308e+02, 7.08106232e+01, 1.16731369e+02,
    7.84991837e+01, 1.21971832e+02, 8.63084488e+01, 1.27183395e+02,
    4.33198013e+01, 1.09055641e+02, 5.06753769e+01, 1.14253136e+02,
    5.83386345e+01, 1.19315620e+02, 6.58192978e+01, 1.24499718e+02,
    7.35466614e+01, 1.29752762e+02, 8.12546463e+01, 1.35033920e+02,
    3.83755646e+01, 1.16950256e+02, 4.59408798e+01, 1.21962891e+02,
    5.33206749e+01, 1.27134071e+02, 6.10060463e+01, 1.32303131e+02,
    6.85835190e+01, 1.37513367e+02, 7.63331680e+01, 1.42725128e+02 ]
