%YAML:1.0
---
points: [ 7.13545380e+01, 3.08127728e+01, 8.33850479e+01, 3.91820717e+01,
    9.57179337e+01, 4.74707108e+01, 1.08305183e+02, 5.62428093e+01,
    1.21038895e+02, 6.49430161e+01, 1.33911850e+02, 7.40011292e+01,
    6.31044540e+01, 4.40634651e+01, 7.51345825e+01, 5.20417404e+01,
    8.74246521e+01, 6.06553345e+01, 9.99162750e+01, 6.91619949e+01,
    1.12674103e+02, 7.80215836e+01, 1.25570557e+02, 8.68942337e+01,
    5.49883804e+01, 5.67475128e+01, 6.69104080e+01, 6.51588974e+01,
    7.91562881e+01, 7.34755249e+01, 9.16015549e+01, 8.21864624e+01,
    1.04352478e+02, 9.09630356e+01, 1.17144058e+02, 9.98917465e+01,
    4.69553299e+01, 6.98955460e+01, 5.89534264e+01, 7.80212708e+01,
    7.10800323e+01, 8.65870209e+01, 8.35339279e+01, 9.51584167e+01,
    9.61811523e+01, 1.03930420e+02, 1.09004814e+02, 1.12737465e+02,
    3.91642494e+01, 8.26064301e+01, 5.09485168e+01, 9.10125885e+01,
    6.31291656e+01, 9.93613129e+01, 7.54160538e+01, 1.08050896e+02,
    8.80921631e+01, 1.16734406e+02, 1.00808426e+02, 1.25543861e+02,
    3.13248405e+01, 9.55336227e+01, 4.32352715e+01, 1.03778610e+02,
    5.52408142e+01, 1.12259483e+02, 6.75932922e+01, 1.20752266e+02,
    8.01366119e+01, 1.29473770e+02, 9.28122101e+01, 1.38196060e+02,
    2.38444233e+01, 1.08114052e+02, 3.54028358e+01, 1.16497482e+02,
    4.74849014e+01, 1.24892738e+02, 5.96266289e+01, 1.33412186e+02,
    7.21878891e+01, 1.42105286e+02, 8.46630859e+01, 1.50772995e+02,
    1.61565228e+01, 1.20853172e+02, 2.77282429e+01, 1.29058136e+02,
    3.94346466e+01, 1.37542618e+02, 5.16016731e+01, 1.46022446e+02,
    6.38727989e+01, 1.54634674e+02, 7.65301514e+01, 1.63278214e+02 ]
