%YAML:1.0
---
points: [ 4.08523193e+02, 6.32094055e+02, 4.42634064e+02, 6.32220032e+02,
    4.76718628e+02, 6.32381226e+02, 5.11329926e+02, 6.32467468e+02,
    5.46399231e+02, 6.32560608e+02, 5.82010498e+02, 6.32622131e+02,
    4.07646088e+02, 6.69561218e+02, 4.41679749e+02, 6.69830200e+02,
    4.75791962e+02, 6.70296997e+02, 5.10510559e+02, 6.70496582e+02,
    5.45571777e+02, 6.70695190e+02, 5.81310547e+02, 6.71066223e+02,
    4.06773926e+02, 7.07212097e+02, 4.40718231e+02, 7.07625244e+02,
    4.75012360e+02, 7.08218994e+02, 5.09461609e+02, 7.08691040e+02,
    5.44525024e+02, 7.09312378e+02, 5.80323608e+02, 7.09794922e+02,
    4.06091797e+02, 7.44791199e+02, 4.39882507e+02, 7.45513794e+02,
    4.74306091e+02, 7.46339233e+02, 5.08879456e+02, 7.47184021e+02,
    5.44180298e+02, 7.47938477e+02, 5.79780579e+02, 7.48810730e+02,
    4.05229645e+02, 7.82645630e+02, 4.39192902e+02, 7.83747986e+02,
    4.73538116e+02, 7.84699097e+02, 5.08053131e+02, 7.85763977e+02,
    5.43388550e+02, 7.86797913e+02, 5.79240479e+02, 7.87744934e+02,
    4.04136078e+02, 8.20575317e+02, 4.38378876e+02, 8.21812927e+02,
    4.72722260e+02, 8.23098816e+02, 5.07523376e+02, 8.24282776e+02,
    5.42747131e+02, 8.25496643e+02, 5.78521545e+02, 8.26856750e+02,
    4.03023041e+02, 8.58616821e+02, 4.37313873e+02, 8.60078674e+02,
    4.71593567e+02, 8.61573303e+02, 5.06425079e+02, 8.63256470e+02,
    5.41681213e+02, 8.64738464e+02, 5.77389465e+02, 8.66331543e+02,
    4.01660004e+02, 8.96970093e+02, 4.35613708e+02, 8.98715515e+02,
    4.70193390e+02, 9.00761719e+02, 5.04541016e+02, 9.02670044e+02,
    5.39693665e+02, 9.04593567e+02, 5.75798157e+02, 9.06491211e+02 ]
