%YAML:1.0
---
points: [ 4.03744812e+02, 7.95290771e+02, 4.22534546e+02, 8.09880371e+02,
    4.41584412e+02, 8.24484985e+02, 4.60745850e+02, 8.39149597e+02,
    4.80049347e+02, 8.53978699e+02, 4.99503113e+02, 8.68904846e+02,
    3.86483246e+02, 8.16736755e+02, 4.05319885e+02, 8.31508606e+02,
    4.24433044e+02, 8.46315491e+02, 4.43496246e+02, 8.61186035e+02,
    4.62793121e+02, 8.76209229e+02, 4.82275482e+02, 8.91275024e+02,
    3.68739899e+02, 8.38471130e+02, 3.87761292e+02, 8.53344116e+02,
    4.06739471e+02, 8.68315002e+02, 4.25953583e+02, 8.83348450e+02,
    4.45337219e+02, 8.98474609e+02, 4.64801300e+02, 9.13733765e+02,
    3.50797638e+02, 8.60425232e+02, 3.69689148e+02, 8.75454102e+02,
    3.88845154e+02, 8.90545410e+02, 4.08104919e+02, 9.05733154e+02,
    4.27478394e+02, 9.21133911e+02, 4.47006378e+02, 9.36589417e+02,
    3.32416595e+02, 8.82671631e+02, 3.51598206e+02, 8.97862976e+02,
    3.70669983e+02, 9.13178894e+02, 3.89986877e+02, 9.28599121e+02,
    4.09419250e+02, 9.44108337e+02, 4.29027283e+02, 9.59716736e+02,
    3.14023590e+02, 9.05113037e+02, 3.33026947e+02, 9.20537964e+02,
    3.52380676e+02, 9.36036804e+02, 3.71673889e+02, 9.51662964e+02,
    3.91204315e+02, 9.67400757e+02, 4.10692963e+02, 9.83233948e+02,
    2.95482422e+02, 9.27828003e+02, 3.14651276e+02, 9.43473450e+02,
    3.33777252e+02, 9.59113464e+02, 3.53179810e+02, 9.74941772e+02,
    3.72638367e+02, 9.90786682e+02, 3.92331299e+02, 1.00695654e+03,
    2.76852997e+02, 9.50803528e+02, 2.95891083e+02, 9.66595886e+02,
    3.15286591e+02, 9.82513916e+02, 3.34526764e+02, 9.98518433e+02,
    3.54080719e+02, 1.01462903e+03, 3.73703766e+02, 1.03092383e+03 ]
