%YAML:1.0
---
points: [ 4.13225464e+02, 5.48970215e+02, 4.46784668e+02, 5.48495056e+02,
    4.80641388e+02, 5.48065491e+02, 5.14695679e+02, 5.47554932e+02,
    5.49471497e+02, 5.47024902e+02, 5.84752441e+02, 5.46485107e+02,
    4.12715942e+02, 5.85893127e+02, 4.46277344e+02, 5.85655273e+02,
    4.80258667e+02, 5.85418640e+02, 5.14226685e+02, 5.85174988e+02,
    5.49105225e+02, 5.84910889e+02, 5.84410095e+02, 5.84624268e+02,
    4.12223145e+02, 6.22947510e+02, 4.45769653e+02, 6.22914612e+02,
    4.79706238e+02, 6.22893188e+02, 5.13742432e+02, 6.22900146e+02,
    5.48456909e+02, 6.22846619e+02, 5.83742737e+02, 6.22843933e+02,
    4.11775970e+02, 6.60288208e+02, 4.45283905e+02, 6.60430481e+02,
    4.79320587e+02, 6.60589294e+02, 5.13512390e+02, 6.60759644e+02,
    5.48272461e+02, 6.60968872e+02, 5.83567017e+02, 6.61224487e+02,
    4.11450104e+02, 6.97442322e+02, 4.44939270e+02, 6.97855835e+02,
    4.78913513e+02, 6.98273560e+02, 5.13064270e+02, 6.98693237e+02,
    5.47861877e+02, 6.99113098e+02, 5.83193604e+02, 6.99616516e+02,
    4.10855438e+02, 7.34798218e+02, 4.44513580e+02, 7.35386047e+02,
    4.78524384e+02, 7.36053467e+02, 5.12825684e+02, 7.36835876e+02,
    5.47702759e+02, 7.37499512e+02, 5.82839783e+02, 7.38234741e+02,
    4.10032990e+02, 7.72172058e+02, 4.43774292e+02, 7.72987488e+02,
    4.77693207e+02, 7.74209473e+02, 5.12184265e+02, 7.75017212e+02,
    5.46974915e+02, 7.75841675e+02, 5.82241394e+02, 7.76862610e+02,
    4.08991333e+02, 8.09944946e+02, 4.42619873e+02, 8.11337646e+02,
    4.76392853e+02, 8.12498413e+02, 5.10639191e+02, 8.13639709e+02,
    5.45359009e+02, 8.14766418e+02, 5.80987732e+02, 8.16224365e+02 ]
