%YAML:1.0
---
points: [ 1.96653290e+02, 1.78391861e+02, 2.08809860e+02, 1.87200760e+02,
    2.21187820e+02, 1.96244492e+02, 2.33134613e+02, 2.04957840e+02,
    2.45288864e+02, 2.13688187e+02, 2.57242859e+02, 2.22362656e+02,
    1.87863449e+02, 1.90548019e+02, 2.00264023e+02, 1.99422226e+02,
    2.12358337e+02, 2.08105316e+02, 2.24528763e+02, 2.16878204e+02,
    2.36529968e+02, 2.25586945e+02, 2.48497116e+02, 2.34242874e+02,
    1.79093750e+02, 2.02526901e+02, 1.91488098e+02, 2.11319046e+02,
    2.03673111e+02, 2.20139420e+02, 2.15758759e+02, 2.28764862e+02,
    2.27870728e+02, 2.37426697e+02, 2.39781403e+02, 2.46041061e+02,
    1.70471100e+02, 2.14593109e+02, 1.82773300e+02, 2.23345749e+02,
    1.95029388e+02, 2.31980789e+02, 2.07103882e+02, 2.40617859e+02,
    2.19170471e+02, 2.49207291e+02, 2.31153885e+02, 2.57742126e+02,
    1.61804749e+02, 2.26525269e+02, 1.74103317e+02, 2.35191269e+02,
    1.86340454e+02, 2.43848450e+02, 1.98425827e+02, 2.52381821e+02,
    2.10490250e+02, 2.60970734e+02, 2.22493225e+02, 2.69470306e+02,
    1.53186661e+02, 2.38383240e+02, 1.65526886e+02, 2.47040756e+02,
    1.77746841e+02, 2.55633118e+02, 1.89825012e+02, 2.64096069e+02,
    2.01878448e+02, 2.72692627e+02, 2.13841309e+02, 2.81195892e+02,
    1.44554169e+02, 2.50263565e+02, 1.56848633e+02, 2.58841858e+02,
    1.69101974e+02, 2.67446533e+02, 1.81187088e+02, 2.75914795e+02,
    1.93274704e+02, 2.84391083e+02, 2.05227951e+02, 2.92891815e+02,
    1.35855774e+02, 2.62168274e+02, 1.48175369e+02, 2.70769714e+02,
    1.60353638e+02, 2.79348969e+02, 1.72458466e+02, 2.87838165e+02,
    1.84510605e+02, 2.96337494e+02, 1.96582291e+02, 3.04760406e+02 ]
