%YAML:1.0
---
points: [ 1.76145187e+02, 3.37295265e+01, 1.89582062e+02, 4.34528313e+01,
    2.02777206e+02, 5.29223099e+01, 2.15992844e+02, 6.25559578e+01,
    2.28986588e+02, 7.20626450e+01, 2.42013199e+02, 8.14976730e+01,
    1.67265366e+02, 4.71640167e+01, 1.80613983e+02, 5.66045837e+01,
    1.93959641e+02, 6.61909637e+01, 2.07107361e+02, 7.56999130e+01,
    2.20171982e+02, 8.52057266e+01, 2.33178177e+02, 9.46063080e+01,
    1.58341003e+02, 6.02840233e+01, 1.71767197e+02, 6.98874969e+01,
    1.85055023e+02, 7.94036789e+01, 1.98325089e+02, 8.89202957e+01,
    2.11366501e+02, 9.82512207e+01, 2.24433807e+02, 1.07661049e+02,
    1.49493317e+02, 7.36838913e+01, 1.62944336e+02, 8.31239777e+01,
    1.76301071e+02, 9.26324844e+01, 1.89517853e+02, 1.01920685e+02,
    2.02625626e+02, 1.11341782e+02, 2.15699493e+02, 1.20604889e+02,
    1.40639008e+02, 8.68951721e+01, 1.54192993e+02, 9.63075638e+01,
    1.67513214e+02, 1.05690422e+02, 1.80814117e+02, 1.15037590e+02,
    1.93953735e+02, 1.24263237e+02, 2.06965454e+02, 1.33558762e+02,
    1.32020203e+02, 1.00069977e+02, 1.45556870e+02, 1.09399414e+02,
    1.58862015e+02, 1.18734314e+02, 1.72144547e+02, 1.27950706e+02,
    1.85328949e+02, 1.37188644e+02, 1.98469696e+02, 1.46176926e+02,
    1.23307510e+02, 1.13128082e+02, 1.36701981e+02, 1.22443817e+02,
    1.50261963e+02, 1.31692688e+02, 1.63487259e+02, 1.40786102e+02,
    1.76688736e+02, 1.49879227e+02, 1.89651718e+02, 1.59066849e+02,
    1.14503395e+02, 1.26121040e+02, 1.28050949e+02, 1.35333267e+02,
    1.41430618e+02, 1.44516098e+02, 1.54666489e+02, 1.53606720e+02,
    1.67860596e+02, 1.62664185e+02, 1.81107941e+02, 1.71433807e+02 ]
