%YAML:1.0
---
points: [ 4.49160034e+02, 4.81509613e+02, 4.81728790e+02, 4.80497253e+02,
    5.14756592e+02, 4.79448578e+02, 5.48168518e+02, 4.78385010e+02,
    5.82165344e+02, 4.77400848e+02, 6.16642822e+02, 4.76372803e+02,
    4.48773987e+02, 5.17968750e+02, 4.81419495e+02, 5.17251221e+02,
    5.14327576e+02, 5.16432861e+02, 5.47805298e+02, 5.15531494e+02,
    5.81782104e+02, 5.14811890e+02, 6.16497498e+02, 5.13947205e+02,
    4.48507904e+02, 5.54526306e+02, 4.81130463e+02, 5.54086670e+02,
    5.14119812e+02, 5.53547546e+02, 5.47535278e+02, 5.52988586e+02,
    5.81431824e+02, 5.52356812e+02, 6.16120667e+02, 5.51832520e+02,
    4.48283203e+02, 5.91315308e+02, 4.80864532e+02, 5.91003357e+02,
    5.13895691e+02, 5.90739319e+02, 5.47478699e+02, 5.90468384e+02,
    5.81435120e+02, 5.90192688e+02, 6.16140686e+02, 5.89854858e+02,
    4.47994537e+02, 6.28050598e+02, 4.80683594e+02, 6.28039368e+02,
    5.13669922e+02, 6.27943359e+02, 5.47272095e+02, 6.27910706e+02,
    5.81278931e+02, 6.27930176e+02, 6.16016357e+02, 6.27925537e+02,
    4.47567657e+02, 6.64788513e+02, 4.80446991e+02, 6.65051331e+02,
    5.13496277e+02, 6.65295288e+02, 5.47178162e+02, 6.65491028e+02,
    5.81234985e+02, 6.65695007e+02, 6.15904541e+02, 6.65988708e+02,
    4.46904236e+02, 7.01624207e+02, 4.79789581e+02, 7.02168884e+02,
    5.12839539e+02, 7.02586792e+02, 5.46411499e+02, 7.03212769e+02,
    5.80642639e+02, 7.03632996e+02, 6.15255493e+02, 7.04242981e+02,
    4.46010315e+02, 7.38819275e+02, 4.78681519e+02, 7.39612427e+02,
    5.11699860e+02, 7.40460999e+02, 5.45121460e+02, 7.41268127e+02,
    5.79364197e+02, 7.42198059e+02, 6.14221985e+02, 7.43033936e+02 ]
