%YAML:1.0
---
points: [ 8.36496460e+02, 7.64552429e+02, 8.56403442e+02, 7.78336609e+02,
    8.76512573e+02, 7.92157349e+02, 8.96627563e+02, 8.05968689e+02,
    9.16828247e+02, 8.19867188e+02, 9.37305054e+02, 8.34063965e+02,
    8.23102356e+02, 7.85015015e+02, 8.43055603e+02, 7.98834045e+02,
    8.63093018e+02, 8.12711975e+02, 8.83146729e+02, 8.26668274e+02,
    9.03406799e+02, 8.40685547e+02, 9.23706177e+02, 8.54798157e+02,
    8.09508667e+02, 8.05593750e+02, 8.29547302e+02, 8.19420959e+02,
    8.49510498e+02, 8.33467773e+02, 8.69629822e+02, 8.47458069e+02,
    8.89838562e+02, 8.61536255e+02, 9.10287292e+02, 8.75824341e+02,
    7.95894592e+02, 8.26343201e+02, 8.15803162e+02, 8.40354492e+02,
    8.35869141e+02, 8.54373779e+02, 8.55955933e+02, 8.68365845e+02,
    8.76355103e+02, 8.82525330e+02, 8.96649353e+02, 8.96775635e+02,
    7.82204956e+02, 8.47193909e+02, 8.02246460e+02, 8.61260559e+02,
    8.22232971e+02, 8.75397217e+02, 8.42361633e+02, 8.89464355e+02,
    8.62560486e+02, 9.03733337e+02, 8.82920288e+02, 9.18079773e+02,
    7.68398743e+02, 8.68164612e+02, 7.88405334e+02, 8.82295715e+02,
    8.08451294e+02, 8.96407471e+02, 8.28588562e+02, 9.10583191e+02,
    8.48883484e+02, 9.24938049e+02, 8.69266113e+02, 9.39428589e+02,
    7.54657959e+02, 8.89073120e+02, 7.74651917e+02, 9.03332703e+02,
    7.94632507e+02, 9.17528870e+02, 8.14739746e+02, 9.31813171e+02,
    8.34980591e+02, 9.46292725e+02, 8.55462463e+02, 9.60747559e+02,
    7.40818909e+02, 9.10128479e+02, 7.60792847e+02, 9.24428894e+02,
    7.80853577e+02, 9.38700195e+02, 8.00944397e+02, 9.53175110e+02,
    8.21285034e+02, 9.67656128e+02, 8.41589478e+02, 9.82335022e+02 ]
