%YAML:1.0
---
points: [ 2.14187088e+02, 2.50253510e+02, 2.21079285e+02, 2.54790192e+02,
    2.28235809e+02, 2.59241486e+02, 2.35070328e+02, 2.63760437e+02,
    2.42187683e+02, 2.68281891e+02, 2.49011139e+02, 2.72789032e+02,
    2.09667892e+02, 2.57293091e+02, 2.16629715e+02, 2.61755920e+02,
    2.23621307e+02, 2.66316315e+02, 2.30564178e+02, 2.70930634e+02,
    2.37718552e+02, 2.75338226e+02, 2.44754486e+02, 2.79969238e+02,
    2.05148880e+02, 2.64328552e+02, 2.12126663e+02, 2.68913971e+02,
    2.19176941e+02, 2.73420807e+02, 2.25983704e+02, 2.77943939e+02,
    2.33155258e+02, 2.82634857e+02, 2.40155960e+02, 2.87167664e+02,
    2.00545319e+02, 2.71574860e+02, 2.07554001e+02, 2.76099762e+02,
    2.14544678e+02, 2.80552002e+02, 2.21553589e+02, 2.85158417e+02,
    2.28576584e+02, 2.89775269e+02, 2.35715851e+02, 2.94427460e+02,
    1.95881546e+02, 2.78703552e+02, 2.02960419e+02, 2.83233826e+02,
    2.09981766e+02, 2.87853271e+02, 2.16995895e+02, 2.92507935e+02,
    2.23979584e+02, 2.97063690e+02, 2.31085281e+02, 3.01672333e+02,
    1.91250992e+02, 2.85953583e+02, 1.98267639e+02, 2.90554657e+02,
    2.05314194e+02, 2.95203888e+02, 2.12378860e+02, 2.99750519e+02,
    2.19390335e+02, 3.04426910e+02, 2.26505646e+02, 3.09058441e+02,
    1.86666107e+02, 2.93193054e+02, 1.93598145e+02, 2.97832581e+02,
    2.00732788e+02, 3.02484741e+02, 2.07684830e+02, 3.07117645e+02,
    2.14768967e+02, 3.11771057e+02, 2.21918610e+02, 3.16424438e+02,
    1.81919464e+02, 3.00555267e+02, 1.88967407e+02, 3.05111084e+02,
    1.96052185e+02, 3.09846191e+02, 2.03094070e+02, 3.14425781e+02,
    2.10153091e+02, 3.19145477e+02, 2.17227661e+02, 3.23864746e+02 ]
