%YAML:1.0
---
points: [ 7.88128235e+02, 6.69256531e+02, 8.07969727e+02, 6.82340332e+02,
    8.27839966e+02, 6.95493164e+02, 8.47835754e+02, 7.08651123e+02,
    8.67784851e+02, 7.21863037e+02, 8.88074402e+02, 7.35230286e+02,
    7.74898743e+02, 6.89430054e+02, 7.94708130e+02, 7.02606750e+02,
    8.14652283e+02, 7.15792480e+02, 8.34568359e+02, 7.28969177e+02,
    8.54602905e+02, 7.42295227e+02, 8.74708130e+02, 7.55680481e+02,
    7.61563721e+02, 7.09746948e+02, 7.81487549e+02, 7.22882080e+02,
    8.01396301e+02, 7.36273315e+02, 8.21350830e+02, 7.49449280e+02,
    8.41382568e+02, 7.62807861e+02, 8.61506592e+02, 7.76192932e+02,
    7.48180237e+02, 7.30147278e+02, 7.67958069e+02, 7.43429871e+02,
    7.87994629e+02, 7.56668884e+02, 8.07872742e+02, 7.70033691e+02,
    8.28078613e+02, 7.83445068e+02, 8.48210510e+02, 7.96836548e+02,
    7.34551819e+02, 7.50651611e+02, 7.54484375e+02, 7.64046509e+02,
    7.74470154e+02, 7.77430420e+02, 7.94489075e+02, 7.90696045e+02,
    8.14551880e+02, 8.04198669e+02, 8.34754700e+02, 8.17639282e+02,
    7.20870972e+02, 7.71366333e+02, 7.40766479e+02, 7.84718262e+02,
    7.60871033e+02, 7.98178345e+02, 7.80871887e+02, 8.11549438e+02,
    8.01163269e+02, 8.25139771e+02, 8.21297241e+02, 8.38679260e+02,
    7.07211792e+02, 7.92097290e+02, 7.27282349e+02, 8.05571960e+02,
    7.47313538e+02, 8.19004272e+02, 7.67294617e+02, 8.32525085e+02,
    7.87456360e+02, 8.46104675e+02, 8.07662476e+02, 8.59733276e+02,
    6.93462341e+02, 8.12907593e+02, 7.13494080e+02, 8.26429871e+02,
    7.33610596e+02, 8.39968018e+02, 7.53620972e+02, 8.53542786e+02,
    7.73820190e+02, 8.67229675e+02, 7.94090576e+02, 8.80911926e+02 ]
