%YAML:1.0
---
points: [ 1.97901764e+02, 2.08410202e+02, 2.04935669e+02, 2.13210159e+02,
    2.12246811e+02, 2.18071564e+02, 2.19123169e+02, 2.22728943e+02,
    2.26373795e+02, 2.27452835e+02, 2.33258011e+02, 2.32160660e+02,
    1.93043732e+02, 2.15598541e+02, 2.00260620e+02, 2.20263962e+02,
    2.07388062e+02, 2.24964325e+02, 2.14368042e+02, 2.29782623e+02,
    2.21651733e+02, 2.34345444e+02, 2.28576767e+02, 2.39240280e+02,
    1.88276886e+02, 2.22574829e+02, 1.95509567e+02, 2.27310501e+02,
    2.02604950e+02, 2.32050903e+02, 2.09648590e+02, 2.36752701e+02,
    2.16786697e+02, 2.41587341e+02, 2.23811661e+02, 2.46175034e+02,
    1.83432205e+02, 2.29717911e+02, 1.90639877e+02, 2.34482529e+02,
    1.97765869e+02, 2.39202393e+02, 2.04944458e+02, 2.43851654e+02,
    2.11992905e+02, 2.48600159e+02, 2.19101776e+02, 2.53301254e+02,
    1.78551163e+02, 2.36801651e+02, 1.85813065e+02, 2.41525925e+02,
    1.92952438e+02, 2.46300797e+02, 2.00091888e+02, 2.51009644e+02,
    2.07194626e+02, 2.55714767e+02, 2.14288162e+02, 2.60381622e+02,
    1.73612915e+02, 2.43943497e+02, 1.80906952e+02, 2.48703262e+02,
    1.88024872e+02, 2.53455597e+02, 1.95248093e+02, 2.58162628e+02,
    2.02372284e+02, 2.62805603e+02, 2.09493149e+02, 2.67536011e+02,
    1.68784698e+02, 2.51127975e+02, 1.76001770e+02, 2.55825058e+02,
    1.83221619e+02, 2.60637177e+02, 1.90385925e+02, 2.65261841e+02,
    1.97515701e+02, 2.70069244e+02, 2.04656433e+02, 2.74699951e+02,
    1.63822388e+02, 2.58317474e+02, 1.71080399e+02, 2.63035431e+02,
    1.78336533e+02, 2.67757660e+02, 1.85509094e+02, 2.72513641e+02,
    1.92699280e+02, 2.77094604e+02, 1.99846848e+02, 2.81838959e+02 ]
