%YAML:1.0
---
points: [ 2.90456909e+02, 2.24375439e+01, 3.03169861e+02, 3.25039597e+01,
    3.15468597e+02, 4.21471939e+01, 3.27713837e+02, 5.17848358e+01,
    3.39666687e+02, 6.11692848e+01, 3.51636749e+02, 7.07061234e+01,
    2.81717163e+02, 3.57871170e+01, 2.94274780e+02, 4.54581413e+01,
    3.06776031e+02, 5.52469940e+01, 3.18909668e+02, 6.47025757e+01,
    3.31018005e+02, 7.41042328e+01, 3.42872498e+02, 8.33462601e+01,
    2.72743835e+02, 4.89798698e+01, 2.85468170e+02, 5.87251282e+01,
    2.97945282e+02, 6.82996597e+01, 3.10202118e+02, 7.77195053e+01,
    3.22200500e+02, 8.70156937e+01, 3.34292725e+02, 9.61560516e+01,
    2.63950806e+02, 6.23371735e+01, 2.76678528e+02, 7.19167709e+01,
    2.89157959e+02, 8.14095535e+01, 3.01452332e+02, 9.07177429e+01,
    3.13564209e+02, 9.98522415e+01, 3.25546936e+02, 1.08974197e+02,
    2.55140381e+02, 7.55942993e+01, 2.67868073e+02, 8.51562347e+01,
    2.80424988e+02, 9.45311432e+01, 2.92754547e+02, 1.03705109e+02,
    3.04896606e+02, 1.12765846e+02, 3.16859222e+02, 1.21697968e+02,
    2.46416214e+02, 8.88545227e+01, 2.59185791e+02, 9.82199707e+01,
    2.71770447e+02, 1.07470688e+02, 2.84077484e+02, 1.16563095e+02,
    2.96254608e+02, 1.25511238e+02, 3.08237610e+02, 1.34365479e+02,
    2.37764481e+02, 1.01893524e+02, 2.50581985e+02, 1.11201920e+02,
    2.63180298e+02, 1.20413612e+02, 2.75551849e+02, 1.29294815e+02,
    2.87752380e+02, 1.38158203e+02, 2.99791321e+02, 1.46818939e+02,
    2.29143143e+02, 1.14961800e+02, 2.41981247e+02, 1.24138786e+02,
    2.54691345e+02, 1.33149170e+02, 2.67044342e+02, 1.41996216e+02,
    2.79327393e+02, 1.50729446e+02, 2.91453430e+02, 1.59343384e+02 ]
