%YAML:1.0
---
points: [ 1.94556122e+02, 3.08353577e+02, 2.01647995e+02, 3.13668732e+02,
    2.08865067e+02, 3.18922089e+02, 2.16046799e+02, 3.24179779e+02,
    2.23423569e+02, 3.29612854e+02, 2.30745682e+02, 3.34998474e+02,
    1.89434280e+02, 3.16031921e+02, 1.96533432e+02, 3.21327972e+02,
    2.03727585e+02, 3.26631195e+02, 2.10915131e+02, 3.31976105e+02,
    2.18246124e+02, 3.37405334e+02, 2.25640945e+02, 3.42914154e+02,
    1.84265717e+02, 3.23736298e+02, 1.91399277e+02, 3.29064636e+02,
    1.98557053e+02, 3.34473877e+02, 2.05781540e+02, 3.39793060e+02,
    2.13088074e+02, 3.45293823e+02, 2.20490005e+02, 3.50757812e+02,
    1.79080490e+02, 3.31446960e+02, 1.86222977e+02, 3.36832886e+02,
    1.93347458e+02, 3.42222565e+02, 2.00625839e+02, 3.47697449e+02,
    2.07908783e+02, 3.53163239e+02, 2.15324188e+02, 3.58772766e+02,
    1.73891388e+02, 3.39219696e+02, 1.81004318e+02, 3.44595154e+02,
    1.88217133e+02, 3.50108917e+02, 1.95368484e+02, 3.55560364e+02,
    2.02746338e+02, 3.61131287e+02, 2.10125961e+02, 3.66667755e+02,
    1.68586212e+02, 3.46913940e+02, 1.75744675e+02, 3.52452393e+02,
    1.82937881e+02, 3.57825897e+02, 1.90205109e+02, 3.63458710e+02,
    1.97454636e+02, 3.68990540e+02, 2.04881927e+02, 3.74728546e+02,
    1.63358093e+02, 3.54788147e+02, 1.70472977e+02, 3.60205292e+02,
    1.77696335e+02, 3.65827515e+02, 1.84913559e+02, 3.71262939e+02,
    1.92300140e+02, 3.77061737e+02, 1.99618408e+02, 3.82476196e+02,
    1.58105682e+02, 3.62516815e+02, 1.65320007e+02, 3.68090668e+02,
    1.72447266e+02, 3.73522034e+02, 1.79750275e+02, 3.79250977e+02,
    1.87006912e+02, 3.84762939e+02, 1.94400177e+02, 3.90641327e+02 ]
