%YAML:1.0
---
points: [ 7.26912231e+02, 8.35919800e+02, 7.47014954e+02, 8.51234924e+02,
    7.67285645e+02, 8.66571472e+02, 7.87693848e+02, 8.82089050e+02,
    8.08396118e+02, 8.97610535e+02, 8.29374207e+02, 9.13420105e+02,
    7.11801514e+02, 8.57804016e+02, 7.31943970e+02, 8.73273438e+02,
    7.52309448e+02, 8.88728821e+02, 7.72568909e+02, 9.04364807e+02,
    7.93316101e+02, 9.20115784e+02, 8.14079590e+02, 9.36020996e+02,
    6.96544983e+02, 8.79836792e+02, 7.16623657e+02, 8.95388733e+02,
    7.36892822e+02, 9.11035339e+02, 7.57343628e+02, 9.26818420e+02,
    7.77976624e+02, 9.42643372e+02, 7.98799377e+02, 9.58729370e+02,
    6.81134338e+02, 9.02175293e+02, 7.01279846e+02, 9.17722351e+02,
    7.21543396e+02, 9.33556335e+02, 7.41908875e+02, 9.49442505e+02,
    7.62579224e+02, 9.65453186e+02, 7.83477051e+02, 9.81699036e+02,
    6.65462708e+02, 9.24516235e+02, 6.85708069e+02, 9.40352722e+02,
    7.06030884e+02, 9.56322571e+02, 7.26542542e+02, 9.72294861e+02,
    7.47182373e+02, 9.88446716e+02, 7.67994995e+02, 1.00487817e+03,
    6.49736328e+02, 9.47100037e+02, 6.70006348e+02, 9.63075989e+02,
    6.90422729e+02, 9.79060059e+02, 7.10860901e+02, 9.95204285e+02,
    7.31547913e+02, 1.01153986e+03, 7.52430908e+02, 1.02811804e+03,
    6.34184937e+02, 9.69695007e+02, 6.54417236e+02, 9.85766968e+02,
    6.74716187e+02, 1.00197742e+03, 6.95265564e+02, 1.01831830e+03,
    7.15874878e+02, 1.03477954e+03, 7.36701477e+02, 1.05153540e+03,
    6.18399353e+02, 9.92536072e+02, 6.38586731e+02, 1.00863361e+03,
    6.59077942e+02, 1.02511670e+03, 6.79516418e+02, 1.04150122e+03,
    7.00170776e+02, 1.05806970e+03, 7.20905762e+02, 1.07454956e+03 ]
