%YAML:1.0
---
points: [ 1.74047302e+02, 6.15944099e+01, 1.82819244e+02, 6.73431015e+01,
    1.91554977e+02, 7.29904251e+01, 2.00126740e+02, 7.85165100e+01,
    2.08648804e+02, 8.40671997e+01, 2.17014618e+02, 8.94989319e+01,
    1.69739456e+02, 7.02871857e+01, 1.78460037e+02, 7.58496017e+01,
    1.87128159e+02, 8.13805084e+01, 1.95674026e+02, 8.68348160e+01,
    2.04024017e+02, 9.22140884e+01, 2.12378159e+02, 9.75917053e+01,
    1.65503311e+02, 7.87134857e+01, 1.74189392e+02, 8.42163696e+01,
    1.82775406e+02, 8.96452484e+01, 1.91215698e+02, 9.49835968e+01,
    1.99625717e+02, 1.00294373e+02, 2.07847351e+02, 1.05443367e+02,
    1.61335846e+02, 8.70930405e+01, 1.69975555e+02, 9.24034882e+01,
    1.78499832e+02, 9.77529449e+01, 1.86896255e+02, 1.02940804e+02,
    1.95206284e+02, 1.08154282e+02, 2.03430481e+02, 1.13249657e+02,
    1.57321274e+02, 9.51881714e+01, 1.65859985e+02, 1.00449409e+02,
    1.74349899e+02, 1.05680771e+02, 1.82706604e+02, 1.10786430e+02,
    1.90915253e+02, 1.15836792e+02, 1.99080154e+02, 1.20854866e+02,
    1.53317017e+02, 1.03118950e+02, 1.61839752e+02, 1.08297249e+02,
    1.70241379e+02, 1.13402893e+02, 1.78539307e+02, 1.18413811e+02,
    1.86758621e+02, 1.23361412e+02, 1.94809341e+02, 1.28322998e+02,
    1.49499924e+02, 1.10884766e+02, 1.57883118e+02, 1.15938164e+02,
    1.66292419e+02, 1.20941994e+02, 1.74567001e+02, 1.25853203e+02,
    1.82689697e+02, 1.30752213e+02, 1.90688782e+02, 1.35562500e+02,
    1.45720505e+02, 1.18417664e+02, 1.54160080e+02, 1.23375587e+02,
    1.62400986e+02, 1.28289581e+02, 1.70615692e+02, 1.33107376e+02,
    1.78674576e+02, 1.37916748e+02, 1.86635544e+02, 1.42622757e+02 ]
