%YAML:1.0
---
points: [ 2.91699005e+02, 1.18035225e+02, 3.03753937e+02, 1.27155327e+02,
    3.15599701e+02, 1.36202606e+02, 3.27282684e+02, 1.44988419e+02,
    3.38830719e+02, 1.53804138e+02, 3.50362488e+02, 1.62480774e+02,
    2.82852844e+02, 1.30610901e+02, 2.94942535e+02, 1.39638092e+02,
    3.06795349e+02, 1.48589844e+02, 3.18427277e+02, 1.57353531e+02,
    3.30082977e+02, 1.65972137e+02, 3.41608063e+02, 1.74564163e+02,
    2.73892090e+02, 1.43217102e+02, 2.86056213e+02, 1.52058899e+02,
    2.98003021e+02, 1.60879654e+02, 3.09734741e+02, 1.69554443e+02,
    3.21327515e+02, 1.78107147e+02, 3.32907166e+02, 1.86633392e+02,
    2.65243225e+02, 1.55601151e+02, 2.77260132e+02, 1.64417435e+02,
    2.89232513e+02, 1.73061584e+02, 3.00954956e+02, 1.81623505e+02,
    3.12627472e+02, 1.90050308e+02, 3.24179413e+02, 1.98482391e+02,
    2.56531494e+02, 1.67862640e+02, 2.68580933e+02, 1.76628128e+02,
    2.80566315e+02, 1.85153412e+02, 2.92319916e+02, 1.93649246e+02,
    3.03977448e+02, 2.02036530e+02, 3.15576813e+02, 2.10348282e+02,
    2.47873215e+02, 1.80043976e+02, 2.59966888e+02, 1.88728302e+02,
    2.71960266e+02, 1.97193085e+02, 2.83751984e+02, 2.05568817e+02,
    2.95425201e+02, 2.13866180e+02, 3.06946228e+02, 2.22116501e+02,
    2.39189896e+02, 1.92278610e+02, 2.51494049e+02, 2.00719437e+02,
    2.63432770e+02, 2.09195541e+02, 2.75236206e+02, 2.17506927e+02,
    2.86982971e+02, 2.25707657e+02, 2.98556213e+02, 2.33842499e+02,
    2.30771011e+02, 2.04351044e+02, 2.42915527e+02, 2.12871201e+02,
    2.54943588e+02, 2.21144623e+02, 2.66844940e+02, 2.29388657e+02,
    2.78587463e+02, 2.37592346e+02, 2.90175690e+02, 2.45645645e+02 ]
