%YAML:1.0
---
points: [ 9.91058838e+02, 1.42093796e+02, 1.01289917e+03, 1.58091309e+02,
    1.03433508e+03, 1.73612457e+02, 1.05541699e+03, 1.88916946e+02,
    1.07603284e+03, 2.04027786e+02, 1.09655676e+03, 2.18836746e+02,
    9.75542969e+02, 1.65420456e+02, 9.97215515e+02, 1.80958084e+02,
    1.01865973e+03, 1.96276169e+02, 1.03954041e+03, 2.11322678e+02,
    1.06038574e+03, 2.25997757e+02, 1.08061023e+03, 2.40626831e+02,
    9.60495361e+02, 1.88385147e+02, 9.82285522e+02, 2.03579712e+02,
    1.00343683e+03, 2.18534851e+02, 1.02430334e+03, 2.33290634e+02,
    1.04485168e+03, 2.47575256e+02, 1.06539026e+03, 2.61939911e+02,
    9.45816589e+02, 2.10860321e+02, 9.67396240e+02, 2.25808182e+02,
    9.88613037e+02, 2.40399979e+02, 1.00931403e+03, 2.54744553e+02,
    1.02986072e+03, 2.68834839e+02, 1.05009314e+03, 2.82796814e+02,
    9.31291138e+02, 2.33057495e+02, 9.52745239e+02, 2.47587708e+02,
    9.73806274e+02, 2.61926086e+02, 9.94595032e+02, 2.75945984e+02,
    1.01503912e+03, 2.89698547e+02, 1.03533472e+03, 3.03432281e+02,
    9.17201965e+02, 2.54710312e+02, 9.38482971e+02, 2.68919281e+02,
    9.59508179e+02, 2.82915131e+02, 9.80157043e+02, 2.96681000e+02,
    1.00049890e+03, 3.10252045e+02, 1.02058258e+03, 3.23589508e+02,
    9.03189819e+02, 2.75808075e+02, 9.24467041e+02, 2.89713257e+02,
    9.45370178e+02, 3.03507477e+02, 9.65910889e+02, 3.16846375e+02,
    9.86190186e+02, 3.30282288e+02, 1.00626996e+03, 3.43420135e+02,
    8.89484131e+02, 2.96573120e+02, 9.10641663e+02, 3.10233063e+02,
    9.31523926e+02, 3.23602081e+02, 9.51947693e+02, 3.36701874e+02,
    9.72272522e+02, 3.49780090e+02, 9.92156006e+02, 3.62576141e+02 ]
