%YAML:1.0
---
points: [ 2.84941498e+02, 6.59184265e+01, 2.92442657e+02, 7.14074478e+01,
    2.99885315e+02, 7.67296753e+01, 3.07122803e+02, 8.19598770e+01,
    3.14317688e+02, 8.72133331e+01, 3.21276886e+02, 9.22983475e+01,
    2.79484589e+02, 7.41189423e+01, 2.86953827e+02, 7.94566727e+01,
    2.94292664e+02, 8.47201462e+01, 3.01503448e+02, 8.98654785e+01,
    3.08641235e+02, 9.49250336e+01, 3.15670624e+02, 9.99546967e+01,
    2.74105743e+02, 8.21635208e+01, 2.81541901e+02, 8.74046249e+01,
    2.88867126e+02, 9.25651169e+01, 2.96089874e+02, 9.75773697e+01,
    3.03179230e+02, 1.02610596e+02, 3.10136627e+02, 1.07474007e+02,
    2.68886597e+02, 9.01166840e+01, 2.76276459e+02, 9.52476959e+01,
    2.83593811e+02, 1.00307648e+02, 2.90743317e+02, 1.05267555e+02,
    2.97792725e+02, 1.10045456e+02, 3.04744995e+02, 1.14861397e+02,
    2.63703339e+02, 9.79366074e+01, 2.71135925e+02, 1.02912300e+02,
    2.78436890e+02, 1.07832726e+02, 2.85473938e+02, 1.12652229e+02,
    2.92529327e+02, 1.17461678e+02, 2.99437408e+02, 1.22123970e+02,
    2.58697906e+02, 1.05557785e+02, 2.66048553e+02, 1.10496292e+02,
    2.73240448e+02, 1.15255684e+02, 2.80336121e+02, 1.19999512e+02,
    2.87432281e+02, 1.24670242e+02, 2.94305603e+02, 1.29285309e+02,
    2.53753860e+02, 1.12983940e+02, 2.61045013e+02, 1.17791542e+02,
    2.68242798e+02, 1.22580070e+02, 2.75326050e+02, 1.27153252e+02,
    2.82303894e+02, 1.31762573e+02, 2.89142639e+02, 1.36249741e+02,
    2.48889420e+02, 1.20275017e+02, 2.56216705e+02, 1.24924507e+02,
    2.63345490e+02, 1.29637100e+02, 2.70343750e+02, 1.34086060e+02,
    2.77319366e+02, 1.38622498e+02, 2.84186401e+02, 1.43024734e+02 ]
