%YAML:1.0
---
points: [ 4.43707153e+02, 1.86312759e+02, 4.52904938e+02, 1.93791397e+02,
    4.61669647e+02, 2.01154205e+02, 4.70497345e+02, 2.08335342e+02,
    4.78956543e+02, 2.15544434e+02, 4.87418274e+02, 2.22525055e+02,
    4.36298218e+02, 1.96723557e+02, 4.45365631e+02, 2.04068237e+02,
    4.54495331e+02, 2.11335449e+02, 4.63225586e+02, 2.18521057e+02,
    4.71978851e+02, 2.25592743e+02, 4.80297516e+02, 2.32623962e+02,
    4.28770203e+02, 2.07061874e+02, 4.37975403e+02, 2.14342453e+02,
    4.47028961e+02, 2.21605453e+02, 4.56053711e+02, 2.28671356e+02,
    4.64805725e+02, 2.35776855e+02, 4.73375427e+02, 2.42650024e+02,
    4.21168335e+02, 2.17431671e+02, 4.30425812e+02, 2.24648956e+02,
    4.39669434e+02, 2.31723602e+02, 4.48577576e+02, 2.38907852e+02,
    4.57483673e+02, 2.45768600e+02, 4.66077454e+02, 2.52715622e+02,
    4.13511841e+02, 2.27660202e+02, 4.22889496e+02, 2.34808517e+02,
    4.32142975e+02, 2.41983536e+02, 4.41294220e+02, 2.48961273e+02,
    4.50070068e+02, 2.55925659e+02, 4.58865601e+02, 2.62639130e+02,
    4.05990509e+02, 2.37886398e+02, 4.15403870e+02, 2.45037460e+02,
    4.24679443e+02, 2.52104156e+02, 4.33776672e+02, 2.59079071e+02,
    4.42809875e+02, 2.65855988e+02, 4.51432220e+02, 2.72709900e+02,
    3.98349152e+02, 2.48142792e+02, 4.07913269e+02, 2.55190140e+02,
    4.17240936e+02, 2.62265167e+02, 4.26428802e+02, 2.69127075e+02,
    4.35432495e+02, 2.76022156e+02, 4.44417694e+02, 2.82640564e+02,
    3.90983612e+02, 2.58413788e+02, 4.00488342e+02, 2.65530884e+02,
    4.10021454e+02, 2.72477631e+02, 4.19284821e+02, 2.79384979e+02,
    4.28444244e+02, 2.86131287e+02, 4.37224152e+02, 2.92871826e+02 ]
