%YAML:1.0
---
points: [ 2.99662231e+02, 1.74502060e+02, 3.06785126e+02, 1.79126556e+02,
    3.13810303e+02, 1.83745392e+02, 3.20854523e+02, 1.88322876e+02,
    3.27787109e+02, 1.92922440e+02, 3.34689606e+02, 1.97375534e+02,
    2.94679382e+02, 1.81599609e+02, 3.01792908e+02, 1.86200073e+02,
    3.08817322e+02, 1.90794846e+02, 3.15788361e+02, 1.95332504e+02,
    3.22784943e+02, 1.99848373e+02, 3.29643280e+02, 2.04356918e+02,
    2.89824707e+02, 1.88640610e+02, 2.96887054e+02, 1.93176498e+02,
    3.03950104e+02, 1.97731247e+02, 3.10905579e+02, 2.02235611e+02,
    3.17847565e+02, 2.06750397e+02, 3.24680664e+02, 2.11138458e+02,
    2.85019623e+02, 1.95654434e+02, 2.92069244e+02, 2.00197693e+02,
    2.99148712e+02, 2.04689331e+02, 3.05993347e+02, 2.09180206e+02,
    3.12947083e+02, 2.13481628e+02, 3.19809967e+02, 2.17932831e+02,
    2.80262421e+02, 2.02591827e+02, 2.87261658e+02, 2.07053986e+02,
    2.94311584e+02, 2.11468948e+02, 3.01213593e+02, 2.15923050e+02,
    3.08139526e+02, 2.20321243e+02, 3.14903290e+02, 2.24667816e+02,
    2.75626709e+02, 2.09489212e+02, 2.82596741e+02, 2.13941025e+02,
    2.89551849e+02, 2.18247635e+02, 2.96491760e+02, 2.22666061e+02,
    3.03364685e+02, 2.27010239e+02, 3.10194000e+02, 2.31344055e+02,
    2.70867188e+02, 2.16305618e+02, 2.77842072e+02, 2.20665497e+02,
    2.84811768e+02, 2.25073380e+02, 2.91776123e+02, 2.29335846e+02,
    2.98635040e+02, 2.33615723e+02, 3.05380219e+02, 2.37892410e+02,
    2.66266693e+02, 2.22988693e+02, 2.73269806e+02, 2.27279251e+02,
    2.80164062e+02, 2.31627151e+02, 2.87093933e+02, 2.35825180e+02,
    2.93908173e+02, 2.40177429e+02, 3.00658081e+02, 2.44363495e+02 ]
