%YAML:1.0
---
points: [ 7.52558670e+01, 8.41195557e+02, 7.60571060e+01, 8.03466858e+02,
    7.74239502e+01, 7.65871094e+02, 7.89273758e+01, 7.28436401e+02,
    8.04702072e+01, 6.90850159e+02, 8.18620300e+01, 6.53382019e+02,
    1.09733849e+02, 8.42396240e+02, 1.11128288e+02, 8.04368408e+02,
    1.12201714e+02, 7.66624939e+02, 1.13326508e+02, 7.28945923e+02,
    1.14462898e+02, 6.91520691e+02, 1.15690948e+02, 6.53818909e+02,
    1.44168243e+02, 8.43547668e+02, 1.45095047e+02, 8.05549561e+02,
    1.46228912e+02, 7.67452820e+02, 1.47365967e+02, 7.29744690e+02,
    1.48377304e+02, 6.92128723e+02, 1.49386169e+02, 6.54323669e+02,
    1.77859207e+02, 8.44741028e+02, 1.78959610e+02, 8.06709473e+02,
    1.80088776e+02, 7.68547607e+02, 1.81233383e+02, 7.30548279e+02,
    1.82278412e+02, 6.92707153e+02, 1.83312698e+02, 6.54849915e+02,
    2.12285538e+02, 8.46050354e+02, 2.13324615e+02, 8.07823425e+02,
    2.14424713e+02, 7.69534729e+02, 2.15589264e+02, 7.31485168e+02,
    2.16810944e+02, 6.93318787e+02, 2.17965057e+02, 6.55226379e+02,
    2.46958298e+02, 8.47537781e+02, 2.48097000e+02, 8.08918579e+02,
    2.49164536e+02, 7.70528809e+02, 2.50348648e+02, 7.32266174e+02,
    2.51591507e+02, 6.93765991e+02, 2.52698120e+02, 6.55652039e+02,
    2.82492767e+02, 8.48661194e+02, 2.83682465e+02, 8.09792358e+02,
    2.84671539e+02, 7.71272949e+02, 2.85707581e+02, 7.32918091e+02,
    2.86742645e+02, 6.94519653e+02, 2.87832855e+02, 6.56174500e+02,
    3.18353912e+02, 8.49720276e+02, 3.19293854e+02, 8.10915039e+02,
    3.20413086e+02, 7.72125244e+02, 3.21566284e+02, 7.33581177e+02,
    3.22504944e+02, 6.95177612e+02, 3.23442474e+02, 6.56498047e+02 ]
