%YAML:1.0
---
points: [ 1.03428564e+03, 4.53399353e+02, 1.05484106e+03, 4.67139893e+02,
    1.07523132e+03, 4.80569855e+02, 1.09545642e+03, 4.93938538e+02,
    1.11540564e+03, 5.07262115e+02, 1.13541248e+03, 5.20474915e+02,
    1.02025903e+03, 4.73671021e+02, 1.04060327e+03, 4.87221588e+02,
    1.06093237e+03, 5.00580383e+02, 1.08099072e+03, 5.13809570e+02,
    1.10106409e+03, 5.27147034e+02, 1.12094360e+03, 5.40201904e+02,
    1.00629254e+03, 4.93906494e+02, 1.02662769e+03, 5.07282990e+02,
    1.04694739e+03, 5.20552917e+02, 1.06704614e+03, 5.33616333e+02,
    1.08696533e+03, 5.46666870e+02, 1.10685254e+03, 5.59642273e+02,
    9.92522705e+02, 5.13884094e+02, 1.01278546e+03, 5.27215881e+02,
    1.03309424e+03, 5.40330261e+02, 1.05306616e+03, 5.53346619e+02,
    1.07304382e+03, 5.66197327e+02, 1.09281421e+03, 5.78953979e+02,
    9.78653137e+02, 5.33841858e+02, 9.99128540e+02, 5.47036377e+02,
    1.01930945e+03, 5.59955994e+02, 1.03933081e+03, 5.72764954e+02,
    1.05916956e+03, 5.85576172e+02, 1.07892688e+03, 5.98325562e+02,
    9.65257935e+02, 5.53609863e+02, 9.85492798e+02, 5.66570312e+02,
    1.00559045e+03, 5.79364075e+02, 1.02552966e+03, 5.92141846e+02,
    1.04549597e+03, 6.04663757e+02, 1.06514905e+03, 6.17333191e+02,
    9.51649597e+02, 5.73052124e+02, 9.71996216e+02, 5.85765747e+02,
    9.92092712e+02, 5.98578491e+02, 1.01200159e+03, 6.11183044e+02,
    1.03170789e+03, 6.23674011e+02, 1.05148560e+03, 6.36234314e+02,
    9.38518677e+02, 5.92292480e+02, 9.58597473e+02, 6.04848938e+02,
    9.78649109e+02, 6.17518921e+02, 9.98520325e+02, 6.29902710e+02,
    1.01831110e+03, 6.42400024e+02, 1.03787109e+03, 6.54698547e+02 ]
