%YAML:1.0
---
points: [ 2.99613129e+02, 1.74605026e+02, 3.06774933e+02, 1.79214081e+02,
    3.13824463e+02, 1.83879272e+02, 3.20832397e+02, 1.88403442e+02,
    3.27814484e+02, 1.93015472e+02, 3.34769897e+02, 1.97528015e+02,
    2.94669281e+02, 1.81657578e+02, 3.01813782e+02, 1.86247574e+02,
    3.08826416e+02, 1.90857452e+02, 3.15807129e+02, 1.95403610e+02,
    3.22771667e+02, 1.99897461e+02, 3.29685272e+02, 2.04417084e+02,
    2.89794952e+02, 1.88698868e+02, 2.96853668e+02, 1.93277512e+02,
    3.03990814e+02, 1.97812851e+02, 3.10881165e+02, 2.02297989e+02,
    3.17830414e+02, 2.06814774e+02, 3.24691437e+02, 2.11268524e+02,
    2.85029694e+02, 1.95745071e+02, 2.92118469e+02, 2.00252548e+02,
    2.99125641e+02, 2.04771576e+02, 3.06073486e+02, 2.09202148e+02,
    3.12986816e+02, 2.13605026e+02, 3.19803101e+02, 2.18019287e+02,
    2.80294189e+02, 2.02678558e+02, 2.87265045e+02, 2.07139999e+02,
    2.94313324e+02, 2.11596664e+02, 3.01223450e+02, 2.15996841e+02,
    3.08143433e+02, 2.20398727e+02, 3.14913818e+02, 2.24778488e+02,
    2.75625977e+02, 2.09587128e+02, 2.82564667e+02, 2.14018387e+02,
    2.89575684e+02, 2.18352722e+02, 2.96492828e+02, 2.22726822e+02,
    3.03416138e+02, 2.27081161e+02, 3.10145966e+02, 2.31396927e+02,
    2.70848145e+02, 2.16400726e+02, 2.77832031e+02, 2.20744720e+02,
    2.84846161e+02, 2.25113846e+02, 2.91725433e+02, 2.29405777e+02,
    2.98636597e+02, 2.33714737e+02, 3.05322205e+02, 2.38004974e+02,
    2.66267700e+02, 2.23085800e+02, 2.73272858e+02, 2.27331970e+02,
    2.80179596e+02, 2.31735794e+02, 2.87042694e+02, 2.35878067e+02,
    2.93907166e+02, 2.40259720e+02, 3.00774963e+02, 2.44433395e+02 ]
