%YAML:1.0
---
points: [ 4.57038727e+02, 1.55368256e+02, 4.66284851e+02, 1.63276505e+02,
    4.75034698e+02, 1.71062347e+02, 4.83897369e+02, 1.78743362e+02,
    4.92214905e+02, 1.86300751e+02, 5.00717499e+02, 1.93801697e+02,
    4.49363708e+02, 1.65943283e+02, 4.58466339e+02, 1.73683640e+02,
    4.67576569e+02, 1.81365112e+02, 4.76358521e+02, 1.89057434e+02,
    4.85102966e+02, 1.96526810e+02, 4.93343628e+02, 2.03982391e+02,
    4.41403381e+02, 1.76395096e+02, 4.50766937e+02, 1.84152161e+02,
    4.59783691e+02, 1.91790894e+02, 4.68877533e+02, 1.99330521e+02,
    4.77579651e+02, 2.06781067e+02, 4.86241608e+02, 2.14110458e+02,
    4.33472687e+02, 1.86944901e+02, 4.42775360e+02, 1.94557678e+02,
    4.52085968e+02, 2.02160553e+02, 4.61042603e+02, 2.09610977e+02,
    4.70014008e+02, 2.17012283e+02, 4.78549438e+02, 2.24282166e+02,
    4.25449921e+02, 1.97420959e+02, 4.34917755e+02, 2.05033936e+02,
    4.44178040e+02, 2.12533386e+02, 4.53404663e+02, 2.19881958e+02,
    4.62221954e+02, 2.27220734e+02, 4.71125549e+02, 2.34348068e+02,
    4.17555054e+02, 2.07784821e+02, 4.27065186e+02, 2.15333542e+02,
    4.36394135e+02, 2.22770569e+02, 4.45552887e+02, 2.30114807e+02,
    4.54595978e+02, 2.37270523e+02, 4.63316711e+02, 2.44499512e+02,
    4.09508301e+02, 2.18239395e+02, 4.19197540e+02, 2.25711609e+02,
    4.28582977e+02, 2.33104355e+02, 4.37886688e+02, 2.40301285e+02,
    4.46899475e+02, 2.47500107e+02, 4.55939606e+02, 2.54563553e+02,
    4.01760254e+02, 2.28632462e+02, 4.11393219e+02, 2.36072083e+02,
    4.20958496e+02, 2.43354584e+02, 4.30372681e+02, 2.50617035e+02,
    4.39563873e+02, 2.57731934e+02, 4.48452606e+02, 2.64814484e+02 ]
