%YAML:1.0
---
points: [ 1.03429895e+03, 4.53581299e+02, 1.05488867e+03, 4.67357666e+02,
    1.07522192e+03, 4.80796875e+02, 1.09544775e+03, 4.94224243e+02,
    1.11540649e+03, 5.07480042e+02, 1.13542432e+03, 5.20690552e+02,
    1.02026453e+03, 4.73872986e+02, 1.04065015e+03, 4.87414398e+02,
    1.06097534e+03, 5.00790283e+02, 1.08101147e+03, 5.14068237e+02,
    1.10108899e+03, 5.27358582e+02, 1.12100244e+03, 5.40449829e+02,
    1.00626367e+03, 4.94218536e+02, 1.02663525e+03, 5.07485046e+02,
    1.04694067e+03, 5.20770142e+02, 1.06708618e+03, 5.33876465e+02,
    1.08691736e+03, 5.46894348e+02, 1.10688110e+03, 5.59834106e+02,
    9.92497986e+02, 5.14226685e+02, 1.01281848e+03, 5.27473938e+02,
    1.03311255e+03, 5.40552124e+02, 1.05308350e+03, 5.53524109e+02,
    1.07306055e+03, 5.66448059e+02, 1.09277991e+03, 5.79264221e+02,
    9.78650879e+02, 5.34115356e+02, 9.99113464e+02, 5.47306580e+02,
    1.01932520e+03, 5.60221619e+02, 1.03932935e+03, 5.72976685e+02,
    1.05918457e+03, 5.85787537e+02, 1.07893274e+03, 5.98540222e+02,
    9.65261475e+02, 5.53809937e+02, 9.85517090e+02, 5.66788086e+02,
    1.00559351e+03, 5.79589539e+02, 1.02553442e+03, 5.92362305e+02,
    1.04547339e+03, 6.04904663e+02, 1.06516345e+03, 6.17538086e+02,
    9.51668640e+02, 5.73279785e+02, 9.71916870e+02, 5.85986267e+02,
    9.92108215e+02, 5.98774414e+02, 1.01200873e+03, 6.11368591e+02,
    1.03167761e+03, 6.23868164e+02, 1.05147437e+03, 6.36416504e+02,
    9.38496704e+02, 5.92494507e+02, 9.58626892e+02, 6.05152832e+02,
    9.78642883e+02, 6.17703796e+02, 9.98500488e+02, 6.30197571e+02,
    1.01830914e+03, 6.42605225e+02, 1.03787366e+03, 6.54979065e+02 ]
