%YAML:1.0
---
points: [ 3.06663513e+02, 2.79891846e+02, 3.14038269e+02, 2.84700287e+02,
    3.21461426e+02, 2.89486969e+02, 3.28835083e+02, 2.94247925e+02,
    3.36253418e+02, 2.99049652e+02, 3.43608185e+02, 3.03705719e+02,
    3.01997345e+02, 2.87175171e+02, 3.09345398e+02, 2.91974976e+02,
    3.16779388e+02, 2.96825134e+02, 3.24101379e+02, 3.01549133e+02,
    3.31565948e+02, 3.06337646e+02, 3.38956635e+02, 3.11161987e+02,
    2.97310516e+02, 2.94518127e+02, 3.04733917e+02, 2.99302338e+02,
    3.12134674e+02, 3.04130096e+02, 3.19517212e+02, 3.08894318e+02,
    3.26906677e+02, 3.13684082e+02, 3.34345520e+02, 3.18523895e+02,
    2.92749542e+02, 3.01900787e+02, 3.00152893e+02, 3.06747559e+02,
    3.07469940e+02, 3.11477448e+02, 3.14906647e+02, 3.16281128e+02,
    3.22303589e+02, 3.21055908e+02, 3.29710083e+02, 3.25835907e+02,
    2.88066376e+02, 3.09323822e+02, 2.95433685e+02, 3.14086395e+02,
    3.02820770e+02, 3.18855682e+02, 3.10216949e+02, 3.23641968e+02,
    3.17651428e+02, 3.28440704e+02, 3.25037109e+02, 3.33224060e+02,
    2.83432831e+02, 3.16662170e+02, 2.90838196e+02, 3.21466553e+02,
    2.98192596e+02, 3.26276520e+02, 3.05571808e+02, 3.31079651e+02,
    3.12928864e+02, 3.35833893e+02, 3.20409119e+02, 3.40651123e+02,
    2.78742981e+02, 3.24044495e+02, 2.86084808e+02, 3.28833832e+02,
    2.93563690e+02, 3.33680695e+02, 3.00843140e+02, 3.38391479e+02,
    3.08296783e+02, 3.43247314e+02, 3.15702332e+02, 3.47949585e+02,
    2.74078522e+02, 3.31416534e+02, 2.81455444e+02, 3.36198944e+02,
    2.88793427e+02, 3.40982483e+02, 2.96218018e+02, 3.45745605e+02,
    3.03571320e+02, 3.50534241e+02, 3.10955658e+02, 3.55405670e+02 ]
