%YAML:1.0
---
points: [ 3.32679291e+02, 5.48657104e+02, 3.32097534e+02, 5.86615295e+02,
    3.31347809e+02, 6.24653809e+02, 3.30464294e+02, 6.62796814e+02,
    3.29707153e+02, 7.01264832e+02, 3.28983978e+02, 7.39606262e+02,
    2.97459961e+02, 5.48801270e+02, 2.96766449e+02, 5.86655518e+02,
    2.95838470e+02, 6.24555359e+02, 2.95206207e+02, 6.62523438e+02,
    2.94224335e+02, 7.00744995e+02, 2.93520447e+02, 7.39158997e+02,
    2.62489899e+02, 5.48936035e+02, 2.61671722e+02, 5.86632446e+02,
    2.60760498e+02, 6.24437744e+02, 2.59847229e+02, 6.62237000e+02,
    2.58946259e+02, 7.00448792e+02, 2.58246918e+02, 7.38646912e+02,
    2.28217667e+02, 5.49101440e+02, 2.27335739e+02, 5.86650818e+02,
    2.26459167e+02, 6.24323120e+02, 2.25398041e+02, 6.61889709e+02,
    2.24557968e+02, 6.99833679e+02, 2.23654129e+02, 7.37881775e+02,
    1.93992081e+02, 5.49268433e+02, 1.93171768e+02, 5.86606079e+02,
    1.92207397e+02, 6.24158813e+02, 1.91353622e+02, 6.61621277e+02,
    1.90472931e+02, 6.99304688e+02, 1.89620941e+02, 7.37243408e+02,
    1.60308304e+02, 5.49377441e+02, 1.59485229e+02, 5.86612305e+02,
    1.58617767e+02, 6.23830139e+02, 1.57819855e+02, 6.61333008e+02,
    1.56812134e+02, 6.98716187e+02, 1.55970932e+02, 7.36477844e+02,
    1.26940445e+02, 5.49445312e+02, 1.25989410e+02, 5.86617310e+02,
    1.24971497e+02, 6.23724976e+02, 1.24015495e+02, 6.60938293e+02,
    1.22948471e+02, 6.98347717e+02, 1.22046303e+02, 7.35763428e+02,
    9.33406448e+01, 5.49533875e+02, 9.21274109e+01, 5.86522583e+02,
    9.08083801e+01, 6.23573181e+02, 8.96177826e+01, 6.60644470e+02,
    8.84218063e+01, 6.97850342e+02, 8.75737152e+01, 7.35369202e+02 ]
