%YAML:1.0
---
points: [ 3.05236694e+02, 2.91398926e+02, 3.12683899e+02, 2.96097168e+02,
    3.20085876e+02, 3.00834106e+02, 3.27516083e+02, 3.05470703e+02,
    3.34842377e+02, 3.10096649e+02, 3.42239166e+02, 3.14708771e+02,
    3.00422211e+02, 2.98511841e+02, 3.07821594e+02, 3.03179810e+02,
    3.15225891e+02, 3.07848297e+02, 3.22621948e+02, 3.12564789e+02,
    3.29950409e+02, 3.17137177e+02, 3.37349640e+02, 3.21819519e+02,
    2.95642120e+02, 3.05691345e+02, 3.03012390e+02, 3.10350311e+02,
    3.10492401e+02, 3.14997284e+02, 3.17799225e+02, 3.19614563e+02,
    3.25223236e+02, 3.24255280e+02, 3.32534546e+02, 3.28805542e+02,
    2.90869812e+02, 3.12861847e+02, 2.98332428e+02, 3.17526733e+02,
    3.05668182e+02, 3.22136597e+02, 3.13037109e+02, 3.26768311e+02,
    3.20393707e+02, 3.31338501e+02, 3.27734344e+02, 3.35940308e+02,
    2.86225616e+02, 3.20008698e+02, 2.93554749e+02, 3.24660126e+02,
    3.00899139e+02, 3.29283173e+02, 3.08248108e+02, 3.33825714e+02,
    3.15636627e+02, 3.38388458e+02, 3.22926819e+02, 3.42964325e+02,
    2.81421173e+02, 3.27145447e+02, 2.88838867e+02, 3.31809601e+02,
    2.96162384e+02, 3.36339661e+02, 3.03534119e+02, 3.40938477e+02,
    3.10817993e+02, 3.45390228e+02, 3.18147125e+02, 3.50039978e+02,
    2.76707031e+02, 3.34258057e+02, 2.84069977e+02, 3.38740997e+02,
    2.91438202e+02, 3.43439392e+02, 2.98738678e+02, 3.47912781e+02,
    3.06064301e+02, 3.52428223e+02, 3.13307983e+02, 3.56908447e+02,
    2.72007446e+02, 3.41215698e+02, 2.79317963e+02, 3.45760223e+02,
    2.86695557e+02, 3.50324036e+02, 2.94022156e+02, 3.54815491e+02,
    3.01268921e+02, 3.59269958e+02, 3.08603119e+02, 3.63881073e+02 ]
