%YAML:1.0
---
points: [ 4.55370697e+02, 4.84174805e+01, 4.64962830e+02, 5.71355667e+01,
    4.73958954e+02, 6.54549561e+01, 4.83160553e+02, 7.38740463e+01,
    4.91681091e+02, 8.21248398e+01, 5.00589905e+02, 9.03802490e+01,
    4.48339600e+02, 5.90974693e+01, 4.57714630e+02, 6.73973770e+01,
    4.67179474e+02, 7.58615417e+01, 4.76162445e+02, 8.41160889e+01,
    4.85235168e+02, 9.23388824e+01, 4.93807678e+02, 1.00440186e+02,
    4.40806793e+02, 6.96230240e+01, 4.50531311e+02, 7.81591110e+01,
    4.59883057e+02, 8.63312073e+01, 4.69235046e+02, 9.45697784e+01,
    4.78242065e+02, 1.02673477e+02, 4.87207520e+02, 1.10703377e+02,
    4.33306580e+02, 8.05735321e+01, 4.42902161e+02, 8.88064575e+01,
    4.52575775e+02, 9.71110764e+01, 4.61791412e+02, 1.05120453e+02,
    4.71117798e+02, 1.13171036e+02, 4.79967224e+02, 1.21129936e+02,
    4.25501526e+02, 9.14862518e+01, 4.35322235e+02, 9.97167053e+01,
    4.44887207e+02, 1.07792465e+02, 4.54404572e+02, 1.15816956e+02,
    4.63590424e+02, 1.23759789e+02, 4.72761139e+02, 1.31578323e+02,
    4.17736145e+02, 1.02446861e+02, 4.27525787e+02, 1.10551186e+02,
    4.37272583e+02, 1.18546791e+02, 4.46677155e+02, 1.26493591e+02,
    4.56129730e+02, 1.34287460e+02, 4.65204651e+02, 1.42163223e+02,
    4.09874207e+02, 1.13407425e+02, 4.19791565e+02, 1.21444855e+02,
    4.29472931e+02, 1.29395294e+02, 4.39128235e+02, 1.37176834e+02,
    4.48577087e+02, 1.45037491e+02, 4.57919952e+02, 1.52667542e+02,
    4.02064636e+02, 1.24385139e+02, 4.12040344e+02, 1.32356537e+02,
    4.21918030e+02, 1.40167526e+02, 4.31621735e+02, 1.48007599e+02,
    4.41270691e+02, 1.55632385e+02, 4.50505951e+02, 1.63297897e+02 ]
