%YAML:1.0
---
points: [ 5.35525574e+02, 9.28020081e+02, 5.36819885e+02, 8.89993713e+02,
    5.38101013e+02, 8.51913330e+02, 5.39291382e+02, 8.14347778e+02,
    5.40586975e+02, 7.76858521e+02, 5.42013550e+02, 7.39460205e+02,
    5.70807556e+02, 9.29558228e+02, 5.72080078e+02, 8.91325745e+02,
    5.73263977e+02, 8.53364990e+02, 5.74488342e+02, 8.15625000e+02,
    5.75502930e+02, 7.77853271e+02, 5.76476807e+02, 7.40401306e+02,
    6.06247559e+02, 9.31516724e+02, 6.07166260e+02, 8.92911255e+02,
    6.08234314e+02, 8.54825500e+02, 6.09252808e+02, 8.16923523e+02,
    6.10222778e+02, 7.79154114e+02, 6.11245911e+02, 7.41323486e+02,
    6.41269470e+02, 9.33593384e+02, 6.42155090e+02, 8.95059509e+02,
    6.43286316e+02, 8.56404541e+02, 6.44217712e+02, 8.18255920e+02,
    6.45148132e+02, 7.80356506e+02, 6.46022888e+02, 7.42353455e+02,
    6.76861877e+02, 9.35643066e+02, 6.77678528e+02, 8.96874084e+02,
    6.78705627e+02, 8.58299927e+02, 6.79691223e+02, 8.19733948e+02,
    6.80562012e+02, 7.81522461e+02, 6.81405701e+02, 7.43419067e+02,
    7.12722961e+02, 9.38191040e+02, 7.13527710e+02, 8.98771790e+02,
    7.14483459e+02, 8.60017944e+02, 7.15502014e+02, 8.21301208e+02,
    7.16337158e+02, 7.82716675e+02, 7.17051086e+02, 7.44423157e+02,
    7.49470703e+02, 9.40101013e+02, 7.50215637e+02, 9.00788391e+02,
    7.50869080e+02, 8.61542969e+02, 7.51797485e+02, 8.22875183e+02,
    7.52534973e+02, 7.84086975e+02, 7.53201782e+02, 7.45445618e+02,
    7.86419739e+02, 9.42299561e+02, 7.87021240e+02, 9.02629517e+02,
    7.87617920e+02, 8.63358215e+02, 7.88362427e+02, 8.24275024e+02,
    7.89083191e+02, 7.85503479e+02, 7.89580200e+02, 7.46504517e+02 ]
