%YAML:1.0
---
points: [ 9.88528198e+02, 7.71521851e+02, 1.00933893e+03, 7.84478882e+02,
    1.02981091e+03, 7.97124329e+02, 1.05034375e+03, 8.09650940e+02,
    1.07057593e+03, 8.22140808e+02, 1.09096790e+03, 8.34629578e+02,
    9.74779785e+02, 7.91297729e+02, 9.95496399e+02, 8.03982117e+02,
    1.01611279e+03, 8.16569519e+02, 1.03641443e+03, 8.29148743e+02,
    1.05683154e+03, 8.41523804e+02, 1.07706372e+03, 8.54033081e+02,
    9.61132568e+02, 8.11026306e+02, 9.81833923e+02, 8.23558716e+02,
    1.00242572e+03, 8.36177673e+02, 1.02281488e+03, 8.48591553e+02,
    1.04324219e+03, 8.61060974e+02, 1.06349121e+03, 8.73406494e+02,
    9.47650330e+02, 8.30818237e+02, 9.68353271e+02, 8.43411926e+02,
    9.88937378e+02, 8.55817078e+02, 1.00931775e+03, 8.68178955e+02,
    1.02960278e+03, 8.80426392e+02, 1.04984192e+03, 8.92645569e+02,
    9.34189270e+02, 8.50556885e+02, 9.54781555e+02, 8.62954590e+02,
    9.75377563e+02, 8.75359375e+02, 9.95781189e+02, 8.87562988e+02,
    1.01613910e+03, 8.99760986e+02, 1.03641809e+03, 9.11944824e+02,
    9.20745422e+02, 8.70220398e+02, 9.41426697e+02, 8.82553833e+02,
    9.61996033e+02, 8.94704712e+02, 9.82347412e+02, 9.06881287e+02,
    1.00260626e+03, 9.19060974e+02, 1.02281366e+03, 9.31255005e+02,
    9.07337097e+02, 8.89488831e+02, 9.28045532e+02, 9.01724243e+02,
    9.48492310e+02, 9.13956421e+02, 9.68929260e+02, 9.26131897e+02,
    9.89192932e+02, 9.38241821e+02, 1.00945728e+03, 9.50373291e+02,
    8.94198608e+02, 9.08826111e+02, 9.14638245e+02, 9.20885010e+02,
    9.35270752e+02, 9.33050537e+02, 9.55541077e+02, 9.45017273e+02,
    9.75782410e+02, 9.57094788e+02, 9.96084351e+02, 9.69154114e+02 ]
