%YAML:1.0
---
points: [ 4.61945038e+02, 4.96521111e+01, 4.71581482e+02, 5.83140030e+01,
    4.80651489e+02, 6.67389526e+01, 4.89893585e+02, 7.51996765e+01,
    4.98475311e+02, 8.34685974e+01, 5.07857117e+02, 9.17413788e+01,
    4.54970520e+02, 6.02577019e+01, 4.64436340e+02, 6.86662598e+01,
    4.73899261e+02, 7.71425781e+01, 4.82930573e+02, 8.53733521e+01,
    4.92050720e+02, 9.37043533e+01, 5.00614685e+02, 1.01880814e+02,
    4.47454895e+02, 7.08850632e+01, 4.57209686e+02, 7.93348694e+01,
    4.66576324e+02, 8.76372986e+01, 4.75978821e+02, 9.58845901e+01,
    4.85057404e+02, 1.04094757e+02, 4.94080688e+02, 1.12176399e+02,
    4.39880768e+02, 8.18215942e+01, 4.49574860e+02, 9.00863800e+01,
    4.59275391e+02, 9.83402939e+01, 4.68528229e+02, 1.06439796e+02,
    4.77868652e+02, 1.14594177e+02, 4.86741608e+02, 1.22655228e+02,
    4.32081726e+02, 9.27095566e+01, 4.41916565e+02, 1.00991386e+02,
    4.51483246e+02, 1.09149673e+02, 4.61135803e+02, 1.17203461e+02,
    4.70288727e+02, 1.25204773e+02, 4.79591034e+02, 1.33125443e+02,
    4.24195312e+02, 1.03732368e+02, 4.34059814e+02, 1.11890717e+02,
    4.43840485e+02, 1.19952667e+02, 4.53269531e+02, 1.27988884e+02,
    4.62840759e+02, 1.35843018e+02, 4.71965210e+02, 1.43691406e+02,
    4.16212494e+02, 1.14727409e+02, 4.26232086e+02, 1.22778595e+02,
    4.36063873e+02, 1.30809494e+02, 4.45717133e+02, 1.38635666e+02,
    4.55187317e+02, 1.46512665e+02, 4.64648529e+02, 1.54212479e+02,
    4.08339996e+02, 1.25806068e+02, 4.18363831e+02, 1.33745132e+02,
    4.28391846e+02, 1.41656723e+02, 4.38146515e+02, 1.49487839e+02,
    4.47876740e+02, 1.57211609e+02, 4.57194000e+02, 1.64954315e+02 ]
