%YAML:1.0
---
points: [ 5.01376862e+02, 8.51317993e+02, 5.02331512e+02, 8.13449524e+02,
    5.03377594e+02, 7.75588379e+02, 5.04588440e+02, 7.38040955e+02,
    5.05757141e+02, 7.00492432e+02, 5.06878571e+02, 6.62994690e+02,
    5.37446350e+02, 8.52280212e+02, 5.38399719e+02, 8.14140137e+02,
    5.39357788e+02, 7.76239258e+02, 5.40311218e+02, 7.38626770e+02,
    5.41193420e+02, 7.00942810e+02, 5.42233887e+02, 6.63491333e+02,
    5.73095337e+02, 8.53516602e+02, 5.74032593e+02, 8.15061951e+02,
    5.74815918e+02, 7.77108032e+02, 5.75675049e+02, 7.39343018e+02,
    5.76417053e+02, 7.01595459e+02, 5.77267029e+02, 6.63940002e+02,
    6.08559998e+02, 8.54717651e+02, 6.09462952e+02, 8.16439819e+02,
    6.10330261e+02, 7.78008789e+02, 6.11285095e+02, 7.40144287e+02,
    6.11989502e+02, 7.02205627e+02, 6.12647156e+02, 6.64477051e+02,
    6.44589600e+02, 8.56171326e+02, 6.45415466e+02, 8.17546875e+02,
    6.46190918e+02, 7.79192566e+02, 6.47036804e+02, 7.40843018e+02,
    6.47816162e+02, 7.02811768e+02, 6.48498291e+02, 6.64857300e+02,
    6.81008545e+02, 8.57631592e+02, 6.81625977e+02, 8.18697510e+02,
    6.82402649e+02, 7.80203247e+02, 6.83258484e+02, 7.41796326e+02,
    6.83952332e+02, 7.03513550e+02, 6.84554626e+02, 6.65403381e+02,
    7.17771118e+02, 8.58905884e+02, 7.18447021e+02, 8.19715149e+02,
    7.19063904e+02, 7.81135071e+02, 7.19580139e+02, 7.42603760e+02,
    7.20362061e+02, 7.04073547e+02, 7.20944824e+02, 6.65841309e+02,
    7.54970764e+02, 8.60112732e+02, 7.55514709e+02, 8.20977173e+02,
    7.55985718e+02, 7.82106323e+02, 7.56485229e+02, 7.43513306e+02,
    7.57027588e+02, 7.04876770e+02, 7.57559570e+02, 6.66379822e+02 ]
