%YAML:1.0
---
points: [ 7.59053040e+02, 5.61093628e+02, 7.58915955e+02, 5.99056885e+02,
    7.58795959e+02, 6.37185974e+02, 7.58550598e+02, 6.75224792e+02,
    7.58459412e+02, 7.13445984e+02, 7.58219238e+02, 7.51743958e+02,
    7.22735657e+02, 5.61270691e+02, 7.22587952e+02, 5.99054810e+02,
    7.22429138e+02, 6.36894531e+02, 7.22184387e+02, 6.74792969e+02,
    7.21970215e+02, 7.12869324e+02, 7.21693848e+02, 7.51036499e+02,
    6.86748657e+02, 5.61398743e+02, 6.86528870e+02, 5.99002502e+02,
    6.86224609e+02, 6.36687683e+02, 6.85785950e+02, 6.74502380e+02,
    6.85507446e+02, 7.12489746e+02, 6.85303223e+02, 7.50485291e+02,
    6.51236938e+02, 5.61533875e+02, 6.50809753e+02, 5.98959045e+02,
    6.50459656e+02, 6.36503662e+02, 6.50131958e+02, 6.74096741e+02,
    6.49735168e+02, 7.11861206e+02, 6.49371948e+02, 7.49729614e+02,
    6.15949097e+02, 5.61632263e+02, 6.15553955e+02, 5.98910400e+02,
    6.15117126e+02, 6.36328552e+02, 6.14643860e+02, 6.73700439e+02,
    6.14262268e+02, 7.11408569e+02, 6.13747986e+02, 7.49033691e+02,
    5.80837402e+02, 5.61809387e+02, 5.80561523e+02, 5.98880188e+02,
    5.80163757e+02, 6.36182800e+02, 5.79725952e+02, 6.73328125e+02,
    5.79266357e+02, 7.10795715e+02, 5.78667603e+02, 7.48432129e+02,
    5.45931824e+02, 5.61974487e+02, 5.45603149e+02, 5.98928223e+02,
    5.45093567e+02, 6.36020935e+02, 5.44535522e+02, 6.73014404e+02,
    5.43986389e+02, 7.10360596e+02, 5.43331482e+02, 7.47778381e+02,
    5.11260437e+02, 5.62160461e+02, 5.10662781e+02, 5.98860352e+02,
    5.09868958e+02, 6.35856140e+02, 5.09049164e+02, 6.72787537e+02,
    5.08342438e+02, 7.09973267e+02, 5.07754608e+02, 7.47332520e+02 ]
