%YAML:1.0
---
points: [ 1.26458752e+03, 6.82943970e+02, 1.28398816e+03, 6.96087830e+02,
    1.30327051e+03, 7.08933472e+02, 1.32228174e+03, 7.21635132e+02,
    1.34128979e+03, 7.34487488e+02, 1.36015662e+03, 7.47190552e+02,
    1.25014185e+03, 7.02054138e+02, 1.26931543e+03, 7.15070251e+02,
    1.28853333e+03, 7.27846863e+02, 1.30760144e+03, 7.40583496e+02,
    1.32663159e+03, 7.53327332e+02, 1.34561353e+03, 7.66015747e+02,
    1.23572644e+03, 7.21258606e+02, 1.25513940e+03, 7.34064331e+02,
    1.27432043e+03, 7.46805359e+02, 1.29334473e+03, 7.59555725e+02,
    1.31238501e+03, 7.72175598e+02, 1.33138367e+03, 7.84763916e+02,
    1.22174756e+03, 7.40401550e+02, 1.24097913e+03, 7.53225830e+02,
    1.26028674e+03, 7.65808899e+02, 1.27926526e+03, 7.78471069e+02,
    1.29826318e+03, 7.90903564e+02, 1.31718555e+03, 8.03518616e+02,
    1.20770349e+03, 7.59469360e+02, 1.22700244e+03, 7.72122375e+02,
    1.24610449e+03, 7.84743652e+02, 1.26512634e+03, 7.97256897e+02,
    1.28413623e+03, 8.09699341e+02, 1.30297937e+03, 8.22157227e+02,
    1.19376514e+03, 7.78434631e+02, 1.21296692e+03, 7.91035706e+02,
    1.23220557e+03, 8.03531128e+02, 1.25110291e+03, 8.15840698e+02,
    1.27002612e+03, 8.28404053e+02, 1.28893628e+03, 8.40676392e+02,
    1.17971143e+03, 7.97198975e+02, 1.19900220e+03, 8.09621460e+02,
    1.21799951e+03, 8.22149780e+02, 1.23707532e+03, 8.34544739e+02,
    1.25598499e+03, 8.46785706e+02, 1.27486841e+03, 8.59216125e+02,
    1.16591223e+03, 8.15726685e+02, 1.18509595e+03, 8.28311218e+02,
    1.20421399e+03, 8.40585266e+02, 1.22305774e+03, 8.52810669e+02,
    1.24201941e+03, 8.65169373e+02, 1.26091089e+03, 8.77480469e+02 ]
