%YAML:1.0
---
points: [ 3.79427399e+02, 1.16710533e+02, 3.85526947e+02, 1.21881714e+02,
    3.91312958e+02, 1.27100998e+02, 3.97215881e+02, 1.32117645e+02,
    4.02957520e+02, 1.37282288e+02, 4.08674774e+02, 1.42256424e+02,
    3.74611237e+02, 1.23435753e+02, 3.80576721e+02, 1.28665649e+02,
    3.86513916e+02, 1.33814590e+02, 3.92326294e+02, 1.38885147e+02,
    3.98218109e+02, 1.43900925e+02, 4.03933990e+02, 1.48819611e+02,
    3.69599213e+02, 1.30349197e+02, 3.75621490e+02, 1.35428711e+02,
    3.81627289e+02, 1.40530029e+02, 3.87536743e+02, 1.45562973e+02,
    3.93370544e+02, 1.50544861e+02, 3.99128693e+02, 1.55537704e+02,
    3.64663055e+02, 1.37132980e+02, 3.70649811e+02, 1.42244690e+02,
    3.76697510e+02, 1.47278641e+02, 3.82631409e+02, 1.52327698e+02,
    3.88479431e+02, 1.57237442e+02, 3.94328186e+02, 1.62100739e+02,
    3.59559631e+02, 1.43975723e+02, 3.65739380e+02, 1.49038010e+02,
    3.71663727e+02, 1.54066940e+02, 3.77714661e+02, 1.59036987e+02,
    3.83626740e+02, 1.63934708e+02, 3.89373077e+02, 1.68771683e+02,
    3.54713715e+02, 1.50741714e+02, 3.60738647e+02, 1.55841003e+02,
    3.66807953e+02, 1.60765244e+02, 3.72750305e+02, 1.65724426e+02,
    3.78700439e+02, 1.70513290e+02, 3.84597687e+02, 1.75404175e+02,
    3.49688812e+02, 1.57604935e+02, 3.55833862e+02, 1.62524414e+02,
    3.61913971e+02, 1.67550964e+02, 3.67910492e+02, 1.72411163e+02,
    3.73899536e+02, 1.77332672e+02, 3.79709351e+02, 1.82083679e+02,
    3.44873077e+02, 1.64329117e+02, 3.50915863e+02, 1.69301880e+02,
    3.57114227e+02, 1.74197311e+02, 3.63164490e+02, 1.79055954e+02,
    3.69239075e+02, 1.83981430e+02, 3.75084869e+02, 1.88568985e+02 ]
