%YAML:1.0
---
points: [ 3.88399139e+02, 2.15443573e+02, 3.95205017e+02, 2.20030273e+02,
    4.01854187e+02, 2.24532669e+02, 4.08523529e+02, 2.29036636e+02,
    4.15111969e+02, 2.33433533e+02, 4.21613861e+02, 2.37922470e+02,
    3.83381683e+02, 2.22233643e+02, 3.90023315e+02, 2.26824127e+02,
    3.96793060e+02, 2.31217468e+02, 4.03377563e+02, 2.35773926e+02,
    4.10148712e+02, 2.40251251e+02, 4.16603485e+02, 2.44613297e+02,
    3.78288910e+02, 2.29069717e+02, 3.85080139e+02, 2.33522568e+02,
    3.91751801e+02, 2.38054642e+02, 3.98554169e+02, 2.42469574e+02,
    4.05076904e+02, 2.46881454e+02, 4.11581299e+02, 2.51227142e+02,
    3.73548004e+02, 2.35819427e+02, 3.80209290e+02, 2.40300079e+02,
    3.86963440e+02, 2.44757751e+02, 3.93560577e+02, 2.49176773e+02,
    4.00223969e+02, 2.53562866e+02, 4.06723572e+02, 2.57950531e+02,
    3.68562958e+02, 2.42604385e+02, 3.75307770e+02, 2.46945129e+02,
    3.82042206e+02, 2.51437241e+02, 3.88682617e+02, 2.55781006e+02,
    3.95271301e+02, 2.60163971e+02, 4.01785980e+02, 2.64455994e+02,
    3.63853912e+02, 2.49277145e+02, 3.70404053e+02, 2.53703156e+02,
    3.77175568e+02, 2.58113922e+02, 3.83783203e+02, 2.62421173e+02,
    3.90419830e+02, 2.66781311e+02, 3.96931458e+02, 2.71123352e+02,
    3.58775635e+02, 2.55922516e+02, 3.65578033e+02, 2.60232544e+02,
    3.72176361e+02, 2.64683228e+02, 3.78901886e+02, 2.68952545e+02,
    3.85474091e+02, 2.73313690e+02, 3.91958618e+02, 2.77610840e+02,
    3.54155396e+02, 2.62459015e+02, 3.60659271e+02, 2.66780029e+02,
    3.67483459e+02, 2.71197754e+02, 3.73854614e+02, 2.75422455e+02,
    3.80677002e+02, 2.79787445e+02, 3.87087524e+02, 2.84026398e+02 ]
