%YAML:1.0
---
points: [ 1.28908398e+03, 5.73566650e+02, 1.30863306e+03, 5.86822327e+02,
    1.32784766e+03, 5.99896179e+02, 1.34702258e+03, 6.13039429e+02,
    1.36619409e+03, 6.26025085e+02, 1.38520435e+03, 6.38991394e+02,
    1.27456738e+03, 5.92995117e+02, 1.29383240e+03, 6.06155945e+02,
    1.31323071e+03, 6.19245422e+02, 1.33228223e+03, 6.32234375e+02,
    1.35153442e+03, 6.45179749e+02, 1.37059656e+03, 6.58070862e+02,
    1.26023608e+03, 6.12277039e+02, 1.27961133e+03, 6.25352173e+02,
    1.29878821e+03, 6.38384399e+02, 1.31804272e+03, 6.51317322e+02,
    1.33711450e+03, 6.64279480e+02, 1.35631494e+03, 6.77046753e+02,
    1.24623792e+03, 6.31618713e+02, 1.26546008e+03, 6.44585327e+02,
    1.28472302e+03, 6.57547424e+02, 1.30380298e+03, 6.70377930e+02,
    1.32294360e+03, 6.83195129e+02, 1.34188562e+03, 6.95962463e+02,
    1.23220483e+03, 6.50780212e+02, 1.25145593e+03, 6.63748535e+02,
    1.27052332e+03, 6.76537659e+02, 1.28962793e+03, 6.89352478e+02,
    1.30865710e+03, 7.02043945e+02, 1.32778601e+03, 7.14773071e+02,
    1.21825330e+03, 6.69918274e+02, 1.23746765e+03, 6.82741760e+02,
    1.25654138e+03, 6.95475342e+02, 1.27556677e+03, 7.08209229e+02,
    1.29458142e+03, 7.20863831e+02, 1.31362012e+03, 7.33521179e+02,
    1.20427673e+03, 6.88825378e+02, 1.22339136e+03, 7.01506226e+02,
    1.24247729e+03, 7.14332703e+02, 1.26155322e+03, 7.26833008e+02,
    1.28050952e+03, 7.39566956e+02, 1.29957751e+03, 7.52233521e+02,
    1.19042310e+03, 7.07566040e+02, 1.20953906e+03, 7.20269104e+02,
    1.22861230e+03, 7.32846619e+02, 1.24750281e+03, 7.45445862e+02,
    1.26654968e+03, 7.58019775e+02, 1.28551001e+03, 7.70590881e+02 ]
