%YAML:1.0
---
points: [ 8.07922852e+02, 4.71359314e+02, 8.08077820e+02, 5.08769836e+02,
    8.08153931e+02, 5.46372009e+02, 8.08140320e+02, 5.83954224e+02,
    8.08260925e+02, 6.21748962e+02, 8.08302002e+02, 6.59685913e+02,
    7.72450684e+02, 4.72312836e+02, 7.72472412e+02, 5.09469025e+02,
    7.72463928e+02, 5.46776672e+02, 7.72398804e+02, 5.84193542e+02,
    7.72411438e+02, 6.21750000e+02, 7.72466797e+02, 6.59439209e+02,
    7.37385742e+02, 4.73153168e+02, 7.37356384e+02, 5.10271545e+02,
    7.37335693e+02, 5.47245483e+02, 7.37162231e+02, 5.84391052e+02,
    7.37037170e+02, 6.21664551e+02, 7.36947083e+02, 6.59159302e+02,
    7.02516907e+02, 4.74152313e+02, 7.02511963e+02, 5.10910645e+02,
    7.02409302e+02, 5.47676392e+02, 7.02339111e+02, 5.84595642e+02,
    7.02238159e+02, 6.21665833e+02, 7.02063904e+02, 6.58823364e+02,
    6.68455017e+02, 4.74898438e+02, 6.68379700e+02, 5.11563019e+02,
    6.68163025e+02, 5.48181274e+02, 6.67850403e+02, 5.84757446e+02,
    6.67695129e+02, 6.21606995e+02, 6.67510010e+02, 6.58614136e+02,
    6.34444641e+02, 4.75725342e+02, 6.34369690e+02, 5.12225647e+02,
    6.34224915e+02, 5.48647339e+02, 6.33946594e+02, 5.84968384e+02,
    6.33666260e+02, 6.21569702e+02, 6.33498047e+02, 6.58434570e+02,
    6.00897278e+02, 4.76567596e+02, 6.00667236e+02, 5.12657288e+02,
    6.00443481e+02, 5.49034485e+02, 6.00201599e+02, 5.85239563e+02,
    5.99804443e+02, 6.21624146e+02, 5.99393066e+02, 6.58225098e+02,
    5.67264465e+02, 4.77309174e+02, 5.66728821e+02, 5.13240479e+02,
    5.66368103e+02, 5.49401367e+02, 5.65954346e+02, 5.85403687e+02,
    5.65416931e+02, 6.21644287e+02, 5.65046692e+02, 6.58120605e+02 ]
