%YAML:1.0
---
points: [ 3.99387787e+02, 1.79487183e+02, 4.05499207e+02, 1.84506683e+02,
    4.11581787e+02, 1.89573608e+02, 4.17655304e+02, 1.94476089e+02,
    4.23496338e+02, 1.99439651e+02, 4.29476929e+02, 2.04346100e+02,
    3.94333496e+02, 1.86190979e+02, 4.00429901e+02, 1.91275940e+02,
    4.06564026e+02, 1.96196793e+02, 4.12581909e+02, 2.01114639e+02,
    4.18603333e+02, 2.06052948e+02, 4.24392365e+02, 2.10892349e+02,
    3.89005310e+02, 1.92995010e+02, 3.95312744e+02, 1.97959671e+02,
    4.01413696e+02, 2.02914062e+02, 4.07521545e+02, 2.07797104e+02,
    4.13637726e+02, 2.12782516e+02, 4.19524139e+02, 2.17502884e+02,
    3.84045013e+02, 1.99622726e+02, 3.90151672e+02, 2.04643799e+02,
    3.96379517e+02, 2.09615601e+02, 4.02436859e+02, 2.14451645e+02,
    4.08481262e+02, 2.19296768e+02, 4.14505920e+02, 2.24139328e+02,
    3.78733459e+02, 2.06419556e+02, 3.85072266e+02, 2.11365570e+02,
    3.91147888e+02, 2.16221680e+02, 3.97361908e+02, 2.21089828e+02,
    4.03363983e+02, 2.25980026e+02, 4.09384521e+02, 2.30750259e+02,
    3.73764099e+02, 2.13022491e+02, 3.79872681e+02, 2.18040054e+02,
    3.86156952e+02, 2.22814224e+02, 3.92248596e+02, 2.27721954e+02,
    3.98410095e+02, 2.32558853e+02, 4.04398865e+02, 2.37295456e+02,
    3.68587982e+02, 2.19780457e+02, 3.74930847e+02, 2.24646210e+02,
    3.81140472e+02, 2.29571869e+02, 3.87240387e+02, 2.34311996e+02,
    3.93372192e+02, 2.39163849e+02, 3.99389496e+02, 2.43894547e+02,
    3.63708618e+02, 2.26448730e+02, 3.69853119e+02, 2.31300934e+02,
    3.76232330e+02, 2.36225418e+02, 3.82340698e+02, 2.41005920e+02,
    3.88568054e+02, 2.45769272e+02, 3.94620697e+02, 2.50426865e+02 ]
