%YAML:1.0
---
points: [ 3.81117188e+02, 8.78291397e+01, 3.87542969e+02, 9.28726120e+01,
    3.93794983e+02, 9.79069824e+01, 4.00130585e+02, 1.02687096e+02,
    4.06055878e+02, 1.07598717e+02, 4.12183289e+02, 1.12363472e+02,
    3.75124268e+02, 9.52972641e+01, 3.81481750e+02, 1.00282150e+02,
    3.87862305e+02, 1.05179665e+02, 3.94006531e+02, 1.09986618e+02,
    4.00224091e+02, 1.14704269e+02, 4.06202759e+02, 1.19379036e+02,
    3.69081421e+02, 1.02785316e+02, 3.75664215e+02, 1.07625694e+02,
    3.81990479e+02, 1.12375809e+02, 3.88182068e+02, 1.17078003e+02,
    3.94365021e+02, 1.21774635e+02, 4.00284546e+02, 1.26268250e+02,
    3.63483795e+02, 1.10041237e+02, 3.69906586e+02, 1.14852173e+02,
    3.76226593e+02, 1.19578697e+02, 3.82439209e+02, 1.24189171e+02,
    3.88619843e+02, 1.28699097e+02, 3.94619080e+02, 1.33231171e+02,
    3.57746826e+02, 1.17354828e+02, 3.64192719e+02, 1.21955460e+02,
    3.70502258e+02, 1.26630135e+02, 3.76738739e+02, 1.31112137e+02,
    3.82858887e+02, 1.35602249e+02, 3.88721008e+02, 1.39919800e+02,
    3.52286743e+02, 1.24413483e+02, 3.58591736e+02, 1.29022736e+02,
    3.64902802e+02, 1.33548492e+02, 3.71056549e+02, 1.38013474e+02,
    3.77187531e+02, 1.42380585e+02, 3.83241211e+02, 1.46655518e+02,
    3.46660706e+02, 1.31426575e+02, 3.53018799e+02, 1.35903625e+02,
    3.59290833e+02, 1.40377365e+02, 3.65504120e+02, 1.44687515e+02,
    3.71614166e+02, 1.49056992e+02, 3.77451599e+02, 1.53186890e+02,
    3.41255371e+02, 1.38236786e+02, 3.47569763e+02, 1.42626846e+02,
    3.53821991e+02, 1.47033875e+02, 3.59909485e+02, 1.51267426e+02,
    3.66056335e+02, 1.55524673e+02, 3.72141174e+02, 1.59689377e+02 ]
