%YAML:1.0
---
points: [ 1.26949963e+03, 2.07267288e+02, 1.28836487e+03, 2.21847595e+02,
    1.30675146e+03, 2.36361343e+02, 1.32498572e+03, 2.50445633e+02,
    1.34278772e+03, 2.64424042e+02, 1.36058630e+03, 2.78260895e+02,
    1.25225745e+03, 2.28786560e+02, 1.27086755e+03, 2.43170151e+02,
    1.28935632e+03, 2.57376831e+02, 1.30746912e+03, 2.71221130e+02,
    1.32545923e+03, 2.84959381e+02, 1.34323767e+03, 2.98557404e+02,
    1.23544934e+03, 2.50111618e+02, 1.25417273e+03, 2.64183411e+02,
    1.27251904e+03, 2.78053680e+02, 1.29060095e+03, 2.91633667e+02,
    1.30852148e+03, 3.05175476e+02, 1.32632214e+03, 3.18474213e+02,
    1.21912488e+03, 2.71065277e+02, 1.23773926e+03, 2.84846069e+02,
    1.25615442e+03, 2.98522278e+02, 1.27411462e+03, 3.11810089e+02,
    1.29205688e+03, 3.25019287e+02, 1.30957544e+03, 3.38090393e+02,
    1.20293628e+03, 2.91597382e+02, 1.22154993e+03, 3.05272125e+02,
    1.23976672e+03, 3.18505463e+02, 1.25778064e+03, 3.31675659e+02,
    1.27561011e+03, 3.44580505e+02, 1.29333618e+03, 3.57478149e+02,
    1.18724304e+03, 3.11902618e+02, 1.20564392e+03, 3.25268372e+02,
    1.22385083e+03, 3.38267426e+02, 1.24173547e+03, 3.51196655e+02,
    1.25956824e+03, 3.63847626e+02, 1.27722363e+03, 3.76536499e+02,
    1.17149072e+03, 3.31647797e+02, 1.18995422e+03, 3.44667114e+02,
    1.20816602e+03, 3.57522705e+02, 1.22599048e+03, 3.70230560e+02,
    1.24373193e+03, 3.82754608e+02, 1.26135852e+03, 3.95237244e+02,
    1.15630701e+03, 3.51080170e+02, 1.17452393e+03, 3.63793427e+02,
    1.19263904e+03, 3.76550323e+02, 1.21048120e+03, 3.88887665e+02,
    1.22824377e+03, 4.01292633e+02, 1.24565601e+03, 4.13416412e+02 ]
