%YAML:1.0
---
points: [ 1.24374219e+03, 6.95971069e+02, 1.26333765e+03, 7.09314392e+02,
    1.28250537e+03, 7.22371155e+02, 1.30170117e+03, 7.35433594e+02,
    1.32085303e+03, 7.48505920e+02, 1.34007349e+03, 7.61551941e+02,
    1.23033704e+03, 7.15451355e+02, 1.24957092e+03, 7.28541748e+02,
    1.26884192e+03, 7.41674866e+02, 1.28809631e+03, 7.54754395e+02,
    1.30742358e+03, 7.67836853e+02, 1.32657739e+03, 7.80951782e+02,
    1.21674268e+03, 7.34863831e+02, 1.23622205e+03, 7.48046814e+02,
    1.25555334e+03, 7.61222229e+02, 1.27472827e+03, 7.74193604e+02,
    1.29402991e+03, 7.87286133e+02, 1.31333447e+03, 8.00303345e+02,
    1.20359033e+03, 7.54412842e+02, 1.22291943e+03, 7.67558716e+02,
    1.24234229e+03, 7.80707275e+02, 1.26158411e+03, 7.93624268e+02,
    1.28076392e+03, 8.06635925e+02, 1.30009412e+03, 8.19647522e+02,
    1.19024902e+03, 7.74063416e+02, 1.20966565e+03, 7.87147766e+02,
    1.22896313e+03, 8.00116089e+02, 1.24829907e+03, 8.13231750e+02,
    1.26747583e+03, 8.26179199e+02, 1.28672925e+03, 8.39083252e+02,
    1.17696179e+03, 7.93523010e+02, 1.19636780e+03, 8.06669189e+02,
    1.21564697e+03, 8.19621216e+02, 1.23485034e+03, 8.32550415e+02,
    1.25427112e+03, 8.45559692e+02, 1.27351587e+03, 8.58605164e+02,
    1.16350415e+03, 8.13144043e+02, 1.18298059e+03, 8.26080811e+02,
    1.20230615e+03, 8.39120422e+02, 1.22156519e+03, 8.52115967e+02,
    1.24072974e+03, 8.65009888e+02, 1.26027209e+03, 8.77941467e+02,
    1.15021790e+03, 8.32525513e+02, 1.16953577e+03, 8.45500732e+02,
    1.18890625e+03, 8.58528442e+02, 1.20826733e+03, 8.71358826e+02,
    1.22754333e+03, 8.84366150e+02, 1.24684058e+03, 8.97391602e+02 ]
