%YAML:1.0
---
points: [ 3.02150574e+02, 1.64902267e+02, 3.08380157e+02, 1.69736755e+02,
    3.14641144e+02, 1.74729828e+02, 3.20733307e+02, 1.79547699e+02,
    3.26824677e+02, 1.84397812e+02, 3.32805908e+02, 1.89175705e+02,
    2.97282501e+02, 1.71409088e+02, 3.03520020e+02, 1.76357544e+02,
    3.09737610e+02, 1.81310196e+02, 3.15815735e+02, 1.86052109e+02,
    3.21963776e+02, 1.90843933e+02, 3.28113190e+02, 1.95569611e+02,
    2.92240143e+02, 1.78145218e+02, 2.98585388e+02, 1.83001633e+02,
    3.04787476e+02, 1.87851669e+02, 3.10999725e+02, 1.92631866e+02,
    3.17172150e+02, 1.97417160e+02, 3.23163849e+02, 2.02168289e+02,
    2.87412628e+02, 1.84675339e+02, 2.93681763e+02, 1.89601959e+02,
    2.99926605e+02, 1.94371048e+02, 3.06093445e+02, 1.99153290e+02,
    3.12282776e+02, 2.03872253e+02, 3.18450226e+02, 2.08572647e+02,
    2.82376587e+02, 1.91427917e+02, 2.88784058e+02, 1.96204544e+02,
    2.94998932e+02, 2.00963638e+02, 3.01276550e+02, 2.05720505e+02,
    3.07468109e+02, 2.10357971e+02, 3.13454254e+02, 2.15081070e+02,
    2.77628235e+02, 1.97882736e+02, 2.83911743e+02, 2.02756241e+02,
    2.90165894e+02, 2.07426590e+02, 2.96470795e+02, 2.12228104e+02,
    3.02680542e+02, 2.16864883e+02, 3.08750122e+02, 2.21478073e+02,
    2.72620209e+02, 2.04558319e+02, 2.79008545e+02, 2.09260483e+02,
    2.85381470e+02, 2.14000534e+02, 2.91564728e+02, 2.18589478e+02,
    2.97873291e+02, 2.23387024e+02, 3.03889740e+02, 2.27984970e+02,
    2.67865570e+02, 2.11179535e+02, 2.74190369e+02, 2.15833176e+02,
    2.80666138e+02, 2.20606216e+02, 2.86834259e+02, 2.25199860e+02,
    2.93148651e+02, 2.29943604e+02, 2.99389740e+02, 2.34446075e+02 ]
