%YAML:1.0
---
points: [ 9.25640808e+02, 4.54797821e+02, 9.26025146e+02, 4.90502167e+02,
    9.26473450e+02, 5.25953186e+02, 9.26772949e+02, 5.61526489e+02,
    9.27286743e+02, 5.97450806e+02, 9.27563477e+02, 6.33348083e+02,
    8.90105835e+02, 4.55002716e+02, 8.90466919e+02, 4.90711914e+02,
    8.90696472e+02, 5.26331482e+02, 8.91145996e+02, 5.61992310e+02,
    8.91430603e+02, 5.97770569e+02, 8.91730042e+02, 6.33852600e+02,
    8.54243958e+02, 4.55211090e+02, 8.54518494e+02, 4.90921875e+02,
    8.54724915e+02, 5.26671631e+02, 8.55151184e+02, 5.62372559e+02,
    8.55404114e+02, 5.98357788e+02, 8.55663574e+02, 6.34480042e+02,
    8.18328186e+02, 4.55331360e+02, 8.18480469e+02, 4.91207306e+02,
    8.18783203e+02, 5.26952820e+02, 8.19142029e+02, 5.62712219e+02,
    8.19335876e+02, 5.98718445e+02, 8.19548035e+02, 6.34912903e+02,
    7.82214050e+02, 4.55400330e+02, 7.82396851e+02, 4.91419525e+02,
    7.82600159e+02, 5.27345337e+02, 7.82818359e+02, 5.63194824e+02,
    7.83015015e+02, 5.99251221e+02, 7.83283020e+02, 6.35432800e+02,
    7.45970154e+02, 4.55518402e+02, 7.46254333e+02, 4.91644073e+02,
    7.46413879e+02, 5.27610779e+02, 7.46612549e+02, 5.63687134e+02,
    7.46794739e+02, 5.99682495e+02, 7.46958252e+02, 6.36086121e+02,
    7.09705078e+02, 4.55557220e+02, 7.09825928e+02, 4.91772064e+02,
    7.09992737e+02, 5.27899353e+02, 7.10034119e+02, 5.64115051e+02,
    7.10125000e+02, 6.00315491e+02, 7.10120117e+02, 6.36744629e+02,
    6.72787537e+02, 4.55580627e+02, 6.72874390e+02, 4.91893616e+02,
    6.72851135e+02, 5.28227905e+02, 6.72803406e+02, 5.64441711e+02,
    6.72756165e+02, 6.00861084e+02, 6.72745544e+02, 6.37560059e+02 ]
