%YAML:1.0
---
points: [ 4.55042725e+02, 2.63852692e+02, 4.61361877e+02, 2.67964081e+02,
    4.67191589e+02, 2.72215912e+02, 4.73087799e+02, 2.76196198e+02,
    4.78694427e+02, 2.80391296e+02, 4.83900238e+02, 2.84128235e+02,
    4.51109222e+02, 2.70249268e+02, 4.56854370e+02, 2.74365845e+02,
    4.62883881e+02, 2.78493683e+02, 4.68509918e+02, 2.82588348e+02,
    4.74429047e+02, 2.86541779e+02, 4.80002411e+02, 2.90432434e+02,
    4.46581512e+02, 2.76698273e+02, 4.52627319e+02, 2.80772614e+02,
    4.58557098e+02, 2.84993073e+02, 4.64549713e+02, 2.89069244e+02,
    4.70168793e+02, 2.93148315e+02, 4.75709351e+02, 2.96942169e+02,
    4.42519714e+02, 2.83207458e+02, 4.48464417e+02, 2.87262085e+02,
    4.54410370e+02, 2.91315460e+02, 4.60319183e+02, 2.95545929e+02,
    4.66292358e+02, 2.99546295e+02, 4.71489655e+02, 3.03225922e+02,
    4.37717621e+02, 2.89878052e+02, 4.44108765e+02, 2.93852783e+02,
    4.50128052e+02, 2.98012604e+02, 4.56084991e+02, 3.01925018e+02,
    4.61840302e+02, 3.05837921e+02, 4.67280823e+02, 3.09725067e+02,
    4.33901794e+02, 2.96206635e+02, 4.39661316e+02, 3.00461456e+02,
    4.45846863e+02, 3.04350586e+02, 4.51639526e+02, 3.08408447e+02,
    4.57543396e+02, 3.12227112e+02, 4.63368805e+02, 3.16104980e+02,
    4.28959839e+02, 3.02715668e+02, 4.35292328e+02, 3.06706482e+02,
    4.41336426e+02, 3.10827576e+02, 4.47375732e+02, 3.14764984e+02,
    4.53157104e+02, 3.18876648e+02, 4.58761444e+02, 3.22496857e+02,
    4.25121948e+02, 3.09114563e+02, 4.30889099e+02, 3.13081238e+02,
    4.37080658e+02, 3.17150848e+02, 4.42857849e+02, 3.20988464e+02,
    4.48927979e+02, 3.25076721e+02, 4.54711334e+02, 3.28825684e+02 ]
