%YAML:1.0
---
points: [ 3.37945160e+02, 1.40064117e+02, 3.44419342e+02, 1.45164017e+02,
    3.50877716e+02, 1.50292084e+02, 3.57248718e+02, 1.55301086e+02,
    3.63624725e+02, 1.60343185e+02, 3.69947449e+02, 1.65404846e+02,
    3.32764709e+02, 1.46859482e+02, 3.39181183e+02, 1.52078735e+02,
    3.45688782e+02, 1.57081909e+02, 3.52075287e+02, 1.62149765e+02,
    3.58444672e+02, 1.67121719e+02, 3.64823822e+02, 1.72168152e+02,
    3.27520935e+02, 1.53772522e+02, 3.34037231e+02, 1.58868347e+02,
    3.40438751e+02, 1.63920120e+02, 3.46916077e+02, 1.68870880e+02,
    3.53287170e+02, 1.73898987e+02, 3.59661346e+02, 1.78916000e+02,
    3.22382660e+02, 1.60646912e+02, 3.28812683e+02, 1.65673294e+02,
    3.35272949e+02, 1.70666779e+02, 3.41743347e+02, 1.75680756e+02,
    3.48086426e+02, 1.80617020e+02, 3.54537933e+02, 1.85532974e+02,
    3.17151855e+02, 1.67409744e+02, 3.23735199e+02, 1.72460587e+02,
    3.30147095e+02, 1.77467804e+02, 3.36593048e+02, 1.82394882e+02,
    3.42907806e+02, 1.87296188e+02, 3.49303925e+02, 1.92145340e+02,
    3.12077423e+02, 1.74102173e+02, 3.18549469e+02, 1.79212067e+02,
    3.25035919e+02, 1.84112961e+02, 3.31450348e+02, 1.89039429e+02,
    3.37840790e+02, 1.93948822e+02, 3.44237610e+02, 1.98766510e+02,
    3.06945404e+02, 1.80946762e+02, 3.13503998e+02, 1.85841385e+02,
    3.19902557e+02, 1.90809402e+02, 3.26423065e+02, 1.95644791e+02,
    3.32804688e+02, 2.00544571e+02, 3.39107819e+02, 2.05445312e+02,
    3.02012726e+02, 1.87618027e+02, 3.08516266e+02, 1.92501221e+02,
    3.15003052e+02, 1.97461807e+02, 3.21407806e+02, 2.02268341e+02,
    3.27813843e+02, 2.07185165e+02, 3.34229065e+02, 2.11953339e+02 ]
