%YAML:1.0
---
points: [ 1.48659973e+03, 7.14833130e+02, 1.50494104e+03, 7.27496338e+02,
    1.52319080e+03, 7.39968567e+02, 1.54123230e+03, 7.52454346e+02,
    1.55915723e+03, 7.64910339e+02, 1.57709863e+03, 7.77264954e+02,
    1.47347644e+03, 7.33369629e+02, 1.49174402e+03, 7.45836792e+02,
    1.51003503e+03, 7.58489563e+02, 1.52808887e+03, 7.70783142e+02,
    1.54627649e+03, 7.83365234e+02, 1.56428857e+03, 7.95644470e+02,
    1.46057788e+03, 7.51888184e+02, 1.47897144e+03, 7.64472168e+02,
    1.49729260e+03, 7.76880554e+02, 1.51544885e+03, 7.89409058e+02,
    1.53352490e+03, 8.01795166e+02, 1.55164014e+03, 8.14174316e+02,
    1.44805420e+03, 7.70514221e+02, 1.46641980e+03, 7.83142700e+02,
    1.48467993e+03, 7.95555115e+02, 1.50280920e+03, 8.07946472e+02,
    1.52097656e+03, 8.20314209e+02, 1.53901599e+03, 8.32579102e+02,
    1.43531445e+03, 7.89270142e+02, 1.45365564e+03, 8.01689880e+02,
    1.47191113e+03, 8.14146606e+02, 1.49023608e+03, 8.26512512e+02,
    1.50830884e+03, 8.38816284e+02, 1.52646167e+03, 8.51302673e+02,
    1.42261792e+03, 8.07836426e+02, 1.44100757e+03, 8.20363037e+02,
    1.45924365e+03, 8.32748169e+02, 1.47744434e+03, 8.45099365e+02,
    1.49560767e+03, 8.57443115e+02, 1.51380884e+03, 8.69653137e+02,
    1.40967847e+03, 8.26443237e+02, 1.42812097e+03, 8.38786987e+02,
    1.44646729e+03, 8.51294067e+02, 1.46460925e+03, 8.63553833e+02,
    1.48279858e+03, 8.75922729e+02, 1.50113098e+03, 8.88350525e+02,
    1.39691711e+03, 8.44843323e+02, 1.41524731e+03, 8.57364319e+02,
    1.43350891e+03, 8.69658447e+02, 1.45176318e+03, 8.81983276e+02,
    1.47010901e+03, 8.94383606e+02, 1.48831470e+03, 9.06651184e+02 ]
