%YAML:1.0
---
points: [ 1.00248193e+03, 6.57205627e+02, 1.00251715e+03, 6.93444885e+02,
    1.00254547e+03, 7.29669189e+02, 1.00267224e+03, 7.66134949e+02,
    1.00281537e+03, 8.02691528e+02, 1.00292352e+03, 8.39512085e+02,
    9.66556396e+02, 6.57212708e+02, 9.66627136e+02, 6.93445435e+02,
    9.66612793e+02, 7.29716370e+02, 9.66683716e+02, 7.66168335e+02,
    9.66663574e+02, 8.02730957e+02, 9.66727722e+02, 8.39562500e+02,
    9.30705933e+02, 6.57261841e+02, 9.30699768e+02, 6.93445251e+02,
    9.30699585e+02, 7.29694824e+02, 9.30642578e+02, 7.66186462e+02,
    9.30587219e+02, 8.02783447e+02, 9.30517639e+02, 8.39624084e+02,
    8.94843445e+02, 6.57198792e+02, 8.94709717e+02, 6.93454163e+02,
    8.94679321e+02, 7.29737732e+02, 8.94598816e+02, 7.66213013e+02,
    8.94501099e+02, 8.02738770e+02, 8.94432007e+02, 8.39578674e+02,
    8.58912842e+02, 6.57227295e+02, 8.58765381e+02, 6.93451965e+02,
    8.58654297e+02, 7.29713257e+02, 8.58531250e+02, 7.66220642e+02,
    8.58395752e+02, 8.02733826e+02, 8.58214050e+02, 8.39568481e+02,
    8.23302612e+02, 6.57294922e+02, 8.23039978e+02, 6.93507690e+02,
    8.22744507e+02, 7.29705872e+02, 8.22520874e+02, 7.66283203e+02,
    8.22346252e+02, 8.02724182e+02, 8.21967285e+02, 8.39598694e+02,
    7.87438110e+02, 6.57274963e+02, 7.87084290e+02, 6.93492065e+02,
    7.86721924e+02, 7.29857117e+02, 7.86412476e+02, 7.66354797e+02,
    7.86092896e+02, 8.02931396e+02, 7.85586426e+02, 8.39818909e+02,
    7.51425842e+02, 6.57357239e+02, 7.50900146e+02, 6.93597534e+02,
    7.50459351e+02, 7.30119080e+02, 7.49988342e+02, 7.66545532e+02,
    7.49476807e+02, 8.03406006e+02, 7.49040527e+02, 8.40299500e+02 ]
