%YAML:1.0
---
points: [ 1.39917688e+03, 6.38355896e+02, 1.42478894e+03, 6.38955261e+02,
    1.44987439e+03, 6.39430786e+02, 1.47467651e+03, 6.39720215e+02,
    1.49914343e+03, 6.40170288e+02, 1.52304053e+03, 6.40558838e+02,
    1.39387683e+03, 6.65836243e+02, 1.41933740e+03, 6.66297607e+02,
    1.44441736e+03, 6.66547729e+02, 1.46919055e+03, 6.66789062e+02,
    1.49350964e+03, 6.67157776e+02, 1.51755737e+03, 6.67387329e+02,
    1.38918140e+03, 6.93202942e+02, 1.41446094e+03, 6.93383850e+02,
    1.43941785e+03, 6.93484924e+02, 1.46423853e+03, 6.93631775e+02,
    1.48847424e+03, 6.93773682e+02, 1.51246741e+03, 6.93874573e+02,
    1.38470300e+03, 7.20412903e+02, 1.41017151e+03, 7.20483337e+02,
    1.43480310e+03, 7.20436096e+02, 1.45937512e+03, 7.20394287e+02,
    1.48359558e+03, 7.20265076e+02, 1.50740442e+03, 7.20261475e+02,
    1.38029993e+03, 7.47512756e+02, 1.40548999e+03, 7.47327026e+02,
    1.43023328e+03, 7.47238098e+02, 1.45449963e+03, 7.46940613e+02,
    1.47871594e+03, 7.46629456e+02, 1.50242334e+03, 7.46394409e+02,
    1.37585864e+03, 7.74333191e+02, 1.40108093e+03, 7.74118408e+02,
    1.42565515e+03, 7.73639648e+02, 1.44980432e+03, 7.73220642e+02,
    1.47403137e+03, 7.72671631e+02, 1.49760901e+03, 7.72383728e+02,
    1.37118970e+03, 8.00666016e+02, 1.39630676e+03, 8.00154297e+02,
    1.42098022e+03, 7.99596497e+02, 1.44506018e+03, 7.99072815e+02,
    1.46918665e+03, 7.98528198e+02, 1.49276819e+03, 7.97924744e+02,
    1.36656738e+03, 8.26513733e+02, 1.39140857e+03, 8.25778992e+02,
    1.41614136e+03, 8.25149963e+02, 1.44004016e+03, 8.24494751e+02,
    1.46411072e+03, 8.23971558e+02, 1.48755176e+03, 8.23323975e+02 ]
