%YAML:1.0
---
points: [ 4.29951050e+02, 2.37666733e+02, 4.38664032e+02, 2.37591599e+02,
    4.47041595e+02, 2.37701553e+02, 4.55181885e+02, 2.37681000e+02,
    4.63126770e+02, 2.37758514e+02, 4.70933990e+02, 2.37678223e+02,
    4.28142548e+02, 2.47069702e+02, 4.36608459e+02, 2.47207138e+02,
    4.45100922e+02, 2.47093185e+02, 4.53212677e+02, 2.47089752e+02,
    4.61245056e+02, 2.46943604e+02, 4.69011475e+02, 2.47058899e+02,
    4.26324768e+02, 2.56746307e+02, 4.34972870e+02, 2.56594910e+02,
    4.43253876e+02, 2.56676636e+02, 4.51416443e+02, 2.56490509e+02,
    4.59370544e+02, 2.56403748e+02, 4.67223328e+02, 2.56096924e+02,
    4.24849182e+02, 2.66039734e+02, 4.33319153e+02, 2.65998962e+02,
    4.41669312e+02, 2.65778625e+02, 4.49781921e+02, 2.65730103e+02,
    4.57664001e+02, 2.65527130e+02, 4.65465240e+02, 2.65370911e+02,
    4.23246307e+02, 2.75637482e+02, 4.31737671e+02, 2.75284760e+02,
    4.39949615e+02, 2.75131989e+02, 4.48059540e+02, 2.74767365e+02,
    4.55848572e+02, 2.74734528e+02, 4.63727478e+02, 2.74270294e+02,
    4.21676331e+02, 2.84775391e+02, 4.30119019e+02, 2.84645935e+02,
    4.38343842e+02, 2.84227051e+02, 4.46286255e+02, 2.83895264e+02,
    4.54277832e+02, 2.83575500e+02, 4.61852173e+02, 2.83386292e+02,
    4.19976227e+02, 2.93980469e+02, 4.28374451e+02, 2.93597717e+02,
    4.36578217e+02, 2.93329132e+02, 4.44633972e+02, 2.92812500e+02,
    4.52397614e+02, 2.92633942e+02, 4.60125610e+02, 2.91938110e+02,
    4.18334473e+02, 3.02792450e+02, 4.26567596e+02, 3.02588501e+02,
    4.34746765e+02, 3.01975830e+02, 4.42764740e+02, 3.01662537e+02,
    4.50567902e+02, 3.01136566e+02, 4.58242371e+02, 3.00827820e+02 ]
