%YAML:1.0
---
points: [ 1.01308173e+03, 4.64003540e+02, 1.01350671e+03, 4.99746094e+02,
    1.01408948e+03, 5.35577148e+02, 1.01455591e+03, 5.71533142e+02,
    1.01514368e+03, 6.07666626e+02, 1.01560590e+03, 6.43900085e+02,
    9.77310730e+02, 4.64476379e+02, 9.77714233e+02, 5.00255890e+02,
    9.78233948e+02, 5.36069275e+02, 9.78677307e+02, 5.71916626e+02,
    9.79106689e+02, 6.08077454e+02, 9.79502380e+02, 6.44359192e+02,
    9.41584778e+02, 4.64905060e+02, 9.41877502e+02, 5.00675690e+02,
    9.42422607e+02, 5.36436035e+02, 9.42696716e+02, 5.72346680e+02,
    9.43129944e+02, 6.08401062e+02, 9.43454712e+02, 6.44668335e+02,
    9.05782959e+02, 4.65422150e+02, 9.06237732e+02, 5.01170990e+02,
    9.06496033e+02, 5.36878601e+02, 9.06703003e+02, 5.72705139e+02,
    9.07093750e+02, 6.08710022e+02, 9.07410583e+02, 6.44914490e+02,
    8.70240479e+02, 4.65816650e+02, 8.70440552e+02, 5.01649414e+02,
    8.70601990e+02, 5.37379700e+02, 8.70850464e+02, 5.73133545e+02,
    8.71208069e+02, 6.09080139e+02, 8.71405762e+02, 6.45360046e+02,
    8.34608032e+02, 4.66380585e+02, 8.34797241e+02, 5.02115936e+02,
    8.35052612e+02, 5.37786987e+02, 8.35297363e+02, 5.73539856e+02,
    8.35454224e+02, 6.09488098e+02, 8.35594543e+02, 6.45649231e+02,
    7.99338745e+02, 4.66655792e+02, 7.99469421e+02, 5.02497223e+02,
    7.99563843e+02, 5.38252136e+02, 7.99634460e+02, 5.73914001e+02,
    7.99710449e+02, 6.09859924e+02, 7.99807068e+02, 6.46032532e+02,
    7.63696960e+02, 4.67147430e+02, 7.63690430e+02, 5.02709808e+02,
    7.63693054e+02, 5.38561768e+02, 7.63640442e+02, 5.74380859e+02,
    7.63628357e+02, 6.10294922e+02, 7.63676270e+02, 6.46459290e+02 ]
