%YAML:1.0
---
points: [ 4.28636749e+02, 2.96079865e+02, 4.37130035e+02, 2.95928406e+02,
    4.45544037e+02, 2.95937622e+02, 4.53641968e+02, 2.95802368e+02,
    4.61610565e+02, 2.95786469e+02, 4.69162445e+02, 2.95581635e+02,
    4.28351257e+02, 3.06239624e+02, 4.36776520e+02, 3.06185913e+02,
    4.45170471e+02, 3.05899994e+02, 4.53304718e+02, 3.05880554e+02,
    4.61174713e+02, 3.05610931e+02, 4.68895203e+02, 3.05497620e+02,
    4.28097778e+02, 3.16616272e+02, 4.36629761e+02, 3.16178101e+02,
    4.44946716e+02, 3.15995270e+02, 4.52975128e+02, 3.15716522e+02,
    4.61015930e+02, 3.15486450e+02, 4.68761871e+02, 3.14954865e+02,
    4.27988800e+02, 3.26685730e+02, 4.36621521e+02, 3.26585663e+02,
    4.44836823e+02, 3.26067139e+02, 4.52909393e+02, 3.25804230e+02,
    4.60851990e+02, 3.25297882e+02, 4.68701447e+02, 3.24969513e+02,
    4.27933563e+02, 3.36968353e+02, 4.36480530e+02, 3.36647766e+02,
    4.44716797e+02, 3.36222473e+02, 4.52757782e+02, 3.35685760e+02,
    4.60687988e+02, 3.35151703e+02, 4.68352753e+02, 3.34595184e+02,
    4.27816284e+02, 3.47421875e+02, 4.36269836e+02, 3.46819733e+02,
    4.44509308e+02, 3.46190338e+02, 4.52622345e+02, 3.45737000e+02,
    4.60355011e+02, 3.44868317e+02, 4.68010040e+02, 3.44482574e+02,
    4.27551666e+02, 3.57504761e+02, 4.35824158e+02, 3.56882874e+02,
    4.44085083e+02, 3.56297729e+02, 4.52069519e+02, 3.55540375e+02,
    4.59955963e+02, 3.54906494e+02, 4.67681183e+02, 3.53942169e+02,
    4.26890045e+02, 3.67780396e+02, 4.35460358e+02, 3.66968384e+02,
    4.43664032e+02, 3.66150696e+02, 4.51656342e+02, 3.65436615e+02,
    4.59443542e+02, 3.64484558e+02, 4.67084808e+02, 3.63712402e+02 ]
