%YAML:1.0
---
points: [ 1.42398486e+03, 4.58403046e+02, 1.42526062e+03, 4.95462830e+02,
    1.42661902e+03, 5.32516174e+02, 1.42791565e+03, 5.69595825e+02,
    1.42919910e+03, 6.06798035e+02, 1.43072754e+03, 6.44458618e+02,
    1.38650122e+03, 4.59160034e+02, 1.38768689e+03, 4.96129120e+02,
    1.38912378e+03, 5.33106628e+02, 1.39047852e+03, 5.70188110e+02,
    1.39169958e+03, 6.07461853e+02, 1.39305212e+03, 6.44788086e+02,
    1.34910791e+03, 4.59792480e+02, 1.35021912e+03, 4.96742981e+02,
    1.35164539e+03, 5.33655029e+02, 1.35291504e+03, 5.70692200e+02,
    1.35419031e+03, 6.07864624e+02, 1.35543689e+03, 6.45378357e+02,
    1.31169226e+03, 4.60489258e+02, 1.31286462e+03, 4.97388580e+02,
    1.31394458e+03, 5.34280762e+02, 1.31531458e+03, 5.71283508e+02,
    1.31656580e+03, 6.08443237e+02, 1.31769202e+03, 6.45733582e+02,
    1.27457239e+03, 4.61184204e+02, 1.27556067e+03, 4.98048615e+02,
    1.27659424e+03, 5.34761963e+02, 1.27796436e+03, 5.71726685e+02,
    1.27903247e+03, 6.08846924e+02, 1.28018506e+03, 6.46273926e+02,
    1.23761621e+03, 4.61772156e+02, 1.23848865e+03, 4.98582306e+02,
    1.23948706e+03, 5.35464539e+02, 1.24061450e+03, 5.72374390e+02,
    1.24170349e+03, 6.09416382e+02, 1.24275049e+03, 6.46660278e+02,
    1.20090503e+03, 4.62395325e+02, 1.20173328e+03, 4.99254608e+02,
    1.20262341e+03, 5.36085327e+02, 1.20369238e+03, 5.72865173e+02,
    1.20475439e+03, 6.09946655e+02, 1.20581213e+03, 6.47272461e+02,
    1.16421106e+03, 4.63066620e+02, 1.16503857e+03, 4.99791473e+02,
    1.16586060e+03, 5.36572632e+02, 1.16689868e+03, 5.73433411e+02,
    1.16792346e+03, 6.10590637e+02, 1.16884644e+03, 6.47910034e+02 ]
