%YAML:1.0
---
points: [ 1.38894226e+03, 2.52487579e+02, 1.41471301e+03, 2.55077850e+02,
    1.43987354e+03, 2.57420074e+02, 1.46453015e+03, 2.59975098e+02,
    1.48888684e+03, 2.62117889e+02, 1.51275928e+03, 2.64534882e+02,
    1.37933752e+03, 2.82628052e+02, 1.40469958e+03, 2.85044403e+02,
    1.42976721e+03, 2.87110504e+02, 1.45430896e+03, 2.89310760e+02,
    1.47847632e+03, 2.91435242e+02, 1.50239417e+03, 2.93406647e+02,
    1.37010205e+03, 3.12314270e+02, 1.39553516e+03, 3.14107269e+02,
    1.42040259e+03, 3.16254730e+02, 1.44478357e+03, 3.18078796e+02,
    1.46899255e+03, 3.19811401e+02, 1.49257935e+03, 3.21881653e+02,
    1.36168994e+03, 3.41102081e+02, 1.38666248e+03, 3.42987793e+02,
    1.41149280e+03, 3.44698334e+02, 1.43561389e+03, 3.46230927e+02,
    1.45952136e+03, 3.47881439e+02, 1.48297498e+03, 3.49442810e+02,
    1.35343591e+03, 3.69601898e+02, 1.37827100e+03, 3.71077423e+02,
    1.40257202e+03, 3.72476685e+02, 1.42650134e+03, 3.73995453e+02,
    1.45011401e+03, 3.75356049e+02, 1.47354199e+03, 3.76693542e+02,
    1.34533313e+03, 3.97353577e+02, 1.36982544e+03, 3.98504425e+02,
    1.39405579e+03, 3.99719788e+02, 1.41759912e+03, 4.00979919e+02,
    1.44115833e+03, 4.02227783e+02, 1.46442871e+03, 4.03344391e+02,
    1.33687915e+03, 4.24184479e+02, 1.36141162e+03, 4.25244293e+02,
    1.38537915e+03, 4.26335632e+02, 1.40892627e+03, 4.27423187e+02,
    1.43227039e+03, 4.28391174e+02, 1.45531726e+03, 4.29471741e+02,
    1.32878760e+03, 4.50417938e+02, 1.35300073e+03, 4.51145721e+02,
    1.37686890e+03, 4.52065125e+02, 1.40020886e+03, 4.53003967e+02,
    1.42342371e+03, 4.53751343e+02, 1.44622473e+03, 4.54665009e+02 ]
