%YAML:1.0
---
points: [ 2.09299820e+02, 1.26742699e+02, 2.16211533e+02, 1.31530045e+02,
    2.23126404e+02, 1.36284653e+02, 2.29954819e+02, 1.41150070e+02,
    2.36869888e+02, 1.45902451e+02, 2.43546112e+02, 1.50841049e+02,
    2.04785583e+02, 1.33744904e+02, 2.11693634e+02, 1.38551971e+02,
    2.18610001e+02, 1.43369049e+02, 2.25418915e+02, 1.47999146e+02,
    2.32269928e+02, 1.52846497e+02, 2.39256409e+02, 1.57541504e+02,
    2.00317322e+02, 1.40709473e+02, 2.07152786e+02, 1.45464401e+02,
    2.14085876e+02, 1.50232025e+02, 2.20879883e+02, 1.54976944e+02,
    2.27742645e+02, 1.59684967e+02, 2.34534821e+02, 1.64387878e+02,
    1.95908051e+02, 1.47695618e+02, 2.02788040e+02, 1.52328537e+02,
    2.09635269e+02, 1.57054703e+02, 2.16425583e+02, 1.61758728e+02,
    2.23283218e+02, 1.66486496e+02, 2.30018112e+02, 1.71203690e+02,
    1.91579498e+02, 1.54394928e+02, 1.98381317e+02, 1.59276688e+02,
    2.05128235e+02, 1.63935471e+02, 2.11990784e+02, 1.68588242e+02,
    2.18849426e+02, 1.73344681e+02, 2.25467407e+02, 1.77976959e+02,
    1.87166122e+02, 1.61254883e+02, 1.94029221e+02, 1.65934967e+02,
    2.00780243e+02, 1.70666153e+02, 2.07616272e+02, 1.75283173e+02,
    2.14363541e+02, 1.79917953e+02, 2.21218765e+02, 1.84547592e+02,
    1.82788437e+02, 1.68025146e+02, 1.89647995e+02, 1.72713150e+02,
    1.96458725e+02, 1.77374191e+02, 2.03175644e+02, 1.82000656e+02,
    2.09903122e+02, 1.86668457e+02, 2.16630905e+02, 1.91271225e+02,
    1.78459015e+02, 1.74705643e+02, 1.85248306e+02, 1.79336655e+02,
    1.91926544e+02, 1.84040298e+02, 1.98769638e+02, 1.88536789e+02,
    2.05457382e+02, 1.93275375e+02, 2.12156143e+02, 1.97799637e+02 ]
