%YAML:1.0
---
points: [ 1.38228772e+03, 6.52567749e+02, 1.38348083e+03, 6.90023560e+02,
    1.38444580e+03, 7.27354736e+02, 1.38549561e+03, 7.64754761e+02,
    1.38648401e+03, 8.02501831e+02, 1.38753430e+03, 8.40369873e+02,
    1.34544055e+03, 6.52784729e+02, 1.34655042e+03, 6.90154053e+02,
    1.34753625e+03, 7.27529724e+02, 1.34859399e+03, 7.65099670e+02,
    1.34946082e+03, 8.02640137e+02, 1.35046680e+03, 8.40615112e+02,
    1.30849268e+03, 6.52961121e+02, 1.30947583e+03, 6.90381409e+02,
    1.31043506e+03, 7.27644958e+02, 1.31148022e+03, 7.65361511e+02,
    1.31245374e+03, 8.02960083e+02, 1.31335669e+03, 8.41010254e+02,
    1.27145886e+03, 6.53125732e+02, 1.27244531e+03, 6.90495239e+02,
    1.27329126e+03, 7.27847290e+02, 1.27435181e+03, 7.65464172e+02,
    1.27510059e+03, 8.03112244e+02, 1.27602710e+03, 8.41152466e+02,
    1.23455493e+03, 6.53331116e+02, 1.23541724e+03, 6.90553162e+02,
    1.23631177e+03, 7.28078064e+02, 1.23705627e+03, 7.65561951e+02,
    1.23776660e+03, 8.03268616e+02, 1.23856006e+03, 8.41304138e+02,
    1.19782288e+03, 6.53473328e+02, 1.19860095e+03, 6.90784546e+02,
    1.19929260e+03, 7.28331055e+02, 1.20003064e+03, 7.65655823e+02,
    1.20064429e+03, 8.03479736e+02, 1.20144055e+03, 8.41465210e+02,
    1.16135059e+03, 6.53658997e+02, 1.16178784e+03, 6.91056885e+02,
    1.16249670e+03, 7.28546143e+02, 1.16319421e+03, 7.65968872e+02,
    1.16380481e+03, 8.03756897e+02, 1.16450806e+03, 8.41944641e+02,
    1.12454614e+03, 6.53848938e+02, 1.12509717e+03, 6.91415283e+02,
    1.12567297e+03, 7.28826965e+02, 1.12642883e+03, 7.66500549e+02,
    1.12686194e+03, 8.04425537e+02, 1.12746350e+03, 8.42610291e+02 ]
