%YAML:1.0
---
points: [ 2.21298187e+02, 1.03092209e+02, 2.28237610e+02, 1.07957710e+02,
    2.35212006e+02, 1.12763245e+02, 2.42067993e+02, 1.17549385e+02,
    2.48995453e+02, 1.22358170e+02, 2.55763687e+02, 1.27145958e+02,
    2.16813858e+02, 1.10328415e+02, 2.23733704e+02, 1.15120842e+02,
    2.30587433e+02, 1.19856354e+02, 2.37566391e+02, 1.24600494e+02,
    2.44485245e+02, 1.29445663e+02, 2.51269745e+02, 1.34178223e+02,
    2.12264801e+02, 1.17507431e+02, 2.19211090e+02, 1.22291367e+02,
    2.26129730e+02, 1.27023773e+02, 2.33006256e+02, 1.31738754e+02,
    2.39821609e+02, 1.36442429e+02, 2.46615692e+02, 1.41299576e+02,
    2.07927017e+02, 1.24540771e+02, 2.14798325e+02, 1.29320328e+02,
    2.21649887e+02, 1.34071960e+02, 2.28419006e+02, 1.38786591e+02,
    2.35387161e+02, 1.43539108e+02, 2.42198914e+02, 1.48185638e+02,
    2.03491791e+02, 1.31576416e+02, 2.10402618e+02, 1.36315918e+02,
    2.17236923e+02, 1.41016586e+02, 2.24016708e+02, 1.45693497e+02,
    2.30812149e+02, 1.50433701e+02, 2.37605103e+02, 1.55172272e+02,
    1.99228806e+02, 1.38527985e+02, 2.06074829e+02, 1.43258484e+02,
    2.12861664e+02, 1.47930939e+02, 2.19708359e+02, 1.52511292e+02,
    2.26392227e+02, 1.57238083e+02, 2.33228149e+02, 1.61863144e+02,
    1.94885040e+02, 1.45408936e+02, 2.01692551e+02, 1.50046631e+02,
    2.08487885e+02, 1.54772339e+02, 2.15262909e+02, 1.59418930e+02,
    2.21985428e+02, 1.64036484e+02, 2.28689453e+02, 1.68728714e+02,
    1.90637283e+02, 1.52164581e+02, 1.97323730e+02, 1.56799881e+02,
    2.04110107e+02, 1.61562683e+02, 2.10814911e+02, 1.66095291e+02,
    2.17482773e+02, 1.70860046e+02, 2.24295853e+02, 1.75404053e+02 ]
