%YAML:1.0
---
points: [ 3.73418793e+02, 2.95356628e+02, 3.83393677e+02, 2.95310242e+02,
    3.93235138e+02, 2.95436676e+02, 4.02876709e+02, 2.95360443e+02,
    4.12385956e+02, 2.95326080e+02, 4.21721558e+02, 2.95195862e+02,
    3.73273743e+02, 3.06065674e+02, 3.83269440e+02, 3.06122925e+02,
    3.93021790e+02, 3.06027008e+02, 4.02675415e+02, 3.05949158e+02,
    4.12222809e+02, 3.05854980e+02, 4.21670532e+02, 3.05901093e+02,
    3.73160461e+02, 3.17031189e+02, 3.83143860e+02, 3.16870911e+02,
    3.92912994e+02, 3.16801849e+02, 4.02611115e+02, 3.16637268e+02,
    4.12170135e+02, 3.16578888e+02, 4.21556946e+02, 3.16230316e+02,
    3.73110291e+02, 3.27840485e+02, 3.83153503e+02, 3.27829376e+02,
    3.92933167e+02, 3.27559692e+02, 4.02651459e+02, 3.27444336e+02,
    4.12090668e+02, 3.26990082e+02, 4.21584839e+02, 3.26892212e+02,
    3.73140717e+02, 3.38948334e+02, 3.83081818e+02, 3.38662109e+02,
    3.92876282e+02, 3.38455505e+02, 4.02628326e+02, 3.37997925e+02,
    4.11989044e+02, 3.37793365e+02, 4.21467194e+02, 3.37316132e+02,
    3.73114624e+02, 3.49952667e+02, 3.83050507e+02, 3.49654205e+02,
    3.92733093e+02, 3.49204559e+02, 4.02574341e+02, 3.48778046e+02,
    4.11815826e+02, 3.48381042e+02, 4.21384552e+02, 3.47935608e+02,
    3.72903015e+02, 3.60831787e+02, 3.82778717e+02, 3.60458527e+02,
    3.92720978e+02, 3.59966370e+02, 4.02157928e+02, 3.59531525e+02,
    4.11816254e+02, 3.59006866e+02, 4.20939026e+02, 3.58430573e+02,
    3.72573669e+02, 3.71717621e+02, 3.82699341e+02, 3.71127014e+02,
    3.92293365e+02, 3.70652863e+02, 4.01964844e+02, 3.70133698e+02,
    4.11394409e+02, 3.69518463e+02, 4.20835327e+02, 3.68941071e+02 ]
