%YAML:1.0
---
points: [ 1.23146228e+03, 8.02531067e+02, 1.26040649e+03, 8.02946655e+02,
    1.28903589e+03, 8.03355957e+02, 1.31715747e+03, 8.03779053e+02,
    1.34518481e+03, 8.04153198e+02, 1.37307300e+03, 8.04502319e+02,
    1.23066479e+03, 8.33703674e+02, 1.25956042e+03, 8.34035217e+02,
    1.28823328e+03, 8.34375183e+02, 1.31655493e+03, 8.34545776e+02,
    1.34473682e+03, 8.34742981e+02, 1.37269177e+03, 8.34985413e+02,
    1.22997229e+03, 8.65063843e+02, 1.25920288e+03, 8.65206360e+02,
    1.28781763e+03, 8.65345276e+02, 1.31641992e+03, 8.65452820e+02,
    1.34454932e+03, 8.65537598e+02, 1.37255872e+03, 8.65664612e+02,
    1.22970410e+03, 8.96792664e+02, 1.25900818e+03, 8.96773621e+02,
    1.28774805e+03, 8.96744019e+02, 1.31632812e+03, 8.96703613e+02,
    1.34443823e+03, 8.96577515e+02, 1.37249316e+03, 8.96589050e+02,
    1.22938135e+03, 9.28719421e+02, 1.25869617e+03, 9.28582581e+02,
    1.28748511e+03, 9.28411011e+02, 1.31617871e+03, 9.28189331e+02,
    1.34435986e+03, 9.27887695e+02, 1.37250110e+03, 9.27686951e+02,
    1.22915918e+03, 9.60801697e+02, 1.25851978e+03, 9.60487488e+02,
    1.28728528e+03, 9.60113220e+02, 1.31590906e+03, 9.59629578e+02,
    1.34428601e+03, 9.59240662e+02, 1.37252527e+03, 9.58900696e+02,
    1.22847583e+03, 9.92876221e+02, 1.25793359e+03, 9.92424072e+02,
    1.28684583e+03, 9.91973877e+02, 1.31569373e+03, 9.91388367e+02,
    1.34406189e+03, 9.90890076e+02, 1.37235730e+03, 9.90335388e+02,
    1.22783630e+03, 1.02499011e+03, 1.25728516e+03, 1.02436536e+03,
    1.28636682e+03, 1.02367889e+03, 1.31515308e+03, 1.02299512e+03,
    1.34366589e+03, 1.02240662e+03, 1.37199292e+03, 1.02166895e+03 ]
