%YAML:1.0
---
points: [ 2.22735214e+02, 7.25486221e+01, 2.29843140e+02, 7.74030075e+01,
    2.36910675e+02, 8.21887512e+01, 2.43974823e+02, 8.70046921e+01,
    2.51009262e+02, 9.18013611e+01, 2.58057098e+02, 9.66526031e+01,
    2.18235001e+02, 8.00437012e+01, 2.25307785e+02, 8.48285904e+01,
    2.32325470e+02, 8.96306763e+01, 2.39323151e+02, 9.44068146e+01,
    2.46346573e+02, 9.92106094e+01, 2.53408783e+02, 1.03948685e+02,
    2.13762131e+02, 8.74316330e+01, 2.20819962e+02, 9.22454834e+01,
    2.27797501e+02, 9.70167160e+01, 2.34776855e+02, 1.01737602e+02,
    2.41793427e+02, 1.06550163e+02, 2.48746796e+02, 1.11378792e+02,
    2.09361298e+02, 9.48446655e+01, 2.16320953e+02, 9.96123962e+01,
    2.23335388e+02, 1.04382645e+02, 2.30290115e+02, 1.09093834e+02,
    2.37244675e+02, 1.13885109e+02, 2.44242340e+02, 1.18510490e+02,
    2.04966812e+02, 1.02029892e+02, 2.11947662e+02, 1.06799080e+02,
    2.18952362e+02, 1.11528275e+02, 2.25825333e+02, 1.16290909e+02,
    2.32790527e+02, 1.20976280e+02, 2.39646973e+02, 1.25830513e+02,
    2.00634735e+02, 1.09277245e+02, 2.07526672e+02, 1.14060318e+02,
    2.14551376e+02, 1.18741684e+02, 2.21437973e+02, 1.23458862e+02,
    2.28341339e+02, 1.28143082e+02, 2.35254929e+02, 1.32797531e+02,
    1.96385147e+02, 1.16382088e+02, 2.03264771e+02, 1.21081497e+02,
    2.10199249e+02, 1.25808495e+02, 2.17051758e+02, 1.30521103e+02,
    2.23904617e+02, 1.35126068e+02, 2.30741837e+02, 1.39918152e+02,
    1.92026108e+02, 1.23538849e+02, 1.98901505e+02, 1.28112152e+02,
    2.05827057e+02, 1.32855087e+02, 2.12629425e+02, 1.37499252e+02,
    2.19465897e+02, 1.42247635e+02, 2.26299866e+02, 1.46753815e+02 ]
