%YAML:1.0
---
points: [ 1.22923633e+03, 7.55184509e+02, 1.25829114e+03, 7.55429504e+02,
    1.28649341e+03, 7.55525330e+02, 1.31462830e+03, 7.55539062e+02,
    1.34256262e+03, 7.55558899e+02, 1.37018823e+03, 7.55583862e+02,
    1.22640979e+03, 7.84466736e+02, 1.25494751e+03, 7.84482605e+02,
    1.28348767e+03, 7.84484924e+02, 1.31149854e+03, 7.84504150e+02,
    1.33931213e+03, 7.84434387e+02, 1.36696521e+03, 7.84423584e+02,
    1.22362866e+03, 8.13609009e+02, 1.25250330e+03, 8.13488892e+02,
    1.28068884e+03, 8.13389587e+02, 1.30861182e+03, 8.13309875e+02,
    1.33658276e+03, 8.13123962e+02, 1.36417273e+03, 8.12940308e+02,
    1.22140576e+03, 8.42989746e+02, 1.24984290e+03, 8.42724304e+02,
    1.27834216e+03, 8.42443176e+02, 1.30628149e+03, 8.42064880e+02,
    1.33366174e+03, 8.41636963e+02, 1.36131812e+03, 8.41305969e+02,
    1.21891455e+03, 8.71954651e+02, 1.24758643e+03, 8.71574280e+02,
    1.27558875e+03, 8.71219727e+02, 1.30343982e+03, 8.70703003e+02,
    1.33126904e+03, 8.70262024e+02, 1.35851184e+03, 8.69825745e+02,
    1.21669287e+03, 9.01174622e+02, 1.24502808e+03, 9.00541687e+02,
    1.27326404e+03, 8.99859070e+02, 1.30087256e+03, 8.99117737e+02,
    1.32840295e+03, 8.98494446e+02, 1.35563513e+03, 8.97905334e+02,
    1.21398193e+03, 9.29595825e+02, 1.24249109e+03, 9.28850891e+02,
    1.27040845e+03, 9.28306641e+02, 1.29809460e+03, 9.27550598e+02,
    1.32561499e+03, 9.26774048e+02, 1.35308289e+03, 9.25874634e+02,
    1.21152649e+03, 9.57797180e+02, 1.23954639e+03, 9.56920593e+02,
    1.26768677e+03, 9.56015808e+02, 1.29530225e+03, 9.55300598e+02,
    1.32267590e+03, 9.54458069e+02, 1.34979810e+03, 9.53721313e+02 ]
