%YAML:1.0
---
points: [ 3.65425903e+02, 3.02879150e+02, 3.75223206e+02, 3.02506439e+02,
    3.84798859e+02, 3.02309753e+02, 3.94276245e+02, 3.01846405e+02,
    4.03536835e+02, 3.01529144e+02, 4.12878021e+02, 3.01009796e+02,
    3.64361328e+02, 3.12711639e+02, 3.74063904e+02, 3.12330505e+02,
    3.83695007e+02, 3.12016937e+02, 3.93104248e+02, 3.11553528e+02,
    4.02444702e+02, 3.11148224e+02, 4.11614716e+02, 3.10740631e+02,
    3.63472198e+02, 3.22533600e+02, 3.73140747e+02, 3.22127228e+02,
    3.82711334e+02, 3.21676483e+02, 3.92069702e+02, 3.21167542e+02,
    4.01379944e+02, 3.20737061e+02, 4.10487823e+02, 3.20135406e+02,
    3.62593658e+02, 3.32334137e+02, 3.72286835e+02, 3.31906281e+02,
    3.81712982e+02, 3.31348633e+02, 3.91104553e+02, 3.30843506e+02,
    4.00268646e+02, 3.30213287e+02, 4.09424805e+02, 3.29698456e+02,
    3.61828186e+02, 3.42042145e+02, 3.71367401e+02, 3.41540192e+02,
    3.80822662e+02, 3.40939423e+02, 3.90064514e+02, 3.40369049e+02,
    3.99256195e+02, 3.39729767e+02, 4.08268921e+02, 3.39030304e+02,
    3.60926788e+02, 3.51770416e+02, 3.70426819e+02, 3.51204681e+02,
    3.79801636e+02, 3.50468384e+02, 3.89069397e+02, 3.49774872e+02,
    3.98155640e+02, 3.48997040e+02, 4.07229065e+02, 3.48374817e+02,
    3.59929413e+02, 3.61187592e+02, 3.69379456e+02, 3.60483459e+02,
    3.78807526e+02, 3.59833588e+02, 3.87872559e+02, 3.58965973e+02,
    3.97092346e+02, 3.58227234e+02, 4.05917114e+02, 3.57516663e+02,
    3.58829926e+02, 3.70433960e+02, 3.68437897e+02, 3.69629578e+02,
    3.77604279e+02, 3.68870911e+02, 3.86848297e+02, 3.68148865e+02,
    3.95786896e+02, 3.67287109e+02, 4.04792419e+02, 3.66518616e+02 ]
