%YAML:1.0
---
points: [ 1.20867151e+03, 8.23948730e+02, 1.23741125e+03, 8.23446350e+02,
    1.26536401e+03, 8.22852783e+02, 1.29301978e+03, 8.22203247e+02,
    1.32059778e+03, 8.21520508e+02, 1.34776343e+03, 8.20818298e+02,
    1.20593811e+03, 8.52363770e+02, 1.23420923e+03, 8.51539734e+02,
    1.26228137e+03, 8.50912537e+02, 1.28991467e+03, 8.50140015e+02,
    1.31732812e+03, 8.49509827e+02, 1.34451819e+03, 8.48739746e+02,
    1.20329199e+03, 8.80830627e+02, 1.23164917e+03, 8.79906616e+02,
    1.25956714e+03, 8.79037903e+02, 1.28705505e+03, 8.78151550e+02,
    1.31448840e+03, 8.77126038e+02, 1.34171606e+03, 8.76359558e+02,
    1.20117590e+03, 9.09162537e+02, 1.22920654e+03, 9.08283813e+02,
    1.25717639e+03, 9.07197571e+02, 1.28456140e+03, 9.06099121e+02,
    1.31172168e+03, 9.05008972e+02, 1.33863098e+03, 9.03850952e+02,
    1.19868713e+03, 9.37524109e+02, 1.22681372e+03, 9.36247192e+02,
    1.25448450e+03, 9.35049866e+02, 1.28176355e+03, 9.33810303e+02,
    1.30883521e+03, 9.32686218e+02, 1.33592371e+03, 9.31448547e+02,
    1.19642957e+03, 9.65565125e+02, 1.22433569e+03, 9.64310120e+02,
    1.25204785e+03, 9.62749268e+02, 1.27936047e+03, 9.61309998e+02,
    1.30639417e+03, 9.60047424e+02, 1.33312561e+03, 9.58856018e+02,
    1.19384131e+03, 9.92979065e+02, 1.22168164e+03, 9.91630737e+02,
    1.24930994e+03, 9.90269165e+02, 1.27643530e+03, 9.88610779e+02,
    1.30340894e+03, 9.87171570e+02, 1.33030518e+03, 9.85753723e+02,
    1.19127820e+03, 1.02032605e+03, 1.21885034e+03, 1.01865186e+03,
    1.24645337e+03, 1.01721368e+03, 1.27363794e+03, 1.01547400e+03,
    1.30055762e+03, 1.01378418e+03, 1.32732874e+03, 1.01241016e+03 ]
