%YAML:1.0
---
points: [ 1.69753271e+03, 6.52637634e+02, 1.69882678e+03, 6.86645508e+02,
    1.70010510e+03, 7.20697083e+02, 1.70144214e+03, 7.54881470e+02,
    1.70259399e+03, 7.89211426e+02, 1.70380371e+03, 8.23614624e+02,
    1.66442761e+03, 6.52811951e+02, 1.66548645e+03, 6.86834778e+02,
    1.66670825e+03, 7.21083069e+02, 1.66805859e+03, 7.55262024e+02,
    1.66932031e+03, 7.89518250e+02, 1.67045044e+03, 8.24041809e+02,
    1.63084167e+03, 6.52937622e+02, 1.63206372e+03, 6.87042175e+02,
    1.63323865e+03, 7.21234192e+02, 1.63451025e+03, 7.55472412e+02,
    1.63611060e+03, 7.89833923e+02, 1.63723303e+03, 8.24428101e+02,
    1.59712012e+03, 6.53116150e+02, 1.59827502e+03, 6.87216980e+02,
    1.59961353e+03, 7.21442749e+02, 1.60075781e+03, 7.55496338e+02,
    1.60199243e+03, 7.89931885e+02, 1.60316174e+03, 8.24504333e+02,
    1.56354590e+03, 6.53272949e+02, 1.56459692e+03, 6.87342346e+02,
    1.56563940e+03, 7.21538940e+02, 1.56694910e+03, 7.55572876e+02,
    1.56827954e+03, 7.90209534e+02, 1.56936096e+03, 8.24584229e+02,
    1.52976758e+03, 6.53421997e+02, 1.53088965e+03, 6.87431152e+02,
    1.53199011e+03, 7.21616943e+02, 1.53308545e+03, 7.55676025e+02,
    1.53414087e+03, 7.90328308e+02, 1.53528723e+03, 8.24711853e+02,
    1.49643225e+03, 6.53492310e+02, 1.49722961e+03, 6.87538513e+02,
    1.49835535e+03, 7.21770142e+02, 1.49955994e+03, 7.55841797e+02,
    1.50059119e+03, 7.90505066e+02, 1.50163379e+03, 8.25070557e+02,
    1.46275793e+03, 6.53563538e+02, 1.46392834e+03, 6.87601318e+02,
    1.46494458e+03, 7.21947449e+02, 1.46624597e+03, 7.56277161e+02,
    1.46753125e+03, 7.90935730e+02, 1.46846655e+03, 8.25461914e+02 ]
