%YAML:1.0
---
points: [ 1.27569481e+02, 2.25856918e+02, 1.34453201e+02, 2.30824173e+02,
    1.41452423e+02, 2.35789627e+02, 1.48297577e+02, 2.40733047e+02,
    1.55304718e+02, 2.45784286e+02, 1.62164978e+02, 2.50823929e+02,
    1.22463417e+02, 2.32789047e+02, 1.29379929e+02, 2.37794281e+02,
    1.36275269e+02, 2.42795883e+02, 1.43189423e+02, 2.47797516e+02,
    1.50140411e+02, 2.52764496e+02, 1.57074539e+02, 2.57825012e+02,
    1.17362282e+02, 2.39769150e+02, 1.24231728e+02, 2.44805176e+02,
    1.31174500e+02, 2.49833725e+02, 1.38026581e+02, 2.54805267e+02,
    1.44983582e+02, 2.59836121e+02, 1.51879425e+02, 2.64942780e+02,
    1.12231232e+02, 2.46825638e+02, 1.19146965e+02, 2.51814789e+02,
    1.26023079e+02, 2.56852325e+02, 1.32947479e+02, 2.61881439e+02,
    1.39849884e+02, 2.66859161e+02, 1.46740585e+02, 2.71982025e+02,
    1.07147133e+02, 2.53759583e+02, 1.14006996e+02, 2.58837189e+02,
    1.20957626e+02, 2.63884094e+02, 1.27779655e+02, 2.68915710e+02,
    1.34713654e+02, 2.73942749e+02, 1.41669342e+02, 2.79034119e+02,
    1.02061920e+02, 2.60795807e+02, 1.09039314e+02, 2.65812653e+02,
    1.15775864e+02, 2.70930176e+02, 1.22730164e+02, 2.75930206e+02,
    1.29619125e+02, 2.81041077e+02, 1.36539688e+02, 2.86122040e+02,
    9.70142593e+01, 2.67756592e+02, 1.03798866e+02, 2.72889252e+02,
    1.10710281e+02, 2.77950165e+02, 1.17558075e+02, 2.83010681e+02,
    1.24430290e+02, 2.88088013e+02, 1.31350784e+02, 2.93242523e+02,
    9.17831268e+01, 2.74804993e+02, 9.86229019e+01, 2.79922516e+02,
    1.05489067e+02, 2.85040771e+02, 1.12293793e+02, 2.90129211e+02,
    1.19179962e+02, 2.95255463e+02, 1.26176300e+02, 3.00379425e+02 ]
