%YAML:1.0
---
points: [ 8.51895447e+02, 8.28230469e+02, 8.84918213e+02, 8.27143555e+02,
    9.17181396e+02, 8.25760559e+02, 9.49108459e+02, 8.24423401e+02,
    9.80474548e+02, 8.23092773e+02, 1.01157538e+03, 8.21906860e+02,
    8.50285461e+02, 8.59335449e+02, 8.83078186e+02, 8.57816040e+02,
    9.15522095e+02, 8.56239929e+02, 9.47281799e+02, 8.54866760e+02,
    9.78594238e+02, 8.53458252e+02, 1.00963177e+03, 8.51882874e+02,
    8.49038269e+02, 8.90166199e+02, 8.81673462e+02, 8.88399597e+02,
    9.13845215e+02, 8.86789429e+02, 9.45481995e+02, 8.85292603e+02,
    9.76763062e+02, 8.83458191e+02, 1.00771564e+03, 8.81872131e+02,
    8.47940735e+02, 9.21188782e+02, 8.80396362e+02, 9.19129578e+02,
    9.12401489e+02, 9.17403320e+02, 9.44011230e+02, 9.15370605e+02,
    9.75143677e+02, 9.13506287e+02, 1.00598987e+03, 9.11834534e+02,
    8.46629333e+02, 9.51876831e+02, 8.79007324e+02, 9.49716187e+02,
    9.10989929e+02, 9.47728699e+02, 9.42442505e+02, 9.45529236e+02,
    9.73504333e+02, 9.43599731e+02, 1.00420587e+03, 9.41452881e+02,
    8.45296753e+02, 9.82423706e+02, 8.77629944e+02, 9.80238464e+02,
    9.09487244e+02, 9.77649231e+02, 9.40730103e+02, 9.75557190e+02,
    9.71706421e+02, 9.73186707e+02, 1.00232281e+03, 9.70950134e+02,
    8.43984436e+02, 1.01244763e+03, 8.76289856e+02, 1.00977002e+03,
    9.07897583e+02, 1.00749707e+03, 9.39144958e+02, 1.00510339e+03,
    9.70057068e+02, 1.00266461e+03, 1.00061316e+03, 1.00037848e+03,
    8.42865173e+02, 1.04196606e+03, 8.74856018e+02, 1.03915356e+03,
    9.06467712e+02, 1.03662463e+03, 9.37512085e+02, 1.03403320e+03,
    9.68430237e+02, 1.03152637e+03, 9.98680664e+02, 1.02906567e+03 ]
