%YAML:1.0
---
points: [ 1.69998071e+03, 5.75587524e+02, 1.70138708e+03, 6.09555969e+02,
    1.70270068e+03, 6.43802246e+02, 1.70422205e+03, 6.77862000e+02,
    1.70549500e+03, 7.12365173e+02, 1.70672205e+03, 7.46602478e+02,
    1.66633032e+03, 5.75757385e+02, 1.66781506e+03, 6.09838745e+02,
    1.66921008e+03, 6.44160461e+02, 1.67049219e+03, 6.78233948e+02,
    1.67168689e+03, 7.12580933e+02, 1.67306445e+03, 7.47058411e+02,
    1.63260303e+03, 5.76060181e+02, 1.63388025e+03, 6.10109009e+02,
    1.63527234e+03, 6.44428894e+02, 1.63667419e+03, 6.78404724e+02,
    1.63805420e+03, 7.12867065e+02, 1.63931580e+03, 7.47355835e+02,
    1.59871082e+03, 5.76359131e+02, 1.59996497e+03, 6.10384094e+02,
    1.60121582e+03, 6.44577881e+02, 1.60247534e+03, 6.78600037e+02,
    1.60380591e+03, 7.13169495e+02, 1.60528540e+03, 7.47622986e+02,
    1.56471570e+03, 5.76502808e+02, 1.56573303e+03, 6.10615845e+02,
    1.56707544e+03, 6.44697937e+02, 1.56854419e+03, 6.78867981e+02,
    1.56975159e+03, 7.13384216e+02, 1.57078870e+03, 7.47792664e+02,
    1.53092590e+03, 5.76717834e+02, 1.53197681e+03, 6.10939209e+02,
    1.53319348e+03, 6.44959961e+02, 1.53413074e+03, 6.79189758e+02,
    1.53539270e+03, 7.13498535e+02, 1.53671191e+03, 7.48042053e+02,
    1.49699341e+03, 5.76985352e+02, 1.49816138e+03, 6.11206909e+02,
    1.49936206e+03, 6.45252625e+02, 1.50039050e+03, 6.79425354e+02,
    1.50150891e+03, 7.13609802e+02, 1.50275769e+03, 7.48376953e+02,
    1.46333423e+03, 5.77170410e+02, 1.46448474e+03, 6.11371094e+02,
    1.46568555e+03, 6.45439697e+02, 1.46681885e+03, 6.79655029e+02,
    1.46825500e+03, 7.13988342e+02, 1.46937976e+03, 7.48657471e+02 ]
