%YAML:1.0
---
points: [ 1.58935498e+03, 2.63515839e+02, 1.61749780e+03, 2.81467224e+02,
    1.64538696e+03, 2.99480743e+02, 1.67312573e+03, 3.17475464e+02,
    1.70090698e+03, 3.35433594e+02, 1.72874390e+03, 3.53477661e+02,
    1.57141980e+03, 2.91696411e+02, 1.59940613e+03, 3.09777771e+02,
    1.62743860e+03, 3.27722870e+02, 1.65537646e+03, 3.45537109e+02,
    1.68343115e+03, 3.63498962e+02, 1.71154431e+03, 3.81463409e+02,
    1.55381506e+03, 3.19805450e+02, 1.58205737e+03, 3.37733154e+02,
    1.61020361e+03, 3.55656342e+02, 1.63837036e+03, 3.73532257e+02,
    1.66639978e+03, 3.91390320e+02, 1.69460828e+03, 4.09328125e+02,
    1.53678259e+03, 3.47749878e+02, 1.56521143e+03, 3.65628967e+02,
    1.59344043e+03, 3.83596954e+02, 1.62145691e+03, 4.01494843e+02,
    1.64956824e+03, 4.19355164e+02, 1.67775610e+03, 4.37274933e+02,
    1.51959143e+03, 3.75827209e+02, 1.54806335e+03, 3.93696930e+02,
    1.57631848e+03, 4.11601532e+02, 1.60451331e+03, 4.29547546e+02,
    1.63264783e+03, 4.47471741e+02, 1.66088806e+03, 4.65396820e+02,
    1.50247998e+03, 4.03912781e+02, 1.53084851e+03, 4.21843658e+02,
    1.55931396e+03, 4.39756134e+02, 1.58744788e+03, 4.57673126e+02,
    1.61565088e+03, 4.75654846e+02, 1.64397046e+03, 4.93527374e+02,
    1.48469421e+03, 4.32314789e+02, 1.51336218e+03, 4.50169769e+02,
    1.54177795e+03, 4.68128784e+02, 1.57021362e+03, 4.86036224e+02,
    1.59846570e+03, 5.03958252e+02, 1.62682922e+03, 5.21927979e+02,
    1.46726843e+03, 4.60490662e+02, 1.49577332e+03, 4.78481293e+02,
    1.52441187e+03, 4.96416260e+02, 1.55270813e+03, 5.14341064e+02,
    1.58124207e+03, 5.32266479e+02, 1.60968079e+03, 5.50302063e+02 ]
