%YAML:1.0
---
points: [ 1.02965790e+02, 2.17732498e+02, 1.11396790e+02, 2.18218399e+02,
    1.19807396e+02, 2.18575592e+02, 1.28230988e+02, 2.18859146e+02,
    1.36658737e+02, 2.19275620e+02, 1.45125641e+02, 2.19679367e+02,
    1.02527367e+02, 2.26279999e+02, 1.10876495e+02, 2.26645767e+02,
    1.19290466e+02, 2.26963287e+02, 1.27705276e+02, 2.27352203e+02,
    1.36183838e+02, 2.27789810e+02, 1.44626083e+02, 2.28099442e+02,
    1.01979004e+02, 2.34702637e+02, 1.10304558e+02, 2.35135925e+02,
    1.18721725e+02, 2.35516953e+02, 1.27146103e+02, 2.35895111e+02,
    1.35606186e+02, 2.36230042e+02, 1.44073990e+02, 2.36629059e+02,
    1.01447136e+02, 2.43316956e+02, 1.09832184e+02, 2.43610214e+02,
    1.18215401e+02, 2.44037384e+02, 1.26635567e+02, 2.44419159e+02,
    1.35129318e+02, 2.44821182e+02, 1.43578461e+02, 2.45168076e+02,
    1.00908012e+02, 2.51690613e+02, 1.09305153e+02, 2.52159149e+02,
    1.17695618e+02, 2.52564331e+02, 1.26145950e+02, 2.52908859e+02,
    1.34531250e+02, 2.53306854e+02, 1.43117615e+02, 2.53718521e+02,
    1.00408272e+02, 2.60256226e+02, 1.08803650e+02, 2.60634216e+02,
    1.17204796e+02, 2.60989838e+02, 1.25604370e+02, 2.61490540e+02,
    1.34101913e+02, 2.61868408e+02, 1.42568878e+02, 2.62193298e+02,
    9.98715439e+01, 2.68713806e+02, 1.08242958e+02, 2.69189209e+02,
    1.16657372e+02, 2.69578766e+02, 1.25090149e+02, 2.70051361e+02,
    1.33474152e+02, 2.70423218e+02, 1.42067871e+02, 2.70947906e+02,
    9.92128220e+01, 2.77281494e+02, 1.07647659e+02, 2.77689911e+02,
    1.15992676e+02, 2.78167023e+02, 1.24393669e+02, 2.78621277e+02,
    1.32881149e+02, 2.79104889e+02, 1.41316040e+02, 2.79464996e+02 ]
