%YAML:1.0
---
points: [ 1.53818494e+03, 5.49717834e+02, 1.56542761e+03, 5.67987671e+02,
    1.59211072e+03, 5.86195740e+02, 1.61863708e+03, 6.04194397e+02,
    1.64536487e+03, 6.22291443e+02, 1.67200903e+03, 6.40336365e+02,
    1.52047339e+03, 5.77042053e+02, 1.54736047e+03, 5.95322388e+02,
    1.57441956e+03, 6.13403442e+02, 1.60120557e+03, 6.31409241e+02,
    1.62806030e+03, 6.49490784e+02, 1.65503369e+03, 6.67630920e+02,
    1.50302307e+03, 6.04366760e+02, 1.53020544e+03, 6.22512817e+02,
    1.55733545e+03, 6.40646362e+02, 1.58437659e+03, 6.58711670e+02,
    1.61145410e+03, 6.76749573e+02, 1.63840320e+03, 6.94778259e+02,
    1.48626990e+03, 6.31652039e+02, 1.51353870e+03, 6.49908508e+02,
    1.54065491e+03, 6.68197021e+02, 1.56766626e+03, 6.86211609e+02,
    1.59474268e+03, 7.04319580e+02, 1.62169580e+03, 7.22337524e+02,
    1.46917761e+03, 6.59400818e+02, 1.49656958e+03, 6.77495422e+02,
    1.52379150e+03, 6.95650940e+02, 1.55094946e+03, 7.13794861e+02,
    1.57809314e+03, 7.31866455e+02, 1.60509595e+03, 7.50107483e+02,
    1.45217871e+03, 6.87048645e+02, 1.47956982e+03, 7.05227478e+02,
    1.50689905e+03, 7.23431091e+02, 1.53415588e+03, 7.41584412e+02,
    1.56132556e+03, 7.59705444e+02, 1.58847876e+03, 7.77921936e+02,
    1.43465332e+03, 7.14643127e+02, 1.46223303e+03, 7.33001709e+02,
    1.48976208e+03, 7.51344055e+02, 1.51697546e+03, 7.69425415e+02,
    1.54439856e+03, 7.87602539e+02, 1.57159131e+03, 8.05804749e+02,
    1.41734290e+03, 7.42488586e+02, 1.44486389e+03, 7.60794678e+02,
    1.47253662e+03, 7.79158386e+02, 1.49981311e+03, 7.97316406e+02,
    1.52730371e+03, 8.15544434e+02, 1.55459827e+03, 8.33724731e+02 ]
