%YAML:1.0
---
points: [ 9.09510498e+02, 5.39087219e+02, 9.41798828e+02, 5.40213623e+02,
    9.73644958e+02, 5.41188782e+02, 1.00493860e+03, 5.42232727e+02,
    1.03597510e+03, 5.43266663e+02, 1.06657568e+03, 5.44300598e+02,
    9.07671204e+02, 5.70851013e+02, 9.39730164e+02, 5.71732239e+02,
    9.71454468e+02, 5.72580566e+02, 1.00260712e+03, 5.73509338e+02,
    1.03356238e+03, 5.74423401e+02, 1.06435986e+03, 5.75233887e+02,
    9.06068542e+02, 6.02380737e+02, 9.37997620e+02, 6.03097595e+02,
    9.69568176e+02, 6.03706787e+02, 1.00062836e+03, 6.04440735e+02,
    1.03153345e+03, 6.05119080e+02, 1.06195911e+03, 6.05812927e+02,
    9.04554993e+02, 6.33706848e+02, 9.36352539e+02, 6.34322021e+02,
    9.67696838e+02, 6.34687927e+02, 9.98669312e+02, 6.35215454e+02,
    1.02935205e+03, 6.35614380e+02, 1.05978748e+03, 6.36184692e+02,
    9.02866455e+02, 6.64909241e+02, 9.34502869e+02, 6.65290588e+02,
    9.65828552e+02, 6.65623230e+02, 9.96690918e+02, 6.65870117e+02,
    1.02729504e+03, 6.66240845e+02, 1.05760828e+03, 6.66503967e+02,
    9.01387939e+02, 6.95793152e+02, 9.32905212e+02, 6.95993530e+02,
    9.64105347e+02, 6.96160706e+02, 9.94797791e+02, 6.96302734e+02,
    1.02524048e+03, 6.96399292e+02, 1.05531042e+03, 6.96554199e+02,
    8.99776184e+02, 7.26164490e+02, 9.31217102e+02, 7.26222412e+02,
    9.62117065e+02, 7.26302185e+02, 9.92649597e+02, 7.26286865e+02,
    1.02294977e+03, 7.26322632e+02, 1.05331604e+03, 7.26321899e+02,
    8.98100098e+02, 7.56103516e+02, 9.29194946e+02, 7.55969238e+02,
    9.60224915e+02, 7.55873779e+02, 9.90705139e+02, 7.55794312e+02,
    1.02104041e+03, 7.55705994e+02, 1.05083289e+03, 7.55645996e+02 ]
