%YAML:1.0
---
points: [ 2.63246094e+02, 2.98972076e+02, 2.74404236e+02, 2.98954773e+02,
    2.85419067e+02, 2.98979340e+02, 2.96312927e+02, 2.98897888e+02,
    3.07182465e+02, 2.98898804e+02, 3.17939178e+02, 2.98900421e+02,
    2.62923462e+02, 3.10500885e+02, 2.74126221e+02, 3.10528992e+02,
    2.85217865e+02, 3.10413055e+02, 2.96190186e+02, 3.10356506e+02,
    3.07077820e+02, 3.10310181e+02, 3.17871948e+02, 3.10352753e+02,
    2.62711761e+02, 3.22315826e+02, 2.73917084e+02, 3.22144836e+02,
    2.85113708e+02, 3.22088470e+02, 2.96087555e+02, 3.21906128e+02,
    3.06985046e+02, 3.21806732e+02, 3.17783234e+02, 3.21590515e+02,
    2.62469177e+02, 3.34202393e+02, 2.73805756e+02, 3.33957550e+02,
    2.84950653e+02, 3.33759796e+02, 2.95964996e+02, 3.33540161e+02,
    3.06896332e+02, 3.33353088e+02, 3.17728088e+02, 3.33206451e+02,
    2.62298737e+02, 3.46119293e+02, 2.73658966e+02, 3.45789642e+02,
    2.84825989e+02, 3.45535492e+02, 2.95802155e+02, 3.45342773e+02,
    3.06809814e+02, 3.45068573e+02, 3.17615326e+02, 3.44736267e+02,
    2.61921814e+02, 3.58226685e+02, 2.73526581e+02, 3.57749390e+02,
    2.84674805e+02, 3.57406586e+02, 2.95799774e+02, 3.57063873e+02,
    3.06685730e+02, 3.56711945e+02, 3.17724640e+02, 3.56409058e+02,
    2.61794403e+02, 3.70047089e+02, 2.73050446e+02, 3.69589905e+02,
    2.84580292e+02, 3.69247314e+02, 2.95588043e+02, 3.68833435e+02,
    3.06734802e+02, 3.68427216e+02, 3.17466797e+02, 3.67980225e+02,
    2.61476929e+02, 3.81925293e+02, 2.72959961e+02, 3.81456299e+02,
    2.84150055e+02, 3.81066650e+02, 2.95404327e+02, 3.80662567e+02,
    3.06356537e+02, 3.80073578e+02, 3.17449097e+02, 3.79621643e+02 ]
