%YAML:1.0
---
points: [ 1.08960091e+02, 1.63326050e+02, 1.17253510e+02, 1.63589844e+02,
    1.25420128e+02, 1.63704132e+02, 1.33664673e+02, 1.63826141e+02,
    1.42009872e+02, 1.63977036e+02, 1.50249603e+02, 1.64237015e+02,
    1.08730171e+02, 1.71696640e+02, 1.16923798e+02, 1.71730408e+02,
    1.25166229e+02, 1.71924911e+02, 1.33371490e+02, 1.72158737e+02,
    1.41726471e+02, 1.72392258e+02, 1.50084885e+02, 1.72586365e+02,
    1.08393723e+02, 1.79777054e+02, 1.16669853e+02, 1.80078186e+02,
    1.24935921e+02, 1.80296677e+02, 1.33138992e+02, 1.80532059e+02,
    1.41339142e+02, 1.80690445e+02, 1.49756180e+02, 1.80849060e+02,
    1.08139977e+02, 1.88264679e+02, 1.16372185e+02, 1.88510254e+02,
    1.24695709e+02, 1.88655106e+02, 1.32882675e+02, 1.88843994e+02,
    1.41172546e+02, 1.89011414e+02, 1.49448883e+02, 1.89260056e+02,
    1.07912422e+02, 1.96581070e+02, 1.16140083e+02, 1.96779617e+02,
    1.24368690e+02, 1.96838654e+02, 1.32628937e+02, 1.97145370e+02,
    1.40931671e+02, 1.97413788e+02, 1.49287567e+02, 1.97646133e+02,
    1.07635590e+02, 2.04830780e+02, 1.15884933e+02, 2.04973877e+02,
    1.24174095e+02, 2.05345459e+02, 1.32374268e+02, 2.05569366e+02,
    1.40687485e+02, 2.05757050e+02, 1.49110077e+02, 2.05884781e+02,
    1.07318626e+02, 2.13170166e+02, 1.15502159e+02, 2.13464783e+02,
    1.23847939e+02, 2.13681778e+02, 1.32111496e+02, 2.13853943e+02,
    1.40377869e+02, 2.14010544e+02, 1.48660339e+02, 2.14327805e+02,
    1.06903763e+02, 2.21579941e+02, 1.15221352e+02, 2.21730576e+02,
    1.23371658e+02, 2.21927887e+02, 1.31704605e+02, 2.22176636e+02,
    1.40004532e+02, 2.22528961e+02, 1.48292191e+02, 2.22679932e+02 ]
