%YAML:1.0
---
points: [ 1.53820715e+03, 5.49746155e+02, 1.56543152e+03, 5.68012756e+02,
    1.59203210e+03, 5.86057007e+02, 1.61869958e+03, 6.04217163e+02,
    1.64538940e+03, 6.22275635e+02, 1.67200098e+03, 6.40362427e+02,
    1.52046765e+03, 5.77002197e+02, 1.54743689e+03, 5.95287537e+02,
    1.57442395e+03, 6.13385986e+02, 1.60124194e+03, 6.31416382e+02,
    1.62812537e+03, 6.49460327e+02, 1.65504810e+03, 6.67571106e+02,
    1.50306128e+03, 6.04380005e+02, 1.53022583e+03, 6.22506897e+02,
    1.55738403e+03, 6.40639526e+02, 1.58438538e+03, 6.58740967e+02,
    1.61139783e+03, 6.76761780e+02, 1.63838635e+03, 6.94785034e+02,
    1.48620325e+03, 6.31636108e+02, 1.51356421e+03, 6.49911072e+02,
    1.54063953e+03, 6.68121094e+02, 1.56770654e+03, 6.86217346e+02,
    1.59473840e+03, 7.04309937e+02, 1.62170325e+03, 7.22373596e+02,
    1.46915759e+03, 6.59320251e+02, 1.49658386e+03, 6.77480835e+02,
    1.52386157e+03, 6.95620605e+02, 1.55101184e+03, 7.13774841e+02,
    1.57801953e+03, 7.31885254e+02, 1.60512842e+03, 7.50061279e+02,
    1.45216833e+03, 6.86980957e+02, 1.47954834e+03, 7.05243713e+02,
    1.50694202e+03, 7.23356750e+02, 1.53423730e+03, 7.41596008e+02,
    1.56133203e+03, 7.59698914e+02, 1.58848206e+03, 7.77899780e+02,
    1.43470215e+03, 7.14669617e+02, 1.46228406e+03, 7.32927368e+02,
    1.48975500e+03, 7.51226257e+02, 1.51701208e+03, 7.69419067e+02,
    1.54438879e+03, 7.87621521e+02, 1.57160303e+03, 8.05800781e+02,
    1.41729016e+03, 7.42500427e+02, 1.44496545e+03, 7.60831360e+02,
    1.47255469e+03, 7.79075562e+02, 1.49978674e+03, 7.97290344e+02,
    1.52728247e+03, 8.15501038e+02, 1.55461633e+03, 8.33715088e+02 ]
