%YAML:1.0
---
points: [ 9.48157227e+02, 1.67910995e+02, 9.83291626e+02, 1.70686127e+02,
    1.01788715e+03, 1.73029297e+02, 1.05222412e+03, 1.75601044e+02,
    1.08602698e+03, 1.77765442e+02, 1.11956470e+03, 1.80204346e+02,
    9.45159851e+02, 2.04709091e+02, 9.79677551e+02, 2.07246231e+02,
    1.01374207e+03, 2.09337143e+02, 1.04759827e+03, 2.11644272e+02,
    1.08097559e+03, 2.13704483e+02, 1.11419336e+03, 2.15837921e+02,
    9.42455750e+02, 2.40334579e+02, 9.76336914e+02, 2.42459808e+02,
    1.01022601e+03, 2.44551971e+02, 1.04345129e+03, 2.46509903e+02,
    1.07622107e+03, 2.48541641e+02, 1.10908521e+03, 2.50358887e+02,
    9.39669495e+02, 2.75089050e+02, 9.73459412e+02, 2.76899506e+02,
    1.00659949e+03, 2.78695221e+02, 1.03928772e+03, 2.80552979e+02,
    1.07172778e+03, 2.82240906e+02, 1.10409033e+03, 2.83838623e+02,
    9.37341797e+02, 3.08638245e+02, 9.70403198e+02, 3.10366272e+02,
    1.00299316e+03, 3.12097046e+02, 1.03545483e+03, 3.13538208e+02,
    1.06750391e+03, 3.15113129e+02, 1.09941821e+03, 3.16657562e+02,
    9.34700684e+02, 3.41312195e+02, 9.67437805e+02, 3.42844238e+02,
    9.99760132e+02, 3.44358887e+02, 1.03166846e+03, 3.45591797e+02,
    1.06338110e+03, 3.47001251e+02, 1.09466016e+03, 3.48512909e+02,
    9.32347961e+02, 3.72849487e+02, 9.64533020e+02, 3.74324585e+02,
    9.96387207e+02, 3.75640228e+02, 1.02788306e+03, 3.76723175e+02,
    1.05912561e+03, 3.78037018e+02, 1.09026880e+03, 3.79347900e+02,
    9.29793457e+02, 4.03467438e+02, 9.61580261e+02, 4.04570435e+02,
    9.93158875e+02, 4.05774292e+02, 1.02400500e+03, 4.06866333e+02,
    1.05488940e+03, 4.07910736e+02, 1.08563000e+03, 4.09072327e+02 ]
