%YAML:1.0
---
points: [ 1.51545410e+03, 5.12144775e+02, 1.54245081e+03, 5.29848206e+02,
    1.56883862e+03, 5.47670471e+02, 1.59529541e+03, 5.65413391e+02,
    1.62149597e+03, 5.83103210e+02, 1.64783521e+03, 6.00741516e+02,
    1.49827356e+03, 5.39094604e+02, 1.52502893e+03, 5.56850342e+02,
    1.55157532e+03, 5.74608643e+02, 1.57818909e+03, 5.92435730e+02,
    1.60477881e+03, 6.10170715e+02, 1.63139917e+03, 6.27724365e+02,
    1.48140308e+03, 5.66187866e+02, 1.50834558e+03, 5.83930359e+02,
    1.53520105e+03, 6.01639343e+02, 1.56180859e+03, 6.19414001e+02,
    1.58856763e+03, 6.37116882e+02, 1.61535437e+03, 6.54796387e+02,
    1.46496497e+03, 5.93268677e+02, 1.49213977e+03, 6.11021301e+02,
    1.51911768e+03, 6.28802612e+02, 1.54576648e+03, 6.46547913e+02,
    1.57245032e+03, 6.64314087e+02, 1.59929285e+03, 6.82008484e+02,
    1.44841748e+03, 6.20523560e+02, 1.47555017e+03, 6.38345032e+02,
    1.50256323e+03, 6.56193787e+02, 1.52941309e+03, 6.73850708e+02,
    1.55633093e+03, 6.91653381e+02, 1.58315845e+03, 7.09459839e+02,
    1.43180103e+03, 6.47880066e+02, 1.45913208e+03, 6.65798828e+02,
    1.48622119e+03, 6.83649109e+02, 1.51313940e+03, 7.01450928e+02,
    1.53994836e+03, 7.19268372e+02, 1.56698389e+03, 7.36931213e+02,
    1.41481873e+03, 6.75389160e+02, 1.44219177e+03, 6.93406677e+02,
    1.46946143e+03, 7.11284119e+02, 1.49647522e+03, 7.28982422e+02,
    1.52360144e+03, 7.46770874e+02, 1.55060547e+03, 7.64668396e+02,
    1.39799109e+03, 7.02950378e+02, 1.42540149e+03, 7.20915039e+02,
    1.45259460e+03, 7.38950684e+02, 1.47972131e+03, 7.56641113e+02,
    1.50694592e+03, 7.74529968e+02, 1.53411536e+03, 7.92411682e+02 ]
