%YAML:1.0
---
points: [ 1.48844604e+03, 4.28930420e+02, 1.51471729e+03, 4.46488861e+02,
    1.54066467e+03, 4.63919830e+02, 1.56658130e+03, 4.81384094e+02,
    1.59247681e+03, 4.98752960e+02, 1.61822461e+03, 5.16269592e+02,
    1.47161975e+03, 4.55551819e+02, 1.49773181e+03, 4.73232025e+02,
    1.52406604e+03, 4.90603455e+02, 1.55003516e+03, 5.07911377e+02,
    1.57621021e+03, 5.25418213e+02, 1.60229419e+03, 5.42739563e+02,
    1.45517847e+03, 4.82226227e+02, 1.48157239e+03, 4.99723541e+02,
    1.50784509e+03, 5.17196228e+02, 1.53419617e+03, 5.34556213e+02,
    1.56043372e+03, 5.51958801e+02, 1.58660132e+03, 5.69325867e+02,
    1.43915967e+03, 5.08808838e+02, 1.46567212e+03, 5.26415955e+02,
    1.49222449e+03, 5.43824219e+02, 1.51848914e+03, 5.61274292e+02,
    1.54474182e+03, 5.78542969e+02, 1.57095972e+03, 5.95956299e+02,
    1.42302356e+03, 5.35653137e+02, 1.44958862e+03, 5.53261292e+02,
    1.47621265e+03, 5.70701294e+02, 1.50257263e+03, 5.88092834e+02,
    1.52890686e+03, 6.05514709e+02, 1.55534607e+03, 6.22918213e+02,
    1.40670264e+03, 5.62665283e+02, 1.43349146e+03, 5.80210754e+02,
    1.46024170e+03, 5.97676819e+02, 1.48658472e+03, 6.15220703e+02,
    1.51306995e+03, 6.32560486e+02, 1.53958289e+03, 6.49948730e+02,
    1.39018628e+03, 5.89739014e+02, 1.41702332e+03, 6.07387207e+02,
    1.44383752e+03, 6.24786987e+02, 1.47045679e+03, 6.42397217e+02,
    1.49709216e+03, 6.59661926e+02, 1.52362158e+03, 6.77178162e+02,
    1.37359131e+03, 6.16977661e+02, 1.40058167e+03, 6.34532837e+02,
    1.42745874e+03, 6.52060730e+02, 1.45412427e+03, 6.69550842e+02,
    1.48081799e+03, 6.87040955e+02, 1.50755835e+03, 7.04494385e+02 ]
