%YAML:1.0
---
points: [ 9.34855835e+02, 6.03237610e+02, 9.66879517e+02, 6.04353516e+02,
    9.98572449e+02, 6.05288513e+02, 1.02973132e+03, 6.06336914e+02,
    1.06083411e+03, 6.07178528e+02, 1.09155310e+03, 6.08077209e+02,
    9.33179321e+02, 6.34957703e+02, 9.64998657e+02, 6.35806091e+02,
    9.96636292e+02, 6.36680115e+02, 1.02779492e+03, 6.37598450e+02,
    1.05879822e+03, 6.38357849e+02, 1.08964319e+03, 6.39154846e+02,
    9.31582642e+02, 6.66591553e+02, 9.63434082e+02, 6.67246582e+02,
    9.94914429e+02, 6.67866638e+02, 1.02606152e+03, 6.68601868e+02,
    1.05683789e+03, 6.69321594e+02, 1.08743359e+03, 6.69985291e+02,
    9.29901550e+02, 6.98015137e+02, 9.61690918e+02, 6.98550781e+02,
    9.93184875e+02, 6.99038147e+02, 1.02410315e+03, 6.99637634e+02,
    1.05488062e+03, 7.00211670e+02, 1.08560681e+03, 7.00657043e+02,
    9.28347717e+02, 7.29473633e+02, 9.60106384e+02, 7.29811768e+02,
    9.91369446e+02, 7.30201294e+02, 1.02238116e+03, 7.30527710e+02,
    1.05311157e+03, 7.30781677e+02, 1.08360559e+03, 7.31262756e+02,
    9.26871338e+02, 7.60742310e+02, 9.58489075e+02, 7.60940430e+02,
    9.89732239e+02, 7.61166260e+02, 1.02068738e+03, 7.61323242e+02,
    1.05130139e+03, 7.61591736e+02, 1.08170715e+03, 7.61742737e+02,
    9.25136353e+02, 7.91720642e+02, 9.56656860e+02, 7.91770935e+02,
    9.87787231e+02, 7.91868286e+02, 1.01869952e+03, 7.91997070e+02,
    1.04931201e+03, 7.92066711e+02, 1.07977014e+03, 7.92207397e+02,
    9.23499634e+02, 8.22460144e+02, 9.54895874e+02, 8.22388733e+02,
    9.86144958e+02, 8.22402771e+02, 1.01691022e+03, 8.22329773e+02,
    1.04749414e+03, 8.22348389e+02, 1.07778320e+03, 8.22334717e+02 ]
