%YAML:1.0
---
points: [ 2.70516205e+02, 2.26811905e+02, 2.81567993e+02, 2.27107635e+02,
    2.92427032e+02, 2.27312271e+02, 3.03244659e+02, 2.27485733e+02,
    3.13954285e+02, 2.27824677e+02, 3.24519684e+02, 2.28044815e+02,
    2.70013672e+02, 2.37789001e+02, 2.80988983e+02, 2.38048477e+02,
    2.91786682e+02, 2.38226303e+02, 3.02548828e+02, 2.38393799e+02,
    3.13241516e+02, 2.38551117e+02, 3.23877594e+02, 2.38818176e+02,
    2.69426453e+02, 2.48760803e+02, 2.80355927e+02, 2.48928940e+02,
    2.91305817e+02, 2.49109970e+02, 3.02010162e+02, 2.49240952e+02,
    3.12633728e+02, 2.49275635e+02, 3.23222992e+02, 2.49426682e+02,
    2.69011475e+02, 2.59693390e+02, 2.79916382e+02, 2.59845367e+02,
    2.90769257e+02, 2.59948425e+02, 3.01396118e+02, 2.60060364e+02,
    3.12148102e+02, 2.60113983e+02, 3.22629883e+02, 2.60252960e+02,
    2.68451385e+02, 2.70592712e+02, 2.79380890e+02, 2.70655457e+02,
    2.90260101e+02, 2.70758514e+02, 3.00932068e+02, 2.70787262e+02,
    3.11496155e+02, 2.70898895e+02, 3.22120972e+02, 2.70925690e+02,
    2.68026764e+02, 2.81547913e+02, 2.78938202e+02, 2.81526337e+02,
    2.89669800e+02, 2.81481781e+02, 3.00327179e+02, 2.81467285e+02,
    3.10990448e+02, 2.81486664e+02, 3.21439758e+02, 2.81565979e+02,
    2.67477264e+02, 2.92265106e+02, 2.78332825e+02, 2.92352600e+02,
    2.89178589e+02, 2.92285156e+02, 2.99826782e+02, 2.92248840e+02,
    3.10391418e+02, 2.92172760e+02, 3.20868347e+02, 2.92121613e+02,
    2.66998199e+02, 3.03075928e+02, 2.77827850e+02, 3.02915070e+02,
    2.88546570e+02, 3.02875458e+02, 2.99220978e+02, 3.02760162e+02,
    3.09732697e+02, 3.02694611e+02, 3.20253601e+02, 3.02678711e+02 ]
