%YAML:1.0
---
points: [ 4.15910034e+02, 5.89059814e+02, 4.55057587e+02, 5.90377747e+02,
    4.93520660e+02, 5.91328369e+02, 5.31083923e+02, 5.92337952e+02,
    5.67843323e+02, 5.93241272e+02, 6.03690308e+02, 5.94273804e+02,
    4.14651428e+02, 6.23771667e+02, 4.53881500e+02, 6.24568298e+02,
    4.92156006e+02, 6.25265564e+02, 5.29422974e+02, 6.25892944e+02,
    5.66146057e+02, 6.26550354e+02, 6.02024109e+02, 6.27235962e+02,
    4.13455109e+02, 6.58557251e+02, 4.52580566e+02, 6.58830994e+02,
    4.90742523e+02, 6.59185425e+02, 5.27881042e+02, 6.59472534e+02,
    5.64523499e+02, 6.59687012e+02, 6.00438538e+02, 6.59887085e+02,
    4.12245453e+02, 6.93090820e+02, 4.51096039e+02, 6.93003784e+02,
    4.89269623e+02, 6.92931396e+02, 5.26364624e+02, 6.92719604e+02,
    5.62880859e+02, 6.92604492e+02, 5.98540100e+02, 6.92484497e+02,
    4.10845551e+02, 7.27559448e+02, 4.49562805e+02, 7.27163086e+02,
    4.87560913e+02, 7.26621033e+02, 5.24591675e+02, 7.26089966e+02,
    5.61121582e+02, 7.25499756e+02, 5.96787292e+02, 7.25039490e+02,
    4.09432922e+02, 7.61847595e+02, 4.48257141e+02, 7.61078918e+02,
    4.86220215e+02, 7.60220642e+02, 5.23142639e+02, 7.59344238e+02,
    5.59497375e+02, 7.58480652e+02, 5.95100281e+02, 7.57478027e+02,
    4.08192169e+02, 7.95782532e+02, 4.46844086e+02, 7.94547546e+02,
    4.84620697e+02, 7.93360474e+02, 5.21564453e+02, 7.92236572e+02,
    5.57832153e+02, 7.91097717e+02, 5.93311707e+02, 7.89833923e+02,
    4.07168274e+02, 8.29330078e+02, 4.45486511e+02, 8.27869263e+02,
    4.83301514e+02, 8.26377502e+02, 5.19881165e+02, 8.24683838e+02,
    5.56123779e+02, 8.23355530e+02, 5.91511963e+02, 8.21804749e+02 ]
