%YAML:1.0
---
points: [ 9.24486008e+01, 2.23546906e+02, 1.05725471e+02, 2.23831223e+02,
    1.18777779e+02, 2.24021561e+02, 1.31408691e+02, 2.24289429e+02,
    1.44016083e+02, 2.24505035e+02, 1.56261902e+02, 2.24713669e+02,
    9.20943680e+01, 2.35650009e+02, 1.05245613e+02, 2.35704346e+02,
    1.18279350e+02, 2.35817230e+02, 1.31008118e+02, 2.35938705e+02,
    1.43431152e+02, 2.36096191e+02, 1.55771591e+02, 2.36210114e+02,
    9.18086090e+01, 2.47546158e+02, 1.04928886e+02, 2.47621368e+02,
    1.17909073e+02, 2.47626846e+02, 1.30457886e+02, 2.47598328e+02,
    1.43038055e+02, 2.47537567e+02, 1.55183685e+02, 2.47436539e+02,
    9.14622955e+01, 2.59625214e+02, 1.04571747e+02, 2.59485168e+02,
    1.17415283e+02, 2.59353638e+02, 1.30101608e+02, 2.59162994e+02,
    1.42388031e+02, 2.59005890e+02, 1.54635574e+02, 2.58850983e+02,
    9.10443497e+01, 2.71534790e+02, 1.04169914e+02, 2.71231506e+02,
    1.17023743e+02, 2.70950409e+02, 1.29583954e+02, 2.70729187e+02,
    1.42012436e+02, 2.70452789e+02, 1.54148956e+02, 2.70152802e+02,
    9.07687454e+01, 2.83315491e+02, 1.03821182e+02, 2.82958771e+02,
    1.16596077e+02, 2.82658813e+02, 1.29148254e+02, 2.82253693e+02,
    1.41452301e+02, 2.81838348e+02, 1.53580688e+02, 2.81425842e+02,
    9.06384277e+01, 2.94857758e+02, 1.03501907e+02, 2.94593536e+02,
    1.16195473e+02, 2.94152985e+02, 1.28660568e+02, 2.93677704e+02,
    1.41004333e+02, 2.93183533e+02, 1.53069016e+02, 2.92618439e+02,
    9.03537292e+01, 3.06536957e+02, 1.03210052e+02, 3.05933197e+02,
    1.15783546e+02, 3.05519897e+02, 1.28234787e+02, 3.04883820e+02,
    1.40517776e+02, 3.04336731e+02, 1.52486511e+02, 3.03739777e+02 ]
