%YAML:1.0
---
points: [ 1.80280838e+02, 1.54257401e+02, 1.88596756e+02, 1.54212601e+02,
    1.96984787e+02, 1.54140015e+02, 2.05260010e+02, 1.54109482e+02,
    2.13566269e+02, 1.54089310e+02, 2.21895447e+02, 1.54075882e+02,
    1.80778809e+02, 1.62591370e+02, 1.89101852e+02, 1.62534241e+02,
    1.97326828e+02, 1.62530258e+02, 2.05544861e+02, 1.62420685e+02,
    2.13948013e+02, 1.62364227e+02, 2.22222260e+02, 1.62321182e+02,
    1.81250641e+02, 1.70907776e+02, 1.89388962e+02, 1.70854996e+02,
    1.97717575e+02, 1.70738068e+02, 2.05958282e+02, 1.70768829e+02,
    2.14230667e+02, 1.70710785e+02, 2.22384140e+02, 1.70651978e+02,
    1.81672501e+02, 1.79144760e+02, 1.89977188e+02, 1.79054626e+02,
    1.98167892e+02, 1.79018326e+02, 2.06261230e+02, 1.78981812e+02,
    2.14418549e+02, 1.78969925e+02, 2.22754395e+02, 1.78903793e+02,
    1.82219803e+02, 1.87252914e+02, 1.90313934e+02, 1.87193039e+02,
    1.98465149e+02, 1.87158936e+02, 2.06558350e+02, 1.87121918e+02,
    2.14808578e+02, 1.87081757e+02, 2.22985489e+02, 1.87055237e+02,
    1.82558517e+02, 1.95307968e+02, 1.90733551e+02, 1.95216599e+02,
    1.98924255e+02, 1.95199173e+02, 2.07084290e+02, 1.95158539e+02,
    2.15153870e+02, 1.95135147e+02, 2.23297729e+02, 1.95078888e+02,
    1.83129944e+02, 2.03138367e+02, 1.91174622e+02, 2.03215149e+02,
    1.99273315e+02, 2.03200104e+02, 2.07318024e+02, 2.03149384e+02,
    2.15362030e+02, 2.03142578e+02, 2.23476089e+02, 2.03160339e+02,
    1.83471252e+02, 2.11227875e+02, 1.91459854e+02, 2.11111740e+02,
    1.99440231e+02, 2.11106186e+02, 2.07477112e+02, 2.11168488e+02,
    2.15598572e+02, 2.11132355e+02, 2.23662354e+02, 2.11116913e+02 ]
