%YAML:1.0
---
points: [ 1.51420703e+03, 3.49571899e+02, 1.54128833e+03, 3.67246552e+02,
    1.56790405e+03, 3.84922028e+02, 1.59446252e+03, 4.02608734e+02,
    1.62105859e+03, 4.20315277e+02, 1.64752124e+03, 4.37865540e+02,
    1.49697253e+03, 3.76634369e+02, 1.52384741e+03, 3.94389740e+02,
    1.55067664e+03, 4.12027374e+02, 1.57753528e+03, 4.29576965e+02,
    1.60438684e+03, 4.47356598e+02, 1.63121472e+03, 4.64780090e+02,
    1.48019177e+03, 4.03689178e+02, 1.50728845e+03, 4.21432068e+02,
    1.53427319e+03, 4.38954681e+02, 1.56123621e+03, 4.56541809e+02,
    1.58816272e+03, 4.74206451e+02, 1.61523633e+03, 4.91752045e+02,
    1.46370972e+03, 4.30653992e+02, 1.49087134e+03, 4.48362335e+02,
    1.51820056e+03, 4.65995636e+02, 1.54513916e+03, 4.83547150e+02,
    1.57210583e+03, 5.01295197e+02, 1.59910461e+03, 5.18762207e+02,
    1.44722192e+03, 4.57706787e+02, 1.47449011e+03, 4.75488617e+02,
    1.50170300e+03, 4.93103516e+02, 1.52872339e+03, 5.10660309e+02,
    1.55582690e+03, 5.28371155e+02, 1.58306543e+03, 5.46005859e+02,
    1.43057776e+03, 4.84949341e+02, 1.45804138e+03, 5.02709534e+02,
    1.48535486e+03, 5.20464844e+02, 1.51243884e+03, 5.38020142e+02,
    1.53960986e+03, 5.55600891e+02, 1.56680701e+03, 5.73382629e+02,
    1.41362012e+03, 5.12390076e+02, 1.44128162e+03, 5.30142517e+02,
    1.46860583e+03, 5.47787415e+02, 1.49582312e+03, 5.65465271e+02,
    1.52327063e+03, 5.83160645e+02, 1.55051465e+03, 6.00743042e+02,
    1.39684265e+03, 5.39784180e+02, 1.42439893e+03, 5.57547241e+02,
    1.45180334e+03, 5.75325500e+02, 1.47924731e+03, 5.93032410e+02,
    1.50661707e+03, 6.10621216e+02, 1.53408838e+03, 6.28409485e+02 ]
