%YAML:1.0
---
points: [ 2.44451279e+02, 1.55937332e+02, 2.52724030e+02, 1.55689087e+02,
    2.60928314e+02, 1.55617676e+02, 2.69142700e+02, 1.55418549e+02,
    2.77342590e+02, 1.55359314e+02, 2.85557526e+02, 1.55249527e+02,
    2.44569260e+02, 1.64134369e+02, 2.52853027e+02, 1.64079147e+02,
    2.60980347e+02, 1.63899200e+02, 2.69219269e+02, 1.63725952e+02,
    2.77274292e+02, 1.63581558e+02, 2.85448639e+02, 1.63470322e+02,
    2.44793579e+02, 1.72267212e+02, 2.52816330e+02, 1.72200699e+02,
    2.61112366e+02, 1.72144867e+02, 2.69169708e+02, 1.72040771e+02,
    2.77336456e+02, 1.71897659e+02, 2.85375061e+02, 1.71660522e+02,
    2.44798828e+02, 1.80419739e+02, 2.52983597e+02, 1.80322586e+02,
    2.61099396e+02, 1.80215439e+02, 2.69269287e+02, 1.80138794e+02,
    2.77273956e+02, 1.79915558e+02, 2.85345825e+02, 1.79835785e+02,
    2.45039719e+02, 1.88474503e+02, 2.53120422e+02, 1.88335388e+02,
    2.61160126e+02, 1.88256882e+02, 2.69212250e+02, 1.88099808e+02,
    2.77277313e+02, 1.88003738e+02, 2.85272827e+02, 1.87814621e+02,
    2.45127213e+02, 1.96466187e+02, 2.53147949e+02, 1.96341766e+02,
    2.61185913e+02, 1.96185867e+02, 2.69146698e+02, 1.96092255e+02,
    2.77240509e+02, 1.95957886e+02, 2.85226776e+02, 1.95672256e+02,
    2.45195374e+02, 2.04391968e+02, 2.53241257e+02, 2.04244217e+02,
    2.61272858e+02, 2.04123474e+02, 2.69235840e+02, 2.03935333e+02,
    2.77189270e+02, 2.03771164e+02, 2.85182617e+02, 2.03527939e+02,
    2.45279984e+02, 2.12266937e+02, 2.53354004e+02, 2.12165909e+02,
    2.61289795e+02, 2.11986084e+02, 2.69236572e+02, 2.11828766e+02,
    2.77230194e+02, 2.11560013e+02, 2.85262390e+02, 2.11420227e+02 ]
