%YAML:1.0
---
points: [ 1.19069836e+03, 5.45944275e+02, 1.21713098e+03, 5.63505615e+02,
    1.24349841e+03, 5.81067322e+02, 1.26961047e+03, 5.98511780e+02,
    1.29571289e+03, 6.15997498e+02, 1.32212451e+03, 6.33433899e+02,
    1.17350891e+03, 5.72620422e+02, 1.19982678e+03, 5.90272766e+02,
    1.22635449e+03, 6.07704407e+02, 1.25255310e+03, 6.25142639e+02,
    1.27895203e+03, 6.42634216e+02, 1.30538208e+03, 6.60144226e+02,
    1.15648059e+03, 5.99285156e+02, 1.18304309e+03, 6.17039246e+02,
    1.20953870e+03, 6.34410461e+02, 1.23588013e+03, 6.51767029e+02,
    1.26229822e+03, 6.69354126e+02, 1.28878235e+03, 6.86863037e+02,
    1.13959033e+03, 6.26250916e+02, 1.16632043e+03, 6.43835022e+02,
    1.19279932e+03, 6.61396301e+02, 1.21929736e+03, 6.78664978e+02,
    1.24566577e+03, 6.96294922e+02, 1.27240466e+03, 7.13777344e+02,
    1.12255164e+03, 6.53295532e+02, 1.14935376e+03, 6.70840088e+02,
    1.17615234e+03, 6.88513916e+02, 1.20247217e+03, 7.05841614e+02,
    1.22906116e+03, 7.23468018e+02, 1.25572314e+03, 7.40820007e+02,
    1.10551880e+03, 6.80557434e+02, 1.13242200e+03, 6.98139404e+02,
    1.15912732e+03, 7.15688110e+02, 1.18566003e+03, 7.33243347e+02,
    1.21235266e+03, 7.50734741e+02, 1.23902063e+03, 7.68322327e+02,
    1.08831616e+03, 7.07883911e+02, 1.11517090e+03, 7.25533569e+02,
    1.14191040e+03, 7.43126831e+02, 1.16867749e+03, 7.60622864e+02,
    1.19547595e+03, 7.78320007e+02, 1.22230444e+03, 7.95741516e+02,
    1.07085303e+03, 7.35415100e+02, 1.09778430e+03, 7.53053894e+02,
    1.12480920e+03, 7.70590088e+02, 1.15165454e+03, 7.88214355e+02,
    1.17848401e+03, 8.05706421e+02, 1.20538196e+03, 8.23442017e+02 ]
