%YAML:1.0
---
points: [ 1.15381580e+03, 4.96676178e+02, 1.17979932e+03, 5.14228699e+02,
    1.20552954e+03, 5.31561829e+02, 1.23108997e+03, 5.48811951e+02,
    1.25661633e+03, 5.66110413e+02, 1.28230347e+03, 5.83309814e+02,
    1.13687012e+03, 5.23150208e+02, 1.16280957e+03, 5.40506287e+02,
    1.18868433e+03, 5.57834351e+02, 1.21438892e+03, 5.75088074e+02,
    1.24013672e+03, 5.92380249e+02, 1.26580505e+03, 6.09493042e+02,
    1.12006653e+03, 5.49510376e+02, 1.14624768e+03, 5.66874268e+02,
    1.17212756e+03, 5.84249817e+02, 1.19791101e+03, 6.01439636e+02,
    1.22380127e+03, 6.18614197e+02, 1.24976379e+03, 6.35740417e+02,
    1.10345691e+03, 5.76088928e+02, 1.12963928e+03, 5.93448059e+02,
    1.15579626e+03, 6.10685547e+02, 1.18163257e+03, 6.27909546e+02,
    1.20759033e+03, 6.45175598e+02, 1.23353845e+03, 6.62354248e+02,
    1.08660022e+03, 6.02733765e+02, 1.11295056e+03, 6.20208008e+02,
    1.13917310e+03, 6.37496826e+02, 1.16516968e+03, 6.54660034e+02,
    1.19130737e+03, 6.71835144e+02, 1.21722253e+03, 6.89076660e+02,
    1.06971924e+03, 6.29658325e+02, 1.09617371e+03, 6.47183411e+02,
    1.12247095e+03, 6.64463074e+02, 1.14863037e+03, 6.81583984e+02,
    1.17470752e+03, 6.98709961e+02, 1.20083325e+03, 7.15969299e+02,
    1.05248499e+03, 6.56744568e+02, 1.07917432e+03, 6.74215942e+02,
    1.10554834e+03, 6.91503723e+02, 1.13187549e+03, 7.08637512e+02,
    1.15824109e+03, 7.25895752e+02, 1.18438257e+03, 7.43149902e+02,
    1.03537781e+03, 6.83912354e+02, 1.06212390e+03, 7.01354980e+02,
    1.08866699e+03, 7.18662231e+02, 1.11512659e+03, 7.35844543e+02,
    1.14145691e+03, 7.53078430e+02, 1.16765613e+03, 7.70281372e+02 ]
