%YAML:1.0
---
points: [ 1.14773926e+03, 4.30167755e+02, 1.17372095e+03, 4.47455444e+02,
    1.19950476e+03, 4.64582458e+02, 1.22516125e+03, 4.81664978e+02,
    1.25059790e+03, 4.98684052e+02, 1.27627991e+03, 5.15689331e+02,
    1.13122375e+03, 4.56368286e+02, 1.15708521e+03, 4.73601318e+02,
    1.18298059e+03, 4.90712952e+02, 1.20865613e+03, 5.07730499e+02,
    1.23445801e+03, 5.24763367e+02, 1.26018054e+03, 5.41759155e+02,
    1.11467017e+03, 4.82508942e+02, 1.14077307e+03, 4.99679504e+02,
    1.16664893e+03, 5.16866516e+02, 1.19254602e+03, 5.33847778e+02,
    1.21843518e+03, 5.50839966e+02, 1.24431348e+03, 5.67899475e+02,
    1.09838452e+03, 5.08797485e+02, 1.12455652e+03, 5.26078186e+02,
    1.15060986e+03, 5.43273865e+02, 1.17653699e+03, 5.60254944e+02,
    1.20252917e+03, 5.77174133e+02, 1.22841809e+03, 5.94128784e+02,
    1.08179028e+03, 5.35354797e+02, 1.10828198e+03, 5.52489624e+02,
    1.13439526e+03, 5.69661133e+02, 1.16049854e+03, 5.86689087e+02,
    1.18644861e+03, 6.03621399e+02, 1.21248694e+03, 6.20648621e+02,
    1.06537256e+03, 5.61989441e+02, 1.09168323e+03, 5.79222961e+02,
    1.11803711e+03, 5.96402832e+02, 1.14417151e+03, 6.13405945e+02,
    1.17027319e+03, 6.30368958e+02, 1.19635864e+03, 6.47341797e+02,
    1.04847375e+03, 5.88911987e+02, 1.07498779e+03, 6.06085266e+02,
    1.10145837e+03, 6.23241028e+02, 1.12769763e+03, 6.40291016e+02,
    1.15387720e+03, 6.57196289e+02, 1.18018774e+03, 6.74166443e+02,
    1.03158118e+03, 6.15859985e+02, 1.05826636e+03, 6.33047302e+02,
    1.08480603e+03, 6.50167236e+02, 1.11125635e+03, 6.67226501e+02,
    1.13754980e+03, 6.84198059e+02, 1.16375818e+03, 7.01166626e+02 ]
