%YAML:1.0
---
points: [ 9.28997253e+02, 6.33098694e+02, 9.61941589e+02, 6.33953918e+02,
    9.95290588e+02, 6.34748779e+02, 1.02853674e+03, 6.35399780e+02,
    1.06227368e+03, 6.36178955e+02, 1.09618884e+03, 6.36861450e+02,
    9.29620422e+02, 6.64372131e+02, 9.62492004e+02, 6.65276611e+02,
    9.95524292e+02, 6.66184998e+02, 1.02846143e+03, 6.66963379e+02,
    1.06186523e+03, 6.67936951e+02, 1.09565906e+03, 6.68926208e+02,
    9.30316895e+02, 6.95330688e+02, 9.62895935e+02, 6.96411621e+02,
    9.95664795e+02, 6.97317566e+02, 1.02846277e+03, 6.98361511e+02,
    1.06158044e+03, 6.99294128e+02, 1.09527344e+03, 7.00430847e+02,
    9.30892395e+02, 7.26084534e+02, 9.63295105e+02, 7.27360840e+02,
    9.95768494e+02, 7.28449097e+02, 1.02842444e+03, 7.29393433e+02,
    1.06140613e+03, 7.30425171e+02, 1.09472937e+03, 7.31559753e+02,
    9.31466064e+02, 7.56469177e+02, 9.63652222e+02, 7.57703003e+02,
    9.95936157e+02, 7.59066895e+02, 1.02837061e+03, 7.60208130e+02,
    1.06119678e+03, 7.61300171e+02, 1.09437744e+03, 7.62508789e+02,
    9.32061340e+02, 7.86786316e+02, 9.63922913e+02, 7.88012085e+02,
    9.96181335e+02, 7.89319763e+02, 1.02837842e+03, 7.90558044e+02,
    1.06093140e+03, 7.91800537e+02, 1.09383179e+03, 7.93109009e+02,
    9.32563110e+02, 8.16405212e+02, 9.64409851e+02, 8.17744263e+02,
    9.96315674e+02, 8.19119446e+02, 1.02837158e+03, 8.20519592e+02,
    1.06069067e+03, 8.21941223e+02, 1.09349670e+03, 8.23422363e+02,
    9.33275757e+02, 8.45195618e+02, 9.64769348e+02, 8.46625122e+02,
    9.96566101e+02, 8.48417908e+02, 1.02835266e+03, 8.49859192e+02,
    1.06056738e+03, 8.51373596e+02, 1.09315356e+03, 8.53236084e+02 ]
