%YAML:1.0
---
points: [ 3.03705505e+02, 2.60802521e+02, 3.11963531e+02, 2.61393250e+02,
    3.20160034e+02, 2.62095093e+02, 3.28379272e+02, 2.62603149e+02,
    3.36834320e+02, 2.63270508e+02, 3.45238312e+02, 2.63857361e+02,
    3.03402588e+02, 2.68935120e+02, 3.11561371e+02, 2.69510834e+02,
    3.19812195e+02, 2.70210510e+02, 3.28127380e+02, 2.70877350e+02,
    3.36427795e+02, 2.71456879e+02, 3.44841156e+02, 2.72264435e+02,
    3.02991821e+02, 2.77060760e+02, 3.11213837e+02, 2.77746674e+02,
    3.19377533e+02, 2.78450104e+02, 3.27644257e+02, 2.79125061e+02,
    3.36086395e+02, 2.79824066e+02, 3.44436707e+02, 2.80453217e+02,
    3.02483551e+02, 2.85358398e+02, 3.10739838e+02, 2.85982452e+02,
    3.19061157e+02, 2.86649353e+02, 3.27321625e+02, 2.87387939e+02,
    3.35690948e+02, 2.88106384e+02, 3.44190369e+02, 2.88840790e+02,
    3.02186584e+02, 2.93479279e+02, 3.10337433e+02, 2.94211884e+02,
    3.18528748e+02, 2.94992249e+02, 3.27023651e+02, 2.95702667e+02,
    3.35299591e+02, 2.96413269e+02, 3.43759613e+02, 2.97178772e+02,
    3.01682709e+02, 3.01785553e+02, 3.09993622e+02, 3.02562225e+02,
    3.18236145e+02, 3.03242188e+02, 3.26528381e+02, 3.04067078e+02,
    3.35059875e+02, 3.04777283e+02, 3.43375275e+02, 3.05561035e+02,
    3.01252258e+02, 3.10070068e+02, 3.09573944e+02, 3.10876190e+02,
    3.17898499e+02, 3.11616974e+02, 3.26230194e+02, 3.12391541e+02,
    3.34547943e+02, 3.13232483e+02, 3.43076050e+02, 3.13972717e+02,
    3.00875549e+02, 3.18364532e+02, 3.09185669e+02, 3.19112122e+02,
    3.17471924e+02, 3.19974640e+02, 3.25859375e+02, 3.20840912e+02,
    3.34262604e+02, 3.21654388e+02, 3.42714905e+02, 3.22526398e+02 ]
