%YAML:1.0
---
points: [ 1.12588977e+03, 3.52432281e+02, 1.15169714e+03, 3.69772217e+02,
    1.17730750e+03, 3.87271484e+02, 1.20259705e+03, 4.04527557e+02,
    1.22779053e+03, 4.21682404e+02, 1.25314807e+03, 4.38901947e+02,
    1.10932739e+03, 3.78440979e+02, 1.13506348e+03, 3.95926300e+02,
    1.16068237e+03, 4.13279968e+02, 1.18627380e+03, 4.30555084e+02,
    1.21164966e+03, 4.47608002e+02, 1.23708545e+03, 4.64669861e+02,
    1.09272998e+03, 4.04432678e+02, 1.11867554e+03, 4.21832275e+02,
    1.14448657e+03, 4.39207428e+02, 1.17018250e+03, 4.56396667e+02,
    1.19573328e+03, 4.73476837e+02, 1.22133691e+03, 4.90506165e+02,
    1.07645117e+03, 4.30453491e+02, 1.10254797e+03, 4.47813782e+02,
    1.12848401e+03, 4.65154907e+02, 1.15423547e+03, 4.82313171e+02,
    1.17982959e+03, 4.99375366e+02, 1.20547803e+03, 5.16423035e+02,
    1.05991895e+03, 4.56626984e+02, 1.08627832e+03, 4.74137604e+02,
    1.11226843e+03, 4.91361786e+02, 1.13813586e+03, 5.08490936e+02,
    1.16381226e+03, 5.25548218e+02, 1.18956323e+03, 5.42563049e+02,
    1.04343945e+03, 4.83113312e+02, 1.06971204e+03, 5.00481018e+02,
    1.09586719e+03, 5.17692017e+02, 1.12180359e+03, 5.34774292e+02,
    1.14769800e+03, 5.51858948e+02, 1.17352954e+03, 5.68901672e+02,
    1.02655640e+03, 5.09708038e+02, 1.05305603e+03, 5.27107605e+02,
    1.07937915e+03, 5.44374695e+02, 1.10550842e+03, 5.61431580e+02,
    1.13150110e+03, 5.78460571e+02, 1.15746606e+03, 5.95470398e+02,
    1.00968030e+03, 5.36456787e+02, 1.03634802e+03, 5.53786499e+02,
    1.06271484e+03, 5.71060791e+02, 1.08893152e+03, 5.88128296e+02,
    1.11523657e+03, 6.05113098e+02, 1.14122522e+03, 6.22113342e+02 ]
