%YAML:1.0
---
points: [ 3.56800781e+02, 2.70352814e+02, 3.65213654e+02, 2.70942047e+02,
    3.73521454e+02, 2.71517487e+02, 3.81944000e+02, 2.72184723e+02,
    3.90272064e+02, 2.72730225e+02, 3.98670868e+02, 2.73268555e+02,
    3.56369690e+02, 2.78765930e+02, 3.64846222e+02, 2.79380676e+02,
    3.73199036e+02, 2.79889587e+02, 3.81564911e+02, 2.80492584e+02,
    3.89977509e+02, 2.81124756e+02, 3.98352203e+02, 2.81706757e+02,
    3.56079254e+02, 2.87237427e+02, 3.64417084e+02, 2.87761353e+02,
    3.72815552e+02, 2.88408264e+02, 3.81296967e+02, 2.88994507e+02,
    3.89562561e+02, 2.89625458e+02, 3.98031464e+02, 2.90153534e+02,
    3.55613068e+02, 2.95646118e+02, 3.64063416e+02, 2.96278992e+02,
    3.72420746e+02, 2.96827179e+02, 3.80859558e+02, 2.97432404e+02,
    3.89228851e+02, 2.97987518e+02, 3.97638763e+02, 2.98639069e+02,
    3.55233246e+02, 3.04193085e+02, 3.63676849e+02, 3.04707031e+02,
    3.72110107e+02, 3.05313416e+02, 3.80491119e+02, 3.05938263e+02,
    3.88847931e+02, 3.06491608e+02, 3.97286255e+02, 3.06997192e+02,
    3.54913239e+02, 3.12532440e+02, 3.63230408e+02, 3.13218079e+02,
    3.71693878e+02, 3.13784180e+02, 3.80076294e+02, 3.14384735e+02,
    3.88486420e+02, 3.14935883e+02, 3.96847046e+02, 3.15587646e+02,
    3.54486969e+02, 3.21133423e+02, 3.62901947e+02, 3.21683838e+02,
    3.71332458e+02, 3.22338287e+02, 3.79677948e+02, 3.22906464e+02,
    3.88115723e+02, 3.23553802e+02, 3.96519592e+02, 3.23959564e+02,
    3.54093018e+02, 3.29635162e+02, 3.62528778e+02, 3.30330597e+02,
    3.70960632e+02, 3.30821381e+02, 3.79438202e+02, 3.31476044e+02,
    3.87784454e+02, 3.32006195e+02, 3.96210785e+02, 3.32613983e+02 ]
