%YAML:1.0
---
points: [ 9.00175293e+02, 5.60193237e+02, 9.33087769e+02, 5.61132751e+02,
    9.66182434e+02, 5.61951904e+02, 9.99566040e+02, 5.62709290e+02,
    1.03308362e+03, 5.63662170e+02, 1.06680676e+03, 5.64480957e+02,
    9.00797791e+02, 5.91370544e+02, 9.33492065e+02, 5.92269470e+02,
    9.66345947e+02, 5.93203918e+02, 9.99348206e+02, 5.94209167e+02,
    1.03259021e+03, 5.95222351e+02, 1.06595117e+03, 5.96168579e+02,
    9.01428711e+02, 6.22113892e+02, 9.33712097e+02, 6.23073425e+02,
    9.66337341e+02, 6.24120117e+02, 9.99077820e+02, 6.25082947e+02,
    1.03204016e+03, 6.26107788e+02, 1.06513062e+03, 6.27208801e+02,
    9.01876709e+02, 6.52361328e+02, 9.34045105e+02, 6.53623840e+02,
    9.66338928e+02, 6.54636475e+02, 9.98701965e+02, 6.55682983e+02,
    1.03153174e+03, 6.56611511e+02, 1.06441248e+03, 6.57890320e+02,
    9.02362244e+02, 6.82377625e+02, 9.34336609e+02, 6.83458496e+02,
    9.66338928e+02, 6.84725769e+02, 9.98490723e+02, 6.85879578e+02,
    1.03087756e+03, 6.86937500e+02, 1.06365125e+03, 6.88127441e+02,
    9.02786865e+02, 7.12021057e+02, 9.34503296e+02, 7.13217957e+02,
    9.66392029e+02, 7.14292358e+02, 9.98248596e+02, 7.15468323e+02,
    1.03038623e+03, 7.16753235e+02, 1.06277698e+03, 7.17971924e+02,
    9.03477905e+02, 7.40587891e+02, 9.34831726e+02, 7.41965271e+02,
    9.66399048e+02, 7.43415161e+02, 9.98004211e+02, 7.44519836e+02,
    1.02976343e+03, 7.45749878e+02, 1.06198462e+03, 7.47216248e+02,
    9.04233093e+02, 7.68783447e+02, 9.35237732e+02, 7.70244568e+02,
    9.66511597e+02, 7.71506348e+02, 9.97713501e+02, 7.72777771e+02,
    1.02939319e+03, 7.74403931e+02, 1.06128027e+03, 7.75797913e+02 ]
