%YAML:1.0
---
points: [ 8.51836304e+02, 7.01726868e+02, 8.84314636e+02, 7.02746338e+02,
    9.16761230e+02, 7.03713013e+02, 9.49347412e+02, 7.04552429e+02,
    9.81894043e+02, 7.05515991e+02, 1.01488293e+03, 7.06448669e+02,
    8.52707520e+02, 7.31114990e+02, 8.84795715e+02, 7.32331238e+02,
    9.17069763e+02, 7.33319824e+02, 9.49307861e+02, 7.34220459e+02,
    9.81579102e+02, 7.35282532e+02, 1.01425818e+03, 7.36316223e+02,
    8.53382812e+02, 7.60533203e+02, 8.85305908e+02, 7.61469543e+02,
    9.17217712e+02, 7.62545837e+02, 9.49212769e+02, 7.63711914e+02,
    9.81326050e+02, 7.64738220e+02, 1.01359753e+03, 7.65786621e+02,
    8.53800476e+02, 7.89551636e+02, 8.85554688e+02, 7.90726440e+02,
    9.17351440e+02, 7.91737366e+02, 9.49114929e+02, 7.92775452e+02,
    9.80966797e+02, 7.93786926e+02, 1.01311371e+03, 7.94894104e+02,
    8.54385559e+02, 8.18250916e+02, 8.85778809e+02, 8.19375061e+02,
    9.17426758e+02, 8.20483032e+02, 9.49026855e+02, 8.21615662e+02,
    9.80575989e+02, 8.22697266e+02, 1.01251056e+03, 8.23728516e+02,
    8.54903381e+02, 8.46547913e+02, 8.86218079e+02, 8.47918640e+02,
    9.17529724e+02, 8.48920227e+02, 9.48828796e+02, 8.49938599e+02,
    9.80411926e+02, 8.51011658e+02, 1.01189673e+03, 8.52262878e+02,
    8.55532959e+02, 8.74403503e+02, 8.86566650e+02, 8.75437805e+02,
    9.17625916e+02, 8.76628967e+02, 9.48755371e+02, 8.77833862e+02,
    9.80084351e+02, 8.79060059e+02, 1.01147491e+03, 8.80357239e+02,
    8.56335144e+02, 9.01401184e+02, 8.86987366e+02, 9.02527893e+02,
    9.17864075e+02, 9.03685181e+02, 9.48693665e+02, 9.04967285e+02,
    9.79740906e+02, 9.06403442e+02, 1.01088513e+03, 9.07587463e+02 ]
