%YAML:1.0
---
points: [ 2.42273575e+02, 2.61181732e+02, 2.53437271e+02, 2.61446289e+02,
    2.64877136e+02, 2.61702637e+02, 2.76170227e+02, 2.61921936e+02,
    2.87515625e+02, 2.62174805e+02, 2.99094421e+02, 2.62341827e+02,
    2.42368942e+02, 2.71451965e+02, 2.53592697e+02, 2.71682892e+02,
    2.64804535e+02, 2.71985413e+02, 2.76086639e+02, 2.72280426e+02,
    2.87357971e+02, 2.72455505e+02, 2.98752625e+02, 2.72817139e+02,
    2.42613113e+02, 2.81577667e+02, 2.53655640e+02, 2.81926300e+02,
    2.64854279e+02, 2.82180054e+02, 2.76009552e+02, 2.82505737e+02,
    2.87203369e+02, 2.82812866e+02, 2.98466522e+02, 2.83098358e+02,
    2.42692612e+02, 2.91783020e+02, 2.53747009e+02, 2.92088593e+02,
    2.64823792e+02, 2.92439789e+02, 2.75926056e+02, 2.92721283e+02,
    2.87081940e+02, 2.92942322e+02, 2.98255310e+02, 2.93240234e+02,
    2.42844345e+02, 3.01843750e+02, 2.53844772e+02, 3.02103882e+02,
    2.64829956e+02, 3.02405640e+02, 2.75844482e+02, 3.02718933e+02,
    2.86939453e+02, 3.02977783e+02, 2.98066162e+02, 3.03274689e+02,
    2.42983505e+02, 3.11697388e+02, 2.53878098e+02, 3.12024139e+02,
    2.64797241e+02, 3.12315674e+02, 2.75733002e+02, 3.12556885e+02,
    2.86731201e+02, 3.12910278e+02, 2.97819916e+02, 3.13270782e+02,
    2.43171890e+02, 3.21290253e+02, 2.53919281e+02, 3.21584412e+02,
    2.64825836e+02, 3.21991547e+02, 2.75694275e+02, 3.22293152e+02,
    2.86592560e+02, 3.22653900e+02, 2.97583130e+02, 3.23032898e+02,
    2.43335327e+02, 3.30660492e+02, 2.54058060e+02, 3.31068054e+02,
    2.64803223e+02, 3.31332458e+02, 2.75637512e+02, 3.31688232e+02,
    2.86401245e+02, 3.32114258e+02, 2.97241730e+02, 3.32477936e+02 ]
