%YAML:1.0
---
points: [ 9.71549835e+01, 2.58648956e+02, 1.08715820e+02, 2.58647186e+02,
    1.20242958e+02, 2.58402283e+02, 1.31844482e+02, 2.58259827e+02,
    1.43511368e+02, 2.58036896e+02, 1.55077545e+02, 2.57918274e+02,
    9.86485214e+01, 2.68934662e+02, 1.10092804e+02, 2.68824799e+02,
    1.21572510e+02, 2.68773621e+02, 1.32994308e+02, 2.68578491e+02,
    1.44423233e+02, 2.68430634e+02, 1.55919693e+02, 2.68245422e+02,
    1.00043427e+02, 2.79163971e+02, 1.11333138e+02, 2.79090057e+02,
    1.22713684e+02, 2.78918396e+02, 1.34031006e+02, 2.78844757e+02,
    1.45325241e+02, 2.78588165e+02, 1.56697708e+02, 2.78427155e+02,
    1.01328255e+02, 2.89441132e+02, 1.12494812e+02, 2.89254272e+02,
    1.23762772e+02, 2.89144836e+02, 1.35030014e+02, 2.88928223e+02,
    1.46211594e+02, 2.88769043e+02, 1.57480087e+02, 2.88480988e+02,
    1.02583221e+02, 2.99338318e+02, 1.13659615e+02, 2.99217773e+02,
    1.24782906e+02, 2.99114746e+02, 1.35976273e+02, 2.98946045e+02,
    1.47116028e+02, 2.98781982e+02, 1.58289276e+02, 2.98487610e+02,
    1.03862366e+02, 3.09240326e+02, 1.14836197e+02, 3.09078644e+02,
    1.25885864e+02, 3.08921783e+02, 1.36897202e+02, 3.08755066e+02,
    1.47958145e+02, 3.08562439e+02, 1.59052811e+02, 3.08384979e+02,
    1.05250305e+02, 3.18678284e+02, 1.16095024e+02, 3.18632629e+02,
    1.26968536e+02, 3.18517670e+02, 1.37966721e+02, 3.18420105e+02,
    1.48876129e+02, 3.18250641e+02, 1.59790070e+02, 3.18082764e+02,
    1.06527977e+02, 3.28032379e+02, 1.17327690e+02, 3.27892487e+02,
    1.28110947e+02, 3.27857361e+02, 1.38943207e+02, 3.27643707e+02,
    1.49774551e+02, 3.27555786e+02, 1.60643448e+02, 3.27398682e+02 ]
