%YAML:1.0
---
points: [ 4.33225128e+02, 6.90655212e+02, 4.66608551e+02, 6.90657959e+02,
    5.00369110e+02, 6.90506165e+02, 5.33716858e+02, 6.90311096e+02,
    5.67240173e+02, 6.90099548e+02, 6.00818054e+02, 6.89693237e+02,
    4.37598846e+02, 7.20470215e+02, 4.70789276e+02, 7.20384399e+02,
    5.04051727e+02, 7.20206970e+02, 5.37283264e+02, 7.19925537e+02,
    5.70286621e+02, 7.19708740e+02, 6.03369812e+02, 7.19479614e+02,
    4.41575012e+02, 7.50157654e+02, 4.74615479e+02, 7.49930481e+02,
    5.07456665e+02, 7.49703796e+02, 5.40231812e+02, 7.49554138e+02,
    5.73174194e+02, 7.49301208e+02, 6.06014893e+02, 7.49023315e+02,
    4.45240479e+02, 7.79595886e+02, 4.77891632e+02, 7.79422302e+02,
    5.10728210e+02, 7.79162659e+02, 5.43286926e+02, 7.78763550e+02,
    5.75795227e+02, 7.78411804e+02, 6.08350830e+02, 7.77996155e+02,
    4.48875610e+02, 8.08493347e+02, 4.81410095e+02, 8.08267334e+02,
    5.13669250e+02, 8.07986877e+02, 5.46029602e+02, 8.07703369e+02,
    5.78473022e+02, 8.07348938e+02, 6.10864319e+02, 8.06938049e+02,
    4.52569946e+02, 8.37176880e+02, 4.84690643e+02, 8.36768555e+02,
    5.16970154e+02, 8.36432373e+02, 5.48887878e+02, 8.35960266e+02,
    5.81088989e+02, 8.35548401e+02, 6.13099976e+02, 8.35226379e+02,
    4.56282013e+02, 8.64848267e+02, 4.88274078e+02, 8.64599304e+02,
    5.20041260e+02, 8.64336548e+02, 5.51803955e+02, 8.63872009e+02,
    5.83639160e+02, 8.63491943e+02, 6.15474854e+02, 8.63185364e+02,
    4.60271851e+02, 8.91917358e+02, 4.91751221e+02, 8.91625610e+02,
    5.23423706e+02, 8.91414856e+02, 5.54838196e+02, 8.91039062e+02,
    5.86433838e+02, 8.90654175e+02, 6.17762878e+02, 8.90339844e+02 ]
