%YAML:1.0
---
points: [ 4.24091949e+02, 5.47466431e+02, 4.58195618e+02, 5.47536682e+02,
    4.92117432e+02, 5.47404724e+02, 5.25995361e+02, 5.47282532e+02,
    5.59878235e+02, 5.47181030e+02, 5.93538513e+02, 5.46925720e+02,
    4.28961182e+02, 5.78730835e+02, 4.62758087e+02, 5.78640869e+02,
    4.96374634e+02, 5.78507629e+02, 5.29738708e+02, 5.78374939e+02,
    5.63359192e+02, 5.78195984e+02, 5.96571472e+02, 5.77940063e+02,
    4.33529633e+02, 6.09475037e+02, 4.66853027e+02, 6.09430603e+02,
    5.00269897e+02, 6.09305603e+02, 5.33280212e+02, 6.09075073e+02,
    5.66313660e+02, 6.08759399e+02, 5.99541443e+02, 6.08581299e+02,
    4.37706665e+02, 6.40119385e+02, 4.70696655e+02, 6.39865540e+02,
    5.03608246e+02, 6.39680298e+02, 5.36665222e+02, 6.39494934e+02,
    5.69528564e+02, 6.39118469e+02, 6.02369324e+02, 6.38785278e+02,
    4.41720825e+02, 6.70298889e+02, 4.74624878e+02, 6.69958679e+02,
    5.07257172e+02, 6.69688538e+02, 5.39774475e+02, 6.69375244e+02,
    5.72430847e+02, 6.68940125e+02, 6.05051575e+02, 6.68574402e+02,
    4.45571503e+02, 6.99819824e+02, 4.78249298e+02, 6.99459961e+02,
    5.10774506e+02, 6.98996277e+02, 5.43204041e+02, 6.98542603e+02,
    5.75403076e+02, 6.98217285e+02, 6.07573242e+02, 6.97778137e+02,
    4.49770813e+02, 7.28589172e+02, 4.82116089e+02, 7.28327332e+02,
    5.14290161e+02, 7.27910522e+02, 5.46278870e+02, 7.27562256e+02,
    5.78335571e+02, 7.27188477e+02, 6.10406433e+02, 7.26724548e+02,
    4.54136200e+02, 7.56712585e+02, 4.86119873e+02, 7.56308716e+02,
    5.17864563e+02, 7.55905212e+02, 5.49548889e+02, 7.55501160e+02,
    5.81346802e+02, 7.55184509e+02, 6.12901428e+02, 7.54725952e+02 ]
