%YAML:1.0
---
points: [ 9.36753006e+01, 2.08900009e+02, 1.05316628e+02, 2.08920761e+02,
    1.17070602e+02, 2.08724167e+02, 1.28771194e+02, 2.08667221e+02,
    1.40524567e+02, 2.08501617e+02, 1.52157516e+02, 2.08304199e+02,
    9.52820053e+01, 2.19839706e+02, 1.06842995e+02, 2.19727234e+02,
    1.18452919e+02, 2.19618607e+02, 1.29987839e+02, 2.19489685e+02,
    1.41650101e+02, 2.19291046e+02, 1.53171707e+02, 2.19144485e+02,
    9.67220154e+01, 2.30615906e+02, 1.08252274e+02, 2.30480682e+02,
    1.19689926e+02, 2.30308960e+02, 1.31139297e+02, 2.30120804e+02,
    1.42646362e+02, 2.29908585e+02, 1.54122955e+02, 2.29747055e+02,
    9.81292725e+01, 2.41095016e+02, 1.09489265e+02, 2.40916489e+02,
    1.20863708e+02, 2.40838470e+02, 1.32258667e+02, 2.40615936e+02,
    1.43603592e+02, 2.40363480e+02, 1.55036118e+02, 2.40201309e+02,
    9.95205383e+01, 2.51529099e+02, 1.10749405e+02, 2.51372238e+02,
    1.22067596e+02, 2.51143692e+02, 1.33284256e+02, 2.50997345e+02,
    1.44602936e+02, 2.50760437e+02, 1.55900848e+02, 2.50519775e+02,
    1.00753342e+02, 2.61845459e+02, 1.11946617e+02, 2.61650421e+02,
    1.23167641e+02, 2.61429169e+02, 1.34324844e+02, 2.61174988e+02,
    1.45548553e+02, 2.60975983e+02, 1.56713959e+02, 2.60709991e+02,
    1.02202354e+02, 2.71734558e+02, 1.13268837e+02, 2.71622314e+02,
    1.24320076e+02, 2.71445557e+02, 1.35405334e+02, 2.71210693e+02,
    1.46485687e+02, 2.70967285e+02, 1.57563705e+02, 2.70662476e+02,
    1.03592918e+02, 2.81555969e+02, 1.14604057e+02, 2.81262177e+02,
    1.25496918e+02, 2.81082275e+02, 1.36499268e+02, 2.80871399e+02,
    1.47485977e+02, 2.80696228e+02, 1.58385284e+02, 2.80408569e+02 ]
