%YAML:1.0
---
points: [ 4.13374573e+02, 2.56722229e+02, 4.20918945e+02, 2.57183136e+02,
    4.28448059e+02, 2.57823914e+02, 4.35824921e+02, 2.58415009e+02,
    4.43143768e+02, 2.58954559e+02, 4.50621063e+02, 2.59574890e+02,
    4.13057953e+02, 2.64672028e+02, 4.20596222e+02, 2.65347168e+02,
    4.28132599e+02, 2.65816650e+02, 4.35624603e+02, 2.66497467e+02,
    4.42868500e+02, 2.66858826e+02, 4.50272339e+02, 2.67613678e+02,
    4.12727448e+02, 2.72809998e+02, 4.20329865e+02, 2.73344086e+02,
    4.27776154e+02, 2.73956970e+02, 4.35325012e+02, 2.74418671e+02,
    4.42698517e+02, 2.74967651e+02, 4.49888458e+02, 2.75435547e+02,
    4.12376587e+02, 2.80849579e+02, 4.19907257e+02, 2.81536224e+02,
    4.27545074e+02, 2.81905518e+02, 4.34882477e+02, 2.82609955e+02,
    4.42331787e+02, 2.82920776e+02, 4.49644592e+02, 2.83551086e+02,
    4.11958771e+02, 2.89112061e+02, 4.19610687e+02, 2.89565155e+02,
    4.27104340e+02, 2.90105835e+02, 4.34603424e+02, 2.90604431e+02,
    4.41880341e+02, 2.91040894e+02, 4.49260986e+02, 2.91512482e+02,
    4.11632935e+02, 2.97172516e+02, 4.19182526e+02, 2.97815887e+02,
    4.26766907e+02, 2.98171112e+02, 4.34192841e+02, 2.98721497e+02,
    4.41629059e+02, 2.99015900e+02, 4.48859253e+02, 2.99672974e+02,
    4.11333282e+02, 3.05487061e+02, 4.18829987e+02, 3.05833771e+02,
    4.26499054e+02, 3.06418213e+02, 4.33811218e+02, 3.06757812e+02,
    4.41247437e+02, 3.07235199e+02, 4.48641113e+02, 3.07620819e+02,
    4.10907715e+02, 3.13658020e+02, 4.18650269e+02, 3.14205444e+02,
    4.26115448e+02, 3.14584473e+02, 4.33711670e+02, 3.14971710e+02,
    4.40957397e+02, 3.15333435e+02, 4.48419495e+02, 3.15785339e+02 ]
