%YAML:1.0
---
points: [ 7.68228271e+02, 4.18045471e+02, 7.97365845e+02, 4.36614197e+02,
    8.26385071e+02, 4.55437805e+02, 8.55333740e+02, 4.74110229e+02,
    8.84358948e+02, 4.92790131e+02, 9.13332764e+02, 5.11485199e+02,
    7.49064087e+02, 4.46598602e+02, 7.78245911e+02, 4.65404114e+02,
    8.07348083e+02, 4.84118958e+02, 8.36333435e+02, 5.02844116e+02,
    8.65429321e+02, 5.21492493e+02, 8.94608826e+02, 5.40280823e+02,
    7.29572449e+02, 4.75250000e+02, 7.58870911e+02, 4.94120911e+02,
    7.88185669e+02, 5.12747253e+02, 8.17322754e+02, 5.31499817e+02,
    8.46506042e+02, 5.50322998e+02, 8.75760010e+02, 5.69122559e+02,
    7.09898621e+02, 5.03829712e+02, 7.39361938e+02, 5.22773071e+02,
    7.68723450e+02, 5.41655273e+02, 7.98031494e+02, 5.60438538e+02,
    8.27437927e+02, 5.79352844e+02, 8.56752014e+02, 5.98226501e+02,
    6.89886414e+02, 5.33024658e+02, 7.19615173e+02, 5.51843872e+02,
    7.49111755e+02, 5.70838928e+02, 7.78604370e+02, 5.89706299e+02,
    8.08069885e+02, 6.08589478e+02, 8.37586548e+02, 6.27583557e+02,
    6.69767944e+02, 5.62307434e+02, 6.99549072e+02, 5.81340698e+02,
    7.29372498e+02, 6.00302246e+02, 7.58873230e+02, 6.19373657e+02,
    7.88525879e+02, 6.38349548e+02, 8.18283081e+02, 6.57352478e+02,
    6.49526245e+02, 5.92012024e+02, 6.79496765e+02, 6.11137817e+02,
    7.09365967e+02, 6.30154724e+02, 7.39000671e+02, 6.49179688e+02,
    7.68775757e+02, 6.68282227e+02, 7.98678589e+02, 6.87388855e+02,
    6.29119568e+02, 6.21739136e+02, 6.59232178e+02, 6.41053833e+02,
    6.89175903e+02, 6.60246765e+02, 7.19005737e+02, 6.79313721e+02,
    7.48987427e+02, 6.98489075e+02, 7.78903992e+02, 7.17602417e+02 ]
