%YAML:1.0
---
points: [ 1.10980003e+02, 1.55113937e+02, 1.22501945e+02, 1.55200836e+02,
    1.34060074e+02, 1.55133163e+02, 1.45682678e+02, 1.55185730e+02,
    1.57306503e+02, 1.55169281e+02, 1.68927292e+02, 1.55136246e+02,
    1.12415443e+02, 1.66667206e+02, 1.23874748e+02, 1.66568619e+02,
    1.35346603e+02, 1.66635590e+02, 1.46817841e+02, 1.66536484e+02,
    1.58315292e+02, 1.66548065e+02, 1.69785065e+02, 1.66557800e+02,
    1.13751335e+02, 1.77715057e+02, 1.25104820e+02, 1.77743896e+02,
    1.36474350e+02, 1.77673187e+02, 1.47793381e+02, 1.77735336e+02,
    1.59193100e+02, 1.77730789e+02, 1.70581818e+02, 1.77660172e+02,
    1.15013123e+02, 1.88807541e+02, 1.26193275e+02, 1.88720734e+02,
    1.37497971e+02, 1.88716583e+02, 1.48798141e+02, 1.88652527e+02,
    1.60120285e+02, 1.88660919e+02, 1.71361954e+02, 1.88652908e+02,
    1.16139549e+02, 1.99620361e+02, 1.27297173e+02, 1.99666016e+02,
    1.38537643e+02, 1.99572662e+02, 1.49781891e+02, 1.99573822e+02,
    1.60993027e+02, 1.99520691e+02, 1.70720444e+02, 2.00049957e+02,
    1.17336494e+02, 2.10385178e+02, 1.28424454e+02, 2.10316177e+02,
    1.39602097e+02, 2.10245193e+02, 1.50692657e+02, 2.10151428e+02,
    1.61727676e+02, 2.10094254e+02, 1.72908508e+02, 2.10076340e+02,
    1.18657654e+02, 2.20765320e+02, 1.29576569e+02, 2.20747482e+02,
    1.40605713e+02, 2.20704712e+02, 1.51651321e+02, 2.20682251e+02,
    1.62584763e+02, 2.20612839e+02, 1.73596542e+02, 2.20530167e+02,
    1.19832130e+02, 2.31007553e+02, 1.30756622e+02, 2.30938354e+02,
    1.41728287e+02, 2.30953506e+02, 1.52528976e+02, 2.30878815e+02,
    1.63444077e+02, 2.30827499e+02, 1.74304672e+02, 2.30888992e+02 ]
