%YAML:1.0
---
points: [ 4.76052979e+02, 3.92926697e+02, 5.09306458e+02, 3.93330109e+02,
    5.42794800e+02, 3.93592133e+02, 5.76134338e+02, 3.93864563e+02,
    6.09642273e+02, 3.94223053e+02, 6.43119385e+02, 3.94476135e+02,
    4.80507690e+02, 4.25637177e+02, 5.13527100e+02, 4.26115387e+02,
    5.46559998e+02, 4.26382172e+02, 5.79679626e+02, 4.26700378e+02,
    6.12712646e+02, 4.26976410e+02, 6.45601990e+02, 4.27306976e+02,
    4.84619751e+02, 4.58030579e+02, 5.17431335e+02, 4.58361694e+02,
    5.49977295e+02, 4.58570038e+02, 5.82710693e+02, 4.58760925e+02,
    6.15540100e+02, 4.59025421e+02, 6.48349609e+02, 4.59351288e+02,
    4.88258575e+02, 4.89844299e+02, 5.20827576e+02, 4.90128143e+02,
    5.53329529e+02, 4.90365204e+02, 5.85705933e+02, 4.90559113e+02,
    6.18188904e+02, 4.90656677e+02, 6.50614197e+02, 4.90856964e+02,
    4.91855835e+02, 5.21004150e+02, 5.24130859e+02, 5.21362366e+02,
    5.56411133e+02, 5.21552551e+02, 5.88585510e+02, 5.21724487e+02,
    6.20885681e+02, 5.21951355e+02, 6.53217041e+02, 5.22073853e+02,
    4.95500488e+02, 5.51748779e+02, 5.27494507e+02, 5.52022461e+02,
    5.59582581e+02, 5.52233704e+02, 5.91429199e+02, 5.52379333e+02,
    6.23434387e+02, 5.52477966e+02, 6.55381287e+02, 5.52664734e+02,
    4.99313080e+02, 5.81911560e+02, 5.31112000e+02, 5.82152588e+02,
    5.62659485e+02, 5.82367432e+02, 5.94455994e+02, 5.82467712e+02,
    6.26048889e+02, 5.82590027e+02, 6.57802979e+02, 5.82718262e+02,
    5.03013245e+02, 6.11554077e+02, 5.34463196e+02, 6.11629639e+02,
    5.65967102e+02, 6.11857727e+02, 5.97244446e+02, 6.11927429e+02,
    6.28646606e+02, 6.12178223e+02, 6.60123413e+02, 6.12367676e+02 ]
