%YAML:1.0
---
points: [ 4.85415161e+02, 8.28636169e+02, 5.18155640e+02, 8.28221863e+02,
    5.51126648e+02, 8.27717346e+02, 5.84207703e+02, 8.27144775e+02,
    6.17194275e+02, 8.26419067e+02, 6.50155762e+02, 8.25788757e+02,
    4.84692566e+02, 8.62174561e+02, 5.17600769e+02, 8.61628723e+02,
    5.50464233e+02, 8.61183838e+02, 5.83431885e+02, 8.60651062e+02,
    6.16562073e+02, 8.60166748e+02, 6.49578918e+02, 8.59604309e+02,
    4.83557709e+02, 8.96200134e+02, 5.16621338e+02, 8.95611389e+02,
    5.49544495e+02, 8.95172119e+02, 5.82572021e+02, 8.94557556e+02,
    6.15772339e+02, 8.93809509e+02, 6.48922546e+02, 8.93265015e+02,
    4.82247681e+02, 9.30296021e+02, 5.15371033e+02, 9.29780640e+02,
    5.48563049e+02, 9.29322510e+02, 5.81586548e+02, 9.28731750e+02,
    6.14880493e+02, 9.28239990e+02, 6.48306946e+02, 9.27594177e+02,
    4.80956573e+02, 9.64849548e+02, 5.14125916e+02, 9.64453979e+02,
    5.47503601e+02, 9.63833252e+02, 5.80726257e+02, 9.63364197e+02,
    6.14040222e+02, 9.62619934e+02, 6.47568298e+02, 9.62013977e+02,
    4.79736816e+02, 9.99518921e+02, 5.12903442e+02, 9.99113708e+02,
    5.46421143e+02, 9.98465637e+02, 5.79791016e+02, 9.97927551e+02,
    6.13256104e+02, 9.97412842e+02, 6.46709412e+02, 9.96859497e+02,
    4.78696014e+02, 1.03431738e+03, 5.12187683e+02, 1.03383740e+03,
    5.45456909e+02, 1.03348938e+03, 5.79081177e+02, 1.03300623e+03,
    6.12483704e+02, 1.03253699e+03, 6.46076355e+02, 1.03190198e+03,
    4.77906311e+02, 1.06904712e+03, 5.11439362e+02, 1.06866748e+03,
    5.44769104e+02, 1.06837134e+03, 5.78327209e+02, 1.06781250e+03,
    6.11996643e+02, 1.06737048e+03, 6.45487000e+02, 1.06676672e+03 ]
