%YAML:1.0
---
points: [ 4.22583557e+02, 2.89048859e+02, 4.30323944e+02, 2.89629364e+02,
    4.37822205e+02, 2.90217377e+02, 4.45540680e+02, 2.90772217e+02,
    4.52833008e+02, 2.91322235e+02, 4.60380188e+02, 2.91694214e+02,
    4.22105865e+02, 2.97217743e+02, 4.29841034e+02, 2.97834381e+02,
    4.37554993e+02, 2.98383667e+02, 4.44974030e+02, 2.98906738e+02,
    4.52566498e+02, 2.99431366e+02, 4.59819031e+02, 2.99942230e+02,
    4.21628418e+02, 3.05766541e+02, 4.29381134e+02, 3.06141663e+02,
    4.36920807e+02, 3.06688568e+02, 4.44640869e+02, 3.07100891e+02,
    4.51992767e+02, 3.07741608e+02, 4.59437531e+02, 3.07875824e+02,
    4.21100922e+02, 3.13828094e+02, 4.28850403e+02, 3.14420471e+02,
    4.36590851e+02, 3.14840424e+02, 4.43992401e+02, 3.15410492e+02,
    4.51591827e+02, 3.15709167e+02, 4.58843903e+02, 3.16245026e+02,
    4.20635468e+02, 3.22263092e+02, 4.28348480e+02, 3.22705597e+02,
    4.35909821e+02, 3.23091034e+02, 4.43548157e+02, 3.23546478e+02,
    4.50879822e+02, 3.23962250e+02, 4.58219574e+02, 3.24264526e+02,
    4.19998840e+02, 3.30468109e+02, 4.27777161e+02, 3.30909637e+02,
    4.35433502e+02, 3.31314301e+02, 4.42848297e+02, 3.31824921e+02,
    4.50397491e+02, 3.32046295e+02, 4.57702911e+02, 3.32601471e+02,
    4.19592041e+02, 3.38821838e+02, 4.27220398e+02, 3.39244751e+02,
    4.34833282e+02, 3.39682251e+02, 4.42407806e+02, 3.39870239e+02,
    4.49807739e+02, 3.40304932e+02, 4.57003632e+02, 3.40560974e+02,
    4.19040863e+02, 3.47173828e+02, 4.26804291e+02, 3.47699127e+02,
    4.34426117e+02, 3.47786346e+02, 4.41922791e+02, 3.48299927e+02,
    4.49329895e+02, 3.48511200e+02, 4.56724182e+02, 3.48874146e+02 ]
