%YAML:1.0
---
points: [ 4.08334625e+02, 3.53402252e+02, 4.08946442e+02, 3.44929382e+02,
    4.09401367e+02, 3.36385284e+02, 4.09921021e+02, 3.28119812e+02,
    4.10451935e+02, 3.19533356e+02, 4.10891083e+02, 3.11249664e+02,
    4.15899902e+02, 3.53732147e+02, 4.16540100e+02, 3.45320435e+02,
    4.17054321e+02, 3.36800812e+02, 4.17638824e+02, 3.28513702e+02,
    4.18031677e+02, 3.20126404e+02, 4.18625854e+02, 3.11694122e+02,
    4.23580109e+02, 3.54037262e+02, 4.24141998e+02, 3.45640472e+02,
    4.24703125e+02, 3.37331055e+02, 4.25228821e+02, 3.28924438e+02,
    4.25772186e+02, 3.20621704e+02, 4.26247894e+02, 3.12345062e+02,
    4.31182770e+02, 3.54369476e+02, 4.31767670e+02, 3.46013885e+02,
    4.32384613e+02, 3.37752197e+02, 4.32862335e+02, 3.29452057e+02,
    4.33446686e+02, 3.21107727e+02, 4.33891296e+02, 3.12791199e+02,
    4.38616394e+02, 3.54600403e+02, 4.39336578e+02, 3.46492340e+02,
    4.39876801e+02, 3.38083923e+02, 4.40477325e+02, 3.29943939e+02,
    4.40903412e+02, 3.21631531e+02, 4.41470917e+02, 3.13372559e+02,
    4.46200958e+02, 3.54933563e+02, 4.46762268e+02, 3.46681824e+02,
    4.47389557e+02, 3.38572174e+02, 4.47868835e+02, 3.30240448e+02,
    4.48514587e+02, 3.22024414e+02, 4.48932770e+02, 3.13790222e+02,
    4.53339783e+02, 3.54950500e+02, 4.54039948e+02, 3.46929199e+02,
    4.54716125e+02, 3.38708801e+02, 4.55158966e+02, 3.30733795e+02,
    4.55789337e+02, 3.22375122e+02, 4.56299225e+02, 3.14319885e+02,
    4.60665100e+02, 3.55344452e+02, 4.61037506e+02, 3.47027435e+02,
    4.61806488e+02, 3.39117401e+02, 4.62497589e+02, 3.30830383e+02,
    4.62987549e+02, 3.22830963e+02, 4.63678162e+02, 3.14669891e+02 ]
