%YAML:1.0
---
points: [ 7.75552551e+02, 2.81453094e+02, 8.04771729e+02, 2.99787720e+02,
    8.33875732e+02, 3.18400116e+02, 8.63079407e+02, 3.36767303e+02,
    8.92108337e+02, 3.55342438e+02, 9.21351868e+02, 3.73762939e+02,
    7.56738770e+02, 3.09748596e+02, 7.85926208e+02, 3.28447998e+02,
    8.15334717e+02, 3.46921417e+02, 8.44368896e+02, 3.65279236e+02,
    8.73618896e+02, 3.83658020e+02, 9.02764160e+02, 4.02155914e+02,
    7.37593689e+02, 3.38208923e+02, 7.67163757e+02, 3.56749084e+02,
    7.96410950e+02, 3.75307709e+02, 8.25680664e+02, 3.93647369e+02,
    8.54842712e+02, 4.12119873e+02, 8.84375061e+02, 4.30565125e+02,
    7.18477783e+02, 3.66465881e+02, 7.47910156e+02, 3.85113342e+02,
    7.77531799e+02, 4.03634338e+02, 8.06723877e+02, 4.22164032e+02,
    8.36247864e+02, 4.40621307e+02, 8.65614441e+02, 4.59194641e+02,
    6.98905884e+02, 3.95038757e+02, 7.28656433e+02, 4.13648132e+02,
    7.58233459e+02, 4.32401855e+02, 7.87670532e+02, 4.50852112e+02,
    8.17207336e+02, 4.69503021e+02, 8.46809448e+02, 4.88148193e+02,
    6.79371765e+02, 4.23816559e+02, 7.09043884e+02, 4.42514801e+02,
    7.38760620e+02, 4.61275360e+02, 7.68396729e+02, 4.79943970e+02,
    7.98156372e+02, 4.98634369e+02, 8.27739075e+02, 5.17339050e+02,
    6.59509338e+02, 4.52959045e+02, 6.89483948e+02, 4.71746613e+02,
    7.19260925e+02, 4.90536316e+02, 7.49061646e+02, 5.09298859e+02,
    7.78746582e+02, 5.28029541e+02, 8.08576843e+02, 5.46746094e+02,
    6.39643799e+02, 4.82319000e+02, 6.69611938e+02, 5.01239838e+02,
    6.99668335e+02, 5.19960754e+02, 7.29492859e+02, 5.38720947e+02,
    7.59410583e+02, 5.57569702e+02, 7.89299438e+02, 5.76474670e+02 ]
