%YAML:1.0
---
points: [ 1.00638092e+02, 4.32474060e+01, 1.13033539e+02, 4.28621368e+01,
    1.25386452e+02, 4.27496300e+01, 1.38070862e+02, 4.25464096e+01,
    1.50545242e+02, 4.22433128e+01, 1.63299576e+02, 4.19253082e+01,
    1.03269348e+02, 5.64395599e+01, 1.15322723e+02, 5.61378059e+01,
    1.27741989e+02, 5.58544884e+01, 1.39963715e+02, 5.58283043e+01,
    1.52412582e+02, 5.56686287e+01, 1.64911972e+02, 5.56344566e+01,
    1.05617317e+02, 6.90172653e+01, 1.17654037e+02, 6.89113007e+01,
    1.29770096e+02, 6.87888336e+01, 1.42031723e+02, 6.87339630e+01,
    1.54234848e+02, 6.87390594e+01, 1.66587387e+02, 6.86319046e+01,
    1.08093376e+02, 8.17551498e+01, 1.19882217e+02, 8.15944977e+01,
    1.31975082e+02, 8.15936279e+01, 1.43879547e+02, 8.14231720e+01,
    1.55987091e+02, 8.13410950e+01, 1.68140305e+02, 8.13373566e+01,
    1.10356010e+02, 9.37471466e+01, 1.22125656e+02, 9.37402344e+01,
    1.33933197e+02, 9.36704254e+01, 1.45827759e+02, 9.37141418e+01,
    1.57736237e+02, 9.36776123e+01, 1.69658554e+02, 9.36398849e+01,
    1.12638565e+02, 1.05648254e+02, 1.24328568e+02, 1.05691513e+02,
    1.35957092e+02, 1.05670525e+02, 1.47706543e+02, 1.05578461e+02,
    1.59426224e+02, 1.05617004e+02, 1.71182358e+02, 1.05626854e+02,
    1.15068413e+02, 1.17015709e+02, 1.26557518e+02, 1.17108047e+02,
    1.38050415e+02, 1.17126778e+02, 1.49565186e+02, 1.17129509e+02,
    1.61111008e+02, 1.17132156e+02, 1.72678055e+02, 1.17198616e+02,
    1.17416878e+02, 1.28173233e+02, 1.28730911e+02, 1.28167984e+02,
    1.40068741e+02, 1.28237717e+02, 1.51417007e+02, 1.28277954e+02,
    1.62742386e+02, 1.28302460e+02, 1.74147583e+02, 1.28318863e+02 ]
