%YAML:1.0
---
points: [ 2.65854034e+02, 3.95218658e+02, 2.95738007e+02, 3.93392303e+02,
    3.26181030e+02, 3.91626526e+02, 3.56678955e+02, 3.89622955e+02,
    3.87654144e+02, 3.87686646e+02, 4.18984680e+02, 3.85773376e+02,
    2.75526642e+02, 4.27335632e+02, 3.05175049e+02, 4.25487427e+02,
    3.35201202e+02, 4.23813538e+02, 3.65482269e+02, 4.22040497e+02,
    3.96159302e+02, 4.20240540e+02, 4.26882904e+02, 4.18511322e+02,
    2.84425964e+02, 4.58686462e+02, 3.13784180e+02, 4.57045776e+02,
    3.43655548e+02, 4.55462677e+02, 3.73625793e+02, 4.53859863e+02,
    4.03827637e+02, 4.52159271e+02, 4.34382233e+02, 4.50510834e+02,
    2.92670441e+02, 4.89690674e+02, 3.22032501e+02, 4.88240417e+02,
    3.51554138e+02, 4.86736664e+02, 3.81404327e+02, 4.85295746e+02,
    4.11546539e+02, 4.83537140e+02, 4.41767303e+02, 4.82046600e+02,
    3.01103027e+02, 5.20250732e+02, 3.30056763e+02, 5.18772400e+02,
    3.59501007e+02, 5.17495605e+02, 3.89108582e+02, 5.16067200e+02,
    4.18874603e+02, 5.14501831e+02, 4.49003265e+02, 5.13118042e+02,
    3.09046143e+02, 5.50233704e+02, 3.38138550e+02, 5.49104797e+02,
    3.67187653e+02, 5.47614014e+02, 3.96593933e+02, 5.46218262e+02,
    4.26275085e+02, 5.44874756e+02, 4.55987732e+02, 5.43639954e+02,
    3.17603149e+02, 5.79455994e+02, 3.46214508e+02, 5.78280823e+02,
    3.75061066e+02, 5.77170166e+02, 4.04035004e+02, 5.75957153e+02,
    4.33448822e+02, 5.74715210e+02, 4.63110992e+02, 5.73495911e+02,
    3.26055389e+02, 6.07998718e+02, 3.54424042e+02, 6.07040161e+02,
    3.82945618e+02, 6.06111633e+02, 4.11729126e+02, 6.04725159e+02,
    4.40755371e+02, 6.03709717e+02, 4.70030731e+02, 6.02619690e+02 ]
