%YAML:1.0
---
points: [ 4.35623749e+02, 3.16737885e+02, 4.36054596e+02, 3.08375275e+02,
    4.36597107e+02, 2.99690613e+02, 4.36897064e+02, 2.91288910e+02,
    4.37386292e+02, 2.82652740e+02, 4.37764160e+02, 2.74206696e+02,
    4.43600586e+02, 3.17306946e+02, 4.43927551e+02, 3.08747101e+02,
    4.44547760e+02, 3.00233124e+02, 4.44870972e+02, 2.91740814e+02,
    4.45407715e+02, 2.83268158e+02, 4.45752960e+02, 2.74752045e+02,
    4.51407562e+02, 3.17723816e+02, 4.51844543e+02, 3.09256958e+02,
    4.52417694e+02, 3.00701385e+02, 4.52824921e+02, 2.92334503e+02,
    4.53261383e+02, 2.83769440e+02, 4.53632507e+02, 2.75511383e+02,
    4.59397125e+02, 3.18111847e+02, 4.59773102e+02, 3.09689056e+02,
    4.60353882e+02, 3.01250916e+02, 4.60728760e+02, 2.92770874e+02,
    4.61205414e+02, 2.84423523e+02, 4.61683655e+02, 2.75860687e+02,
    4.67069916e+02, 3.18576630e+02, 4.67686859e+02, 3.10135376e+02,
    4.68108246e+02, 3.01720093e+02, 4.68638367e+02, 2.93345978e+02,
    4.68961487e+02, 2.84817932e+02, 4.69487762e+02, 2.76568420e+02,
    4.74831390e+02, 3.18941162e+02, 4.75416412e+02, 3.10555389e+02,
    4.75835541e+02, 3.02140778e+02, 4.76279999e+02, 2.93705597e+02,
    4.76793762e+02, 2.85475739e+02, 4.77198669e+02, 2.76906952e+02,
    4.82304810e+02, 3.19084106e+02, 4.82935181e+02, 3.10899384e+02,
    4.83388092e+02, 3.02445282e+02, 4.83900543e+02, 2.94208710e+02,
    4.84420959e+02, 2.85707001e+02, 4.84805481e+02, 2.77678802e+02,
    4.89735291e+02, 3.19615051e+02, 4.90229950e+02, 3.11110016e+02,
    4.90742462e+02, 3.02966980e+02, 4.91308838e+02, 2.94460785e+02,
    4.91683746e+02, 2.86364471e+02, 4.92322968e+02, 2.77822266e+02 ]
