%YAML:1.0
---
points: [ 4.21483948e+02, 7.62816040e+02, 4.48127991e+02, 7.62382568e+02,
    4.75449493e+02, 7.61750671e+02, 5.02951233e+02, 7.61179321e+02,
    5.31299927e+02, 7.60516846e+02, 5.59662842e+02, 7.59825012e+02,
    4.22673615e+02, 7.93446167e+02, 4.49558624e+02, 7.93105530e+02,
    4.76820099e+02, 7.92715515e+02, 5.04439423e+02, 7.92330139e+02,
    5.32460022e+02, 7.91845581e+02, 5.60713379e+02, 7.91393921e+02,
    4.23568756e+02, 8.24310242e+02, 4.50445953e+02, 8.24004761e+02,
    4.77722382e+02, 8.23769775e+02, 5.05439240e+02, 8.23545593e+02,
    5.33280457e+02, 8.23283203e+02, 5.61544067e+02, 8.22994019e+02,
    4.24148773e+02, 8.55163208e+02, 4.51042023e+02, 8.55155090e+02,
    4.78440765e+02, 8.55095703e+02, 5.06061127e+02, 8.54965454e+02,
    5.34127563e+02, 8.54873962e+02, 5.62581116e+02, 8.54689453e+02,
    4.24616516e+02, 8.86287964e+02, 4.51719177e+02, 8.86408936e+02,
    4.79235260e+02, 8.86492004e+02, 5.06762970e+02, 8.86560242e+02,
    5.34759521e+02, 8.86644592e+02, 5.63450928e+02, 8.86632019e+02,
    4.25186127e+02, 9.17504517e+02, 4.52374542e+02, 9.17784912e+02,
    4.79921295e+02, 9.18062561e+02, 5.07502502e+02, 9.18294922e+02,
    5.35621338e+02, 9.18522888e+02, 5.64250732e+02, 9.18735168e+02,
    4.26460083e+02, 9.48609985e+02, 4.53527710e+02, 9.49186890e+02,
    4.80756042e+02, 9.49656799e+02, 5.08462616e+02, 9.50158630e+02,
    5.36611816e+02, 9.50549133e+02, 5.65153015e+02, 9.50921082e+02,
    4.27635895e+02, 9.79550903e+02, 4.54625488e+02, 9.80401001e+02,
    4.82039276e+02, 9.81077454e+02, 5.09633698e+02, 9.81634644e+02,
    5.37864868e+02, 9.82367859e+02, 5.66201782e+02, 9.83034119e+02 ]
