%YAML:1.0
---
points: [ 4.93049927e+02, 3.89662079e+02, 5.20959167e+02, 4.08217804e+02,
    5.49227905e+02, 4.26703003e+02, 5.77538513e+02, 4.45291443e+02,
    6.05898621e+02, 4.63868347e+02, 6.34574951e+02, 4.82625916e+02,
    4.73343109e+02, 4.18386444e+02, 5.01443604e+02, 4.36830048e+02,
    5.29620483e+02, 4.55420349e+02, 5.57789185e+02, 4.73995728e+02,
    5.86285950e+02, 4.92695496e+02, 6.14599731e+02, 5.11414948e+02,
    4.53443207e+02, 4.46870056e+02, 4.81528717e+02, 4.65468384e+02,
    5.09572693e+02, 4.84093781e+02, 5.37809021e+02, 5.02644440e+02,
    5.66116516e+02, 5.21492981e+02, 5.94595581e+02, 5.40327698e+02,
    4.32755676e+02, 4.75429138e+02, 4.60937012e+02, 4.93978058e+02,
    4.89234070e+02, 5.12756897e+02, 5.17453552e+02, 5.31510010e+02,
    5.45827576e+02, 5.50390564e+02, 5.74441833e+02, 5.69462524e+02,
    4.12225250e+02, 5.04134644e+02, 4.40413849e+02, 5.22844788e+02,
    4.68543274e+02, 5.41781982e+02, 4.96868896e+02, 5.60539429e+02,
    5.25302429e+02, 5.79585144e+02, 5.54010986e+02, 5.98690063e+02,
    3.91318207e+02, 5.33030396e+02, 4.19489044e+02, 5.51855469e+02,
    4.47785187e+02, 5.70925720e+02, 4.76205627e+02, 5.89925110e+02,
    5.04681183e+02, 6.09120605e+02, 5.33257874e+02, 6.28282227e+02,
    3.70580902e+02, 5.62221008e+02, 3.98771332e+02, 5.81241394e+02,
    4.26988678e+02, 6.00378235e+02, 4.55388977e+02, 6.19486816e+02,
    4.83815796e+02, 6.38701660e+02, 5.12549805e+02, 6.58077759e+02,
    3.49719574e+02, 5.91533997e+02, 3.77878662e+02, 6.10634949e+02,
    4.06269165e+02, 6.29882385e+02, 4.34556671e+02, 6.49158875e+02,
    4.63149292e+02, 6.68558289e+02, 4.91723541e+02, 6.87931702e+02 ]
