%YAML:1.0
---
points: [ 4.41162079e+02, 2.73433899e+02, 4.41587158e+02, 2.64912567e+02,
    4.41724426e+02, 2.56362122e+02, 4.42016052e+02, 2.47951599e+02,
    4.42344208e+02, 2.39467316e+02, 4.42636261e+02, 2.31058731e+02,
    4.49135620e+02, 2.73948944e+02, 4.49538635e+02, 2.65421570e+02,
    4.49727509e+02, 2.56938416e+02, 4.49984619e+02, 2.48498993e+02,
    4.50369080e+02, 2.40052063e+02, 4.50674408e+02, 2.31669525e+02,
    4.57092957e+02, 2.74457947e+02, 4.57482422e+02, 2.65969269e+02,
    4.57765778e+02, 2.57519012e+02, 4.57964996e+02, 2.49034988e+02,
    4.58386078e+02, 2.40651184e+02, 4.58690796e+02, 2.32312607e+02,
    4.65139374e+02, 2.74919189e+02, 4.65550110e+02, 2.66476013e+02,
    4.65746948e+02, 2.57960663e+02, 4.65963623e+02, 2.49639999e+02,
    4.66344299e+02, 2.41197571e+02, 4.66659943e+02, 2.32813614e+02,
    4.72917419e+02, 2.75430573e+02, 4.73397552e+02, 2.66932495e+02,
    4.73736786e+02, 2.58581573e+02, 4.73883575e+02, 2.50206833e+02,
    4.74162292e+02, 2.41709305e+02, 4.74476074e+02, 2.33579285e+02,
    4.80850555e+02, 2.75875824e+02, 4.81177917e+02, 2.67574127e+02,
    4.81590759e+02, 2.59041138e+02, 4.81754639e+02, 2.50705811e+02,
    4.81951538e+02, 2.42387695e+02, 4.82291199e+02, 2.33920135e+02,
    4.88412903e+02, 2.76220856e+02, 4.88805603e+02, 2.67917206e+02,
    4.88990479e+02, 2.59550232e+02, 4.89411652e+02, 2.51318909e+02,
    4.89691010e+02, 2.42754211e+02, 4.89783325e+02, 2.34708206e+02,
    4.95953491e+02, 2.76717712e+02, 4.96321838e+02, 2.68324951e+02,
    4.96643402e+02, 2.59956757e+02, 4.96798401e+02, 2.51646698e+02,
    4.97117340e+02, 2.43465546e+02, 4.97530762e+02, 2.34984695e+02 ]
