%YAML:1.0
---
points: [ 9.18171539e+01, 2.83645142e+02, 1.01158150e+02, 2.83578674e+02,
    1.10694267e+02, 2.83228973e+02, 1.20333275e+02, 2.82977905e+02,
    1.30154099e+02, 2.82661133e+02, 1.40107407e+02, 2.82363678e+02,
    9.25586624e+01, 2.94183990e+02, 1.01862862e+02, 2.94010742e+02,
    1.11311974e+02, 2.93880402e+02, 1.20884956e+02, 2.93684509e+02,
    1.30723022e+02, 2.93532349e+02, 1.40620148e+02, 2.93270477e+02,
    9.31370850e+01, 3.04724396e+02, 1.02478546e+02, 3.04809601e+02,
    1.11868484e+02, 3.04624054e+02, 1.21455132e+02, 3.04615845e+02,
    1.31177307e+02, 3.04352325e+02, 1.41167496e+02, 3.04291931e+02,
    9.36240845e+01, 3.15423126e+02, 1.02876106e+02, 3.15397339e+02,
    1.12291145e+02, 3.15444214e+02, 1.21901489e+02, 3.15363831e+02,
    1.31695114e+02, 3.15315979e+02, 1.41652939e+02, 3.15238678e+02,
    9.40362701e+01, 3.25903625e+02, 1.03384583e+02, 3.26148651e+02,
    1.12766808e+02, 3.26149872e+02, 1.22439224e+02, 3.26219849e+02,
    1.32190216e+02, 3.26245789e+02, 1.42095901e+02, 3.26286316e+02,
    9.46037521e+01, 3.36709961e+02, 1.03817024e+02, 3.36800568e+02,
    1.13370300e+02, 3.36942993e+02, 1.22892517e+02, 3.37076721e+02,
    1.32725555e+02, 3.37211487e+02, 1.42641785e+02, 3.37263855e+02,
    9.54670944e+01, 3.46998535e+02, 1.04627686e+02, 3.47544678e+02,
    1.13965019e+02, 3.47717285e+02, 1.23571983e+02, 3.47889221e+02,
    1.33347778e+02, 3.48158295e+02, 1.43143631e+02, 3.48319092e+02,
    9.60722885e+01, 3.57658813e+02, 1.05458961e+02, 3.57867340e+02,
    1.14648659e+02, 3.58349152e+02, 1.24327171e+02, 3.58681305e+02,
    1.33914764e+02, 3.58909760e+02, 1.43866028e+02, 3.59295807e+02 ]
