%YAML:1.0
---
points: [ 4.04776367e+02, 7.58373901e+02, 4.32868683e+02, 7.57978271e+02,
    4.61363342e+02, 7.57432983e+02, 4.90313293e+02, 7.56751953e+02,
    5.19365967e+02, 7.56145203e+02, 5.48960876e+02, 7.55489014e+02,
    4.09092896e+02, 7.88149292e+02, 4.37382904e+02, 7.87755981e+02,
    4.65601837e+02, 7.87522522e+02, 4.94267487e+02, 7.87205933e+02,
    5.23224670e+02, 7.86733765e+02, 5.52557068e+02, 7.86342102e+02,
    4.13128357e+02, 8.17894531e+02, 4.41158875e+02, 8.17748657e+02,
    4.69418854e+02, 8.17575378e+02, 4.97689087e+02, 8.17444275e+02,
    5.26703186e+02, 8.17120422e+02, 5.55755981e+02, 8.16810364e+02,
    4.16759155e+02, 8.47759521e+02, 4.44486908e+02, 8.47789856e+02,
    4.72630554e+02, 8.47720398e+02, 5.01209839e+02, 8.47564880e+02,
    5.29855103e+02, 8.47413818e+02, 5.59188843e+02, 8.47204346e+02,
    4.20199524e+02, 8.77378723e+02, 4.48151184e+02, 8.77493591e+02,
    4.76132965e+02, 8.77549316e+02, 5.04511566e+02, 8.77593994e+02,
    5.33294495e+02, 8.77517212e+02, 5.62441467e+02, 8.77507996e+02,
    4.23621094e+02, 9.07096436e+02, 4.51432343e+02, 9.07280334e+02,
    4.79651367e+02, 9.07452759e+02, 5.07866516e+02, 9.07576294e+02,
    5.36572876e+02, 9.07670715e+02, 5.65508179e+02, 9.07869629e+02,
    4.27621887e+02, 9.35923706e+02, 4.55355713e+02, 9.36396973e+02,
    4.83256287e+02, 9.37006653e+02, 5.11466736e+02, 9.37296082e+02,
    5.39807922e+02, 9.37581299e+02, 5.68840698e+02, 9.37857727e+02,
    4.31960541e+02, 9.64682556e+02, 4.59379974e+02, 9.65314514e+02,
    4.87135895e+02, 9.65814392e+02, 5.15172363e+02, 9.66349548e+02,
    5.43541870e+02, 9.66826538e+02, 5.72216064e+02, 9.67392761e+02 ]
