%YAML:1.0
---
points: [ 8.67427063e+01, 2.81923035e+02, 9.63362274e+01, 2.81934875e+02,
    1.06209679e+02, 2.81723022e+02, 1.16246590e+02, 2.81507324e+02,
    1.26418449e+02, 2.81135132e+02, 1.36735077e+02, 2.80927429e+02,
    8.83249741e+01, 2.92443176e+02, 9.79581146e+01, 2.92266968e+02,
    1.07837074e+02, 2.92147430e+02, 1.17698593e+02, 2.91878723e+02,
    1.27818909e+02, 2.91751495e+02, 1.38043427e+02, 2.91541138e+02,
    8.98085861e+01, 3.02541748e+02, 9.93827744e+01, 3.02611542e+02,
    1.09182144e+02, 3.02493622e+02, 1.18997566e+02, 3.02422699e+02,
    1.29052261e+02, 3.02230530e+02, 1.39278763e+02, 3.02138733e+02,
    9.11891022e+01, 3.12834137e+02, 1.00726700e+02, 3.12827911e+02,
    1.10454147e+02, 3.12853241e+02, 1.20274925e+02, 3.12793152e+02,
    1.30303757e+02, 3.12713654e+02, 1.40520248e+02, 3.12593079e+02,
    9.25646515e+01, 3.22866669e+02, 1.02152794e+02, 3.23080383e+02,
    1.11805389e+02, 3.23106934e+02, 1.21616165e+02, 3.23141022e+02,
    1.31600296e+02, 3.23162537e+02, 1.41742599e+02, 3.23122498e+02,
    9.39760666e+01, 3.33042633e+02, 1.03529587e+02, 3.33196136e+02,
    1.13123680e+02, 3.33363190e+02, 1.22937637e+02, 3.33380035e+02,
    1.32817184e+02, 3.33465363e+02, 1.42922562e+02, 3.33513611e+02,
    9.55669250e+01, 3.42794434e+02, 1.05050484e+02, 3.43248535e+02,
    1.14576630e+02, 3.43396057e+02, 1.24253647e+02, 3.43610657e+02,
    1.34232803e+02, 3.43711914e+02, 1.44142624e+02, 3.43748322e+02,
    9.71694641e+01, 3.52725769e+02, 1.06616539e+02, 3.52803497e+02,
    1.16063156e+02, 3.53293518e+02, 1.25759552e+02, 3.53531860e+02,
    1.35504547e+02, 3.53775879e+02, 1.45527222e+02, 3.53922668e+02 ]
