%YAML:1.0
---
points: [ 5.52712036e+02, 3.00156372e+02, 5.79645874e+02, 3.17291656e+02,
    6.06990784e+02, 3.34725586e+02, 6.34400696e+02, 3.52316162e+02,
    6.61880859e+02, 3.69938263e+02, 6.89661377e+02, 3.87656677e+02,
    5.34377319e+02, 3.28157928e+02, 5.61333008e+02, 3.45561951e+02,
    5.88487061e+02, 3.63074738e+02, 6.15655029e+02, 3.80660187e+02,
    6.43201294e+02, 3.98405365e+02, 6.70669312e+02, 4.16144440e+02,
    5.15494934e+02, 3.56103668e+02, 5.42439209e+02, 3.73541595e+02,
    5.69489990e+02, 3.91225830e+02, 5.96700378e+02, 4.08683807e+02,
    6.24093323e+02, 4.26539154e+02, 6.51704041e+02, 4.44432983e+02,
    4.96303925e+02, 3.83868378e+02, 5.23077576e+02, 4.01471558e+02,
    5.50246460e+02, 4.19215027e+02, 5.77410522e+02, 4.36873352e+02,
    6.04909363e+02, 4.54782867e+02, 6.32594116e+02, 4.72928467e+02,
    4.76794250e+02, 4.11758698e+02, 5.03776367e+02, 4.29572968e+02,
    5.30742371e+02, 4.47429077e+02, 5.58058655e+02, 4.65331696e+02,
    5.85430542e+02, 4.83385773e+02, 6.13091125e+02, 5.01465210e+02,
    4.57358093e+02, 4.39941986e+02, 4.84210632e+02, 4.57743195e+02,
    5.11338440e+02, 4.75714905e+02, 5.38487549e+02, 4.93809753e+02,
    5.65940308e+02, 5.11840942e+02, 5.93478882e+02, 5.30278992e+02,
    4.38010864e+02, 4.68363586e+02, 4.64802612e+02, 4.86287384e+02,
    4.91733337e+02, 5.04340057e+02, 5.18857117e+02, 5.22497742e+02,
    5.46350281e+02, 5.40765747e+02, 5.73797363e+02, 5.59244873e+02,
    4.18500153e+02, 4.96683685e+02, 4.45347260e+02, 5.14777222e+02,
    4.72222046e+02, 5.32994385e+02, 4.99361176e+02, 5.51311401e+02,
    5.26624817e+02, 5.69720764e+02, 5.54283630e+02, 5.88339783e+02 ]
