%YAML:1.0
---
points: [ 4.23438080e+02, 8.27659607e+02, 4.50797852e+02, 8.27853699e+02,
    4.78751434e+02, 8.27814575e+02, 5.06880219e+02, 8.27829895e+02,
    5.35457031e+02, 8.27722656e+02, 5.64500000e+02, 8.27680542e+02,
    4.28282990e+02, 8.56309875e+02, 4.55633148e+02, 8.56500854e+02,
    4.83390015e+02, 8.56784302e+02, 5.11416565e+02, 8.56887451e+02,
    5.39547485e+02, 8.57117798e+02, 5.68333008e+02, 8.57226196e+02,
    4.32745453e+02, 8.85028198e+02, 4.59960388e+02, 8.85413269e+02,
    4.87410034e+02, 8.85772888e+02, 5.15193176e+02, 8.86249084e+02,
    5.43458618e+02, 8.86446228e+02, 5.71815857e+02, 8.86706787e+02,
    4.36690033e+02, 9.13639221e+02, 4.63821228e+02, 9.14195984e+02,
    4.91290405e+02, 9.14717712e+02, 5.18772400e+02, 9.15261658e+02,
    5.47166809e+02, 9.15657715e+02, 5.75539612e+02, 9.16175537e+02,
    4.40509583e+02, 9.42351013e+02, 4.67706726e+02, 9.43026855e+02,
    4.95109314e+02, 9.43691589e+02, 5.22675415e+02, 9.44294678e+02,
    5.50591858e+02, 9.44737549e+02, 5.79185608e+02, 9.45422974e+02,
    4.44445343e+02, 9.70665039e+02, 4.71336639e+02, 9.71478821e+02,
    4.98827698e+02, 9.72219727e+02, 5.26478516e+02, 9.72892212e+02,
    5.54394836e+02, 9.73768188e+02, 5.82515442e+02, 9.74539429e+02,
    4.48769318e+02, 9.98374512e+02, 4.75708191e+02, 9.99415955e+02,
    5.02699707e+02, 1.00051544e+03, 5.30218140e+02, 1.00152106e+03,
    5.58158203e+02, 1.00242847e+03, 5.86237183e+02, 1.00331842e+03,
    4.53362457e+02, 1.02578613e+03, 4.80127106e+02, 1.02715454e+03,
    5.07156525e+02, 1.02824658e+03, 5.34302368e+02, 1.02933838e+03,
    5.61941284e+02, 1.03031738e+03, 5.90117920e+02, 1.03158447e+03 ]
