%YAML:1.0
---
points: [ 3.35270020e+02, 3.06374176e+02, 3.35758362e+02, 2.97729767e+02,
    3.36231995e+02, 2.89082886e+02, 3.36755280e+02, 2.80524719e+02,
    3.37225952e+02, 2.72019043e+02, 3.37697906e+02, 2.63534912e+02,
    3.43509216e+02, 3.06957245e+02, 3.44057800e+02, 2.98348785e+02,
    3.44444946e+02, 2.89690033e+02, 3.44996613e+02, 2.81202972e+02,
    3.45414856e+02, 2.72696625e+02, 3.45990631e+02, 2.64185547e+02,
    3.51855438e+02, 3.07592438e+02, 3.52304474e+02, 2.99035065e+02,
    3.52762482e+02, 2.90363708e+02, 3.53304047e+02, 2.81803375e+02,
    3.53719208e+02, 2.73361511e+02, 3.54158447e+02, 2.64882263e+02,
    3.60191895e+02, 3.08264679e+02, 3.60619263e+02, 2.99578949e+02,
    3.61150909e+02, 2.91106934e+02, 3.61451599e+02, 2.82470398e+02,
    3.62008972e+02, 2.74061157e+02, 3.62462402e+02, 2.65605255e+02,
    3.68404083e+02, 3.08817810e+02, 3.68945099e+02, 3.00276215e+02,
    3.69350372e+02, 2.91653931e+02, 3.69784912e+02, 2.83251373e+02,
    3.70268555e+02, 2.74666321e+02, 3.70698853e+02, 2.66228790e+02,
    3.76855743e+02, 3.09474182e+02, 3.77267273e+02, 3.00893158e+02,
    3.77654388e+02, 2.92352234e+02, 3.78148682e+02, 2.83824738e+02,
    3.78468628e+02, 2.75413818e+02, 3.79029236e+02, 2.66911407e+02,
    3.85001343e+02, 3.10015900e+02, 3.85499298e+02, 3.01476135e+02,
    3.85886292e+02, 2.92946930e+02, 3.86335236e+02, 2.84564301e+02,
    3.86720703e+02, 2.75979889e+02, 3.87250122e+02, 2.67557190e+02,
    3.93274536e+02, 3.10715942e+02, 3.93644714e+02, 3.02100159e+02,
    3.94094086e+02, 2.93630585e+02, 3.94490997e+02, 2.85143372e+02,
    3.94912140e+02, 2.76699951e+02, 3.95353760e+02, 2.68234467e+02 ]
