%YAML:1.0
---
points: [ 2.35113663e+02, 2.93722382e+02, 2.59049316e+02, 3.10149597e+02,
    2.83570892e+02, 3.26840820e+02, 3.08310425e+02, 3.43601898e+02,
    3.33419006e+02, 3.60637024e+02, 3.58731049e+02, 3.77785034e+02,
    2.17440155e+02, 3.21226166e+02, 2.41557068e+02, 3.37817719e+02,
    2.65911926e+02, 3.54584381e+02, 2.90413696e+02, 3.71465179e+02,
    3.15244110e+02, 3.88427002e+02, 3.40221558e+02, 4.05628632e+02,
    1.99324051e+02, 3.48473358e+02, 2.23367065e+02, 3.65130127e+02,
    2.47533447e+02, 3.82054352e+02, 2.71936676e+02, 3.98876099e+02,
    2.96575439e+02, 4.16014435e+02, 3.21519501e+02, 4.33371033e+02,
    1.80634079e+02, 3.75543213e+02, 2.04461319e+02, 3.92386841e+02,
    2.28612823e+02, 4.09313995e+02, 2.52918549e+02, 4.26457733e+02,
    2.77669312e+02, 4.43693787e+02, 3.02558624e+02, 4.61148041e+02,
    1.61908371e+02, 4.02786865e+02, 1.85750702e+02, 4.19717285e+02,
    2.09684418e+02, 4.36809601e+02, 2.34063324e+02, 4.54038910e+02,
    2.58597443e+02, 4.71555725e+02, 2.83476135e+02, 4.89096466e+02,
    1.43243484e+02, 4.30083496e+02, 1.66700470e+02, 4.47264679e+02,
    1.90721405e+02, 4.64408447e+02, 2.15055252e+02, 4.81810089e+02,
    2.39548843e+02, 4.99373352e+02, 2.64254333e+02, 5.17111511e+02,
    1.24824585e+02, 4.57575989e+02, 1.48363586e+02, 4.74748230e+02,
    1.71977493e+02, 4.92159332e+02, 1.96151016e+02, 5.09578674e+02,
    2.20494736e+02, 5.27340637e+02, 2.45239777e+02, 5.45228394e+02,
    1.06537346e+02, 4.84961639e+02, 1.29846313e+02, 5.02362305e+02,
    1.53479202e+02, 5.19816040e+02, 1.77400406e+02, 5.37488708e+02,
    2.01639160e+02, 5.55331970e+02, 2.26231415e+02, 5.73418335e+02 ]
