%YAML:1.0
---
points: [ 1.07840042e+02, 3.71256439e+02, 1.06212418e+02, 3.62197205e+02,
    1.04335709e+02, 3.53287109e+02, 1.02556412e+02, 3.43974335e+02,
    1.00792877e+02, 3.34916748e+02, 9.89685059e+01, 3.25457153e+02,
    1.16713921e+02, 3.71701294e+02, 1.14837830e+02, 3.62789734e+02,
    1.13183983e+02, 3.53731171e+02, 1.11369156e+02, 3.44569946e+02,
    1.09650513e+02, 3.35115570e+02, 1.07939133e+02, 3.25754944e+02,
    1.25576187e+02, 3.72355499e+02, 1.23918091e+02, 3.63265625e+02,
    1.22142822e+02, 3.54199066e+02, 1.20406105e+02, 3.44847321e+02,
    1.18685089e+02, 3.35589172e+02, 1.17016998e+02, 3.25920746e+02,
    1.34664871e+02, 3.72737610e+02, 1.32961426e+02, 3.63785156e+02,
    1.31237869e+02, 3.54616333e+02, 1.29559555e+02, 3.45219696e+02,
    1.28008743e+02, 3.35732880e+02, 1.26358856e+02, 3.26168762e+02,
    1.43710876e+02, 3.73376892e+02, 1.42158905e+02, 3.64300629e+02,
    1.40514023e+02, 3.55011078e+02, 1.38938141e+02, 3.45582397e+02,
    1.37301285e+02, 3.36087219e+02, 1.35764984e+02, 3.26341980e+02,
    1.53144714e+02, 3.73896027e+02, 1.51428146e+02, 3.64684387e+02,
    1.49912918e+02, 3.55416687e+02, 1.48303162e+02, 3.45898743e+02,
    1.46874435e+02, 3.36212830e+02, 1.45307266e+02, 3.26426605e+02,
    1.62342941e+02, 3.74348480e+02, 1.60959259e+02, 3.65260010e+02,
    1.59364136e+02, 3.55734924e+02, 1.57910507e+02, 3.46285004e+02,
    1.56394409e+02, 3.36541046e+02, 1.54978439e+02, 3.26646820e+02,
    1.72147202e+02, 3.74936890e+02, 1.70508484e+02, 3.65637238e+02,
    1.69023987e+02, 3.56217194e+02, 1.67473236e+02, 3.46634796e+02,
    1.66103333e+02, 3.36897766e+02, 1.64669800e+02, 3.26963898e+02 ]
