%YAML:1.0
---
points: [ 1.87118378e+02, 3.25780884e+02, 1.88048843e+02, 3.16906891e+02,
    1.88968521e+02, 3.07958679e+02, 1.89888733e+02, 2.99128357e+02,
    1.90823120e+02, 2.90231659e+02, 1.91777954e+02, 2.81464722e+02,
    1.95909515e+02, 3.26153595e+02, 1.96797165e+02, 3.17284760e+02,
    1.97709305e+02, 3.08368103e+02, 1.98585861e+02, 2.99532532e+02,
    1.99555664e+02, 2.90774048e+02, 2.00400696e+02, 2.82057373e+02,
    2.04635910e+02, 3.26452911e+02, 2.05537613e+02, 3.17577454e+02,
    2.06345047e+02, 3.08822784e+02, 2.07246857e+02, 3.00036774e+02,
    2.08139725e+02, 2.91279510e+02, 2.09014145e+02, 2.82581299e+02,
    2.13284592e+02, 3.26897888e+02, 2.14109863e+02, 3.18076965e+02,
    2.14999771e+02, 3.09253540e+02, 2.15812241e+02, 3.00494812e+02,
    2.16653183e+02, 2.91826965e+02, 2.17466965e+02, 2.83120209e+02,
    2.21863556e+02, 3.27295715e+02, 2.22720398e+02, 3.18441650e+02,
    2.23497269e+02, 3.09738617e+02, 2.24350372e+02, 3.00983551e+02,
    2.25147064e+02, 2.92312103e+02, 2.25937943e+02, 2.83726196e+02,
    2.30369827e+02, 3.27688904e+02, 2.31209015e+02, 3.18942871e+02,
    2.31968307e+02, 3.10208496e+02, 2.32826752e+02, 3.01441193e+02,
    2.33595245e+02, 2.92849274e+02, 2.34396103e+02, 2.84226929e+02,
    2.38833069e+02, 3.28072388e+02, 2.39667282e+02, 3.19365387e+02,
    2.40391220e+02, 3.10571075e+02, 2.41197891e+02, 3.02084137e+02,
    2.41950195e+02, 2.93338867e+02, 2.42722794e+02, 2.84836182e+02,
    2.47290146e+02, 3.28478729e+02, 2.47935577e+02, 3.19713867e+02,
    2.48784027e+02, 3.11104126e+02, 2.49544220e+02, 3.02462006e+02,
    2.50276901e+02, 2.93838562e+02, 2.51047348e+02, 2.85321045e+02 ]
