%YAML:1.0
---
points: [ 1.22441978e+02, 3.24058838e+02, 1.20873634e+02, 3.14846954e+02,
    1.19332275e+02, 3.05854004e+02, 1.17644386e+02, 2.96487488e+02,
    1.16030785e+02, 2.87171478e+02, 1.14312309e+02, 2.77626160e+02,
    1.31143906e+02, 3.24400940e+02, 1.29582840e+02, 3.15299194e+02,
    1.27979073e+02, 3.05961426e+02, 1.26397461e+02, 2.96800690e+02,
    1.24808014e+02, 2.87239777e+02, 1.23253578e+02, 2.77843597e+02,
    1.39998032e+02, 3.24800812e+02, 1.38451294e+02, 3.15569397e+02,
    1.36891739e+02, 3.06300964e+02, 1.35343719e+02, 2.96905487e+02,
    1.33737869e+02, 2.87435944e+02, 1.32123596e+02, 2.77813171e+02,
    1.48895615e+02, 3.25109283e+02, 1.47422012e+02, 3.15847961e+02,
    1.45870422e+02, 3.06490875e+02, 1.44382385e+02, 2.97072632e+02,
    1.42835709e+02, 2.87495087e+02, 1.41348129e+02, 2.77835876e+02,
    1.58042816e+02, 3.25522888e+02, 1.56524246e+02, 3.16164886e+02,
    1.55003906e+02, 3.06760193e+02, 1.53556534e+02, 2.97267029e+02,
    1.52083527e+02, 2.87617188e+02, 1.50652863e+02, 2.77810852e+02,
    1.67138687e+02, 3.25795898e+02, 1.65691696e+02, 3.16412781e+02,
    1.64261566e+02, 3.07038757e+02, 1.62815872e+02, 2.97423462e+02,
    1.61481277e+02, 2.87679230e+02, 1.60050613e+02, 2.77795715e+02,
    1.76416809e+02, 3.26170349e+02, 1.74936615e+02, 3.16736786e+02,
    1.73601517e+02, 3.07243103e+02, 1.72202286e+02, 2.97512756e+02,
    1.70863998e+02, 2.87760010e+02, 1.69511032e+02, 2.77930664e+02,
    1.85865265e+02, 3.26472015e+02, 1.84466721e+02, 3.17094299e+02,
    1.83023132e+02, 3.07455017e+02, 1.81733322e+02, 2.97860718e+02,
    1.80377594e+02, 2.88025208e+02, 1.79077789e+02, 2.78041504e+02 ]
