%YAML:1.0
---
points: [ 2.46206299e+02, 4.87627930e+02, 2.69813171e+02, 5.05100281e+02,
    2.94064545e+02, 5.22711670e+02, 3.18518372e+02, 5.40421204e+02,
    3.43236237e+02, 5.58377441e+02, 3.68230377e+02, 5.76483887e+02,
    2.28005417e+02, 5.14783569e+02, 2.51802429e+02, 5.32465942e+02,
    2.75871368e+02, 5.50204102e+02, 3.00005798e+02, 5.68101868e+02,
    3.24479675e+02, 5.86066772e+02, 3.49087189e+02, 6.04292603e+02,
    2.09385620e+02, 5.41964539e+02, 2.33063614e+02, 5.59648499e+02,
    2.56959839e+02, 5.77464355e+02, 2.80966125e+02, 5.95472656e+02,
    3.05283600e+02, 6.13576416e+02, 3.29809540e+02, 6.31908936e+02,
    1.90244675e+02, 5.69076599e+02, 2.13676376e+02, 5.86805664e+02,
    2.37500458e+02, 6.04928955e+02, 2.61531433e+02, 6.22974060e+02,
    2.85812592e+02, 6.41372559e+02, 3.10384583e+02, 6.59812317e+02,
    1.70976929e+02, 5.96231384e+02, 1.94486237e+02, 6.14267090e+02,
    2.18129105e+02, 6.32402832e+02, 2.42161926e+02, 6.50667236e+02,
    2.66301178e+02, 6.69215759e+02, 2.90813843e+02, 6.87787903e+02,
    1.51721710e+02, 6.23519409e+02, 1.75018631e+02, 6.41726013e+02,
    1.98749588e+02, 6.60042969e+02, 2.22583344e+02, 6.78487000e+02,
    2.46754333e+02, 6.97171021e+02, 2.71115112e+02, 7.16015869e+02,
    1.32874100e+02, 6.50935730e+02, 1.56090851e+02, 6.69291870e+02,
    1.79461349e+02, 6.87806641e+02, 2.03152084e+02, 7.06420654e+02,
    2.27221603e+02, 7.25286743e+02, 2.51483948e+02, 7.44323486e+02,
    1.14074112e+02, 6.78351196e+02, 1.37011093e+02, 6.96794006e+02,
    1.60370148e+02, 7.15510559e+02, 1.83879227e+02, 7.34388062e+02,
    2.07763275e+02, 7.53312927e+02, 2.31993973e+02, 7.72568298e+02 ]
