%YAML:1.0
---
points: [ 6.71810486e+02, 5.92456055e+02, 6.75523865e+02, 6.21922852e+02,
    6.79464722e+02, 6.50670654e+02, 6.83263611e+02, 6.79292480e+02,
    6.87072327e+02, 7.07494141e+02, 6.91105896e+02, 7.35289551e+02,
    6.44612122e+02, 5.92677795e+02, 6.48740173e+02, 6.21957275e+02,
    6.52532288e+02, 6.50610291e+02, 6.56374023e+02, 6.79024658e+02,
    6.60415588e+02, 7.07167908e+02, 6.64389160e+02, 7.34759583e+02,
    6.17875183e+02, 5.93127258e+02, 6.22044983e+02, 6.22261047e+02,
    6.25984497e+02, 6.50689575e+02, 6.29680969e+02, 6.78987854e+02,
    6.33937988e+02, 7.06950012e+02, 6.37982910e+02, 7.34453857e+02,
    5.91203491e+02, 5.93629761e+02, 5.95409912e+02, 6.22572021e+02,
    5.99416809e+02, 6.50862915e+02, 6.03483215e+02, 6.78906799e+02,
    6.07660156e+02, 7.06741089e+02, 6.12072754e+02, 7.34203369e+02,
    5.64836609e+02, 5.94238586e+02, 5.69208862e+02, 6.22770935e+02,
    5.73425354e+02, 6.50976868e+02, 5.77533569e+02, 6.78797607e+02,
    5.81829407e+02, 7.06544067e+02, 5.86149414e+02, 7.33779358e+02,
    5.38565125e+02, 5.94704773e+02, 5.43150208e+02, 6.23155396e+02,
    5.47610840e+02, 6.51183228e+02, 5.51949890e+02, 6.78766235e+02,
    5.56342896e+02, 7.06348572e+02, 5.60570374e+02, 7.33515198e+02,
    5.13001404e+02, 5.95181152e+02, 5.17658203e+02, 6.23326050e+02,
    5.22181519e+02, 6.51225891e+02, 5.26612488e+02, 6.78711792e+02,
    5.31028198e+02, 7.06125549e+02, 5.35229248e+02, 7.33248047e+02,
    4.87718048e+02, 5.95635986e+02, 4.92441772e+02, 6.23568420e+02,
    4.97036713e+02, 6.51311157e+02, 5.01597748e+02, 6.78631042e+02,
    5.06083923e+02, 7.05831909e+02, 5.10457092e+02, 7.32897156e+02 ]
