%YAML:1.0
---
points: [ 2.26464111e+02, 2.47769806e+02, 2.27128738e+02, 2.39152618e+02,
    2.27553757e+02, 2.30663651e+02, 2.28464859e+02, 2.22558502e+02,
    2.28833023e+02, 2.14058594e+02, 2.29659973e+02, 2.05893890e+02,
    2.35011124e+02, 2.48293900e+02, 2.35505127e+02, 2.39801208e+02,
    2.36170364e+02, 2.31440979e+02, 2.36681900e+02, 2.23280075e+02,
    2.37239777e+02, 2.14661896e+02, 2.37925049e+02, 2.06502258e+02,
    2.43180664e+02, 2.48734238e+02, 2.43878052e+02, 2.40331650e+02,
    2.44301468e+02, 2.32033768e+02, 2.45018372e+02, 2.23644226e+02,
    2.45569855e+02, 2.15068588e+02, 2.46087448e+02, 2.07109589e+02,
    2.51669037e+02, 2.49321487e+02, 2.52205215e+02, 2.40819199e+02,
    2.52705078e+02, 2.32559723e+02, 2.53330414e+02, 2.24143799e+02,
    2.53748535e+02, 2.15968246e+02, 2.54360748e+02, 2.07510025e+02,
    2.59893860e+02, 2.49753708e+02, 2.60387054e+02, 2.41315552e+02,
    2.60966461e+02, 2.33037918e+02, 2.61471191e+02, 2.24788620e+02,
    2.62152283e+02, 2.16381058e+02, 2.62514679e+02, 2.08215027e+02,
    2.68185303e+02, 2.50373749e+02, 2.68700195e+02, 2.41918808e+02,
    2.69232025e+02, 2.33563858e+02, 2.69731049e+02, 2.25261200e+02,
    2.70196136e+02, 2.17075363e+02, 2.70753937e+02, 2.08726303e+02,
    2.76423859e+02, 2.50758560e+02, 2.76945679e+02, 2.42416611e+02,
    2.77378967e+02, 2.34064850e+02, 2.77943329e+02, 2.25917862e+02,
    2.78446747e+02, 2.17524597e+02, 2.78954590e+02, 2.09340408e+02,
    2.84650757e+02, 2.51343307e+02, 2.85174744e+02, 2.42996292e+02,
    2.85575043e+02, 2.34699478e+02, 2.86138519e+02, 2.26407822e+02,
    2.86522247e+02, 2.18216293e+02, 2.87143768e+02, 2.09836700e+02 ]
