%YAML:1.0
---
points: [ 6.08868774e+02, 6.19056435e+01, 6.19501831e+02, 9.85669403e+01,
    6.30049316e+02, 1.33925812e+02, 6.40238953e+02, 1.67415817e+02,
    6.50001038e+02, 1.99844589e+02, 6.59588745e+02, 2.30801987e+02,
    5.78400940e+02, 6.40387344e+01, 5.89635803e+02, 1.00286720e+02,
    6.00388245e+02, 1.35271988e+02, 6.10996155e+02, 1.68464905e+02,
    6.21236572e+02, 2.00784882e+02, 6.31289734e+02, 2.31728516e+02,
    5.48181946e+02, 6.61751556e+01, 5.59776123e+02, 1.02218185e+02,
    5.70965088e+02, 1.36695969e+02, 5.81933594e+02, 1.69739670e+02,
    5.92608337e+02, 2.01829956e+02, 6.03263977e+02, 2.32598877e+02,
    5.18143738e+02, 6.83993301e+01, 5.30179138e+02, 1.03825676e+02,
    5.42047668e+02, 1.38341797e+02, 5.53534485e+02, 1.71060593e+02,
    5.64570801e+02, 2.02711777e+02, 5.75473572e+02, 2.33418579e+02,
    4.88519928e+02, 7.05334091e+01, 5.01185211e+02, 1.05698746e+02,
    5.13439575e+02, 1.39687943e+02, 5.25334595e+02, 1.72347778e+02,
    5.36851990e+02, 2.03773911e+02, 5.47783936e+02, 2.34338547e+02,
    4.59194092e+02, 7.25590744e+01, 4.72389374e+02, 1.07604454e+02,
    4.85150360e+02, 1.41291443e+02, 4.97410675e+02, 1.73580643e+02,
    5.09406555e+02, 2.04852600e+02, 5.20902527e+02, 2.34949463e+02,
    4.30729950e+02, 7.47654419e+01, 4.44386810e+02, 1.09326820e+02,
    4.57439667e+02, 1.42711014e+02, 4.70024902e+02, 1.74811172e+02,
    4.82280487e+02, 2.06004593e+02, 4.93986206e+02, 2.35967621e+02,
    4.02618073e+02, 7.68157806e+01, 4.16679291e+02, 1.11208633e+02,
    4.30207886e+02, 1.44264786e+02, 4.43209045e+02, 1.75934753e+02,
    4.55539215e+02, 2.06745850e+02, 4.67696533e+02, 2.36726654e+02 ]
