%YAML:1.0
---
points: [ 1.71280289e+02, 2.95091370e+02, 1.71874115e+02, 3.05788818e+02,
    1.72598679e+02, 3.16433044e+02, 1.73424408e+02, 3.27054291e+02,
    1.74219299e+02, 3.37652679e+02, 1.75065567e+02, 3.48184814e+02,
    1.61479980e+02, 2.95090790e+02, 1.62210144e+02, 3.05739838e+02,
    1.62893875e+02, 3.16310211e+02, 1.63637451e+02, 3.26890167e+02,
    1.64431946e+02, 3.37378296e+02, 1.65264420e+02, 3.47864319e+02,
    1.51877457e+02, 2.95254822e+02, 1.52547623e+02, 3.05701050e+02,
    1.53243149e+02, 3.16348877e+02, 1.54009430e+02, 3.26760223e+02,
    1.54797348e+02, 3.37291565e+02, 1.55661789e+02, 3.47596527e+02,
    1.42252991e+02, 2.95271851e+02, 1.43016052e+02, 3.05845551e+02,
    1.43678146e+02, 3.16292419e+02, 1.44498215e+02, 3.26681488e+02,
    1.45328766e+02, 3.37037201e+02, 1.46156006e+02, 3.47347656e+02,
    1.32735428e+02, 2.95384888e+02, 1.33532379e+02, 3.05782318e+02,
    1.34302536e+02, 3.16221130e+02, 1.35087814e+02, 3.26462616e+02,
    1.35963959e+02, 3.36882202e+02, 1.36716812e+02, 3.47042847e+02,
    1.23376617e+02, 2.95538147e+02, 1.24214607e+02, 3.05851959e+02,
    1.25034294e+02, 3.16040192e+02, 1.25781441e+02, 3.26454865e+02,
    1.26685654e+02, 3.36580627e+02, 1.27447678e+02, 3.46791870e+02,
    1.14271523e+02, 2.95571564e+02, 1.15066597e+02, 3.05800964e+02,
    1.15792717e+02, 3.15961670e+02, 1.16676498e+02, 3.26193817e+02,
    1.17471970e+02, 3.36350159e+02, 1.18359001e+02, 3.46487762e+02,
    1.05263329e+02, 2.95652588e+02, 1.06125175e+02, 3.05783478e+02,
    1.06847046e+02, 3.15843079e+02, 1.07742638e+02, 3.25979523e+02,
    1.08578140e+02, 3.36026398e+02, 1.09353706e+02, 3.46208313e+02 ]
