%YAML:1.0
---
points: [ 1.41818878e+02, 5.98690552e+02, 1.69862473e+02, 5.99031128e+02,
    1.98104828e+02, 5.99252502e+02, 2.26181671e+02, 5.99502014e+02,
    2.54090881e+02, 5.99802307e+02, 2.81839142e+02, 6.00041809e+02,
    1.40711121e+02, 6.24677124e+02, 1.69098755e+02, 6.24871765e+02,
    1.97108124e+02, 6.25115295e+02, 2.25080399e+02, 6.25222900e+02,
    2.53078278e+02, 6.25396729e+02, 2.80709320e+02, 6.25559387e+02,
    1.39419724e+02, 6.50713867e+02, 1.67690964e+02, 6.50790283e+02,
    1.95950211e+02, 6.50848877e+02, 2.23683731e+02, 6.50962280e+02,
    2.51605881e+02, 6.51024780e+02, 2.79375854e+02, 6.51076050e+02,
    1.37804092e+02, 6.76745239e+02, 1.65940674e+02, 6.76798828e+02,
    1.94271988e+02, 6.76774231e+02, 2.22134811e+02, 6.76762695e+02,
    2.50229202e+02, 6.76685730e+02, 2.77986145e+02, 6.76655945e+02,
    1.36101486e+02, 7.03180603e+02, 1.64543533e+02, 7.02998108e+02,
    1.92686371e+02, 7.02908508e+02, 2.20649948e+02, 7.02792664e+02,
    2.48745560e+02, 7.02642151e+02, 2.76550110e+02, 7.02583618e+02,
    1.34417252e+02, 7.29418335e+02, 1.62818741e+02, 7.29307861e+02,
    1.91101974e+02, 7.29180786e+02, 2.19108551e+02, 7.28911255e+02,
    2.47295624e+02, 7.28681396e+02, 2.75222137e+02, 7.28526917e+02,
    1.33179642e+02, 7.55795410e+02, 1.61307373e+02, 7.55609619e+02,
    1.89671692e+02, 7.55417969e+02, 2.17656128e+02, 7.55223938e+02,
    2.45634460e+02, 7.54806824e+02, 2.73695251e+02, 7.54538940e+02,
    1.31689667e+02, 7.82239380e+02, 1.60024094e+02, 7.82010620e+02,
    1.88123093e+02, 7.81721069e+02, 2.16512680e+02, 7.81347961e+02,
    2.44451782e+02, 7.81035278e+02, 2.72289856e+02, 7.80698669e+02 ]
