%YAML:1.0
---
points: [ 1.47766922e+02, 5.29348145e+02, 1.75727997e+02, 5.29548462e+02,
    2.03620636e+02, 5.29776367e+02, 2.31590561e+02, 5.30056030e+02,
    2.59315277e+02, 5.30240051e+02, 2.86872070e+02, 5.30415527e+02,
    1.47170456e+02, 5.55244141e+02, 1.75162018e+02, 5.55409546e+02,
    2.03071075e+02, 5.55470154e+02, 2.30831558e+02, 5.55601990e+02,
    2.58612122e+02, 5.55663025e+02, 2.85988892e+02, 5.55747559e+02,
    1.46040604e+02, 5.81055847e+02, 1.74225204e+02, 5.81132385e+02,
    2.02064896e+02, 5.81173340e+02, 2.29795761e+02, 5.81201172e+02,
    2.57479889e+02, 5.81188293e+02, 2.85201721e+02, 5.81134766e+02,
    1.44637787e+02, 6.06929688e+02, 1.72877609e+02, 6.06857544e+02,
    2.00899261e+02, 6.06788940e+02, 2.28628372e+02, 6.06711304e+02,
    2.56462036e+02, 6.06676270e+02, 2.84103882e+02, 6.06587830e+02,
    1.43416275e+02, 6.32883606e+02, 1.71507385e+02, 6.32801270e+02,
    1.99679489e+02, 6.32660095e+02, 2.27519470e+02, 6.32553406e+02,
    2.55221832e+02, 6.32398499e+02, 2.82922455e+02, 6.32212830e+02,
    1.42204529e+02, 6.58988770e+02, 1.70193909e+02, 6.58756958e+02,
    1.98309586e+02, 6.58618652e+02, 2.26467682e+02, 6.58345398e+02,
    2.54236511e+02, 6.58106934e+02, 2.81883911e+02, 6.57753418e+02,
    1.40996902e+02, 6.85256775e+02, 1.69301437e+02, 6.84916077e+02,
    1.97176590e+02, 6.84637207e+02, 2.25128525e+02, 6.84263733e+02,
    2.53224792e+02, 6.83807251e+02, 2.80775543e+02, 6.83530396e+02,
    1.39824951e+02, 7.11423340e+02, 1.68131653e+02, 7.11097717e+02,
    1.96275635e+02, 7.10607727e+02, 2.24053085e+02, 7.10251892e+02,
    2.52006851e+02, 7.09731506e+02, 2.79989288e+02, 7.09331909e+02 ]
