%YAML:1.0
---
points: [ 1.08992844e+02, 3.18989777e+02, 1.10094368e+02, 3.10178833e+02,
    1.11172417e+02, 3.01408356e+02, 1.12197433e+02, 2.92653076e+02,
    1.13249756e+02, 2.83853210e+02, 1.14343254e+02, 2.75136597e+02,
    1.17923744e+02, 3.19635284e+02, 1.18861046e+02, 3.10838898e+02,
    1.19945686e+02, 3.02091370e+02, 1.20999825e+02, 2.93335388e+02,
    1.22091988e+02, 2.84617950e+02, 1.23152565e+02, 2.75881592e+02,
    1.26626480e+02, 3.20373138e+02, 1.27679214e+02, 3.11616638e+02,
    1.28762009e+02, 3.02824554e+02, 1.29781860e+02, 2.94058960e+02,
    1.30835693e+02, 2.85347260e+02, 1.31830292e+02, 2.76582153e+02,
    1.35385254e+02, 3.21148529e+02, 1.36403366e+02, 3.12295868e+02,
    1.37419281e+02, 3.03518738e+02, 1.38458191e+02, 2.94813690e+02,
    1.39524551e+02, 2.86072235e+02, 1.40571686e+02, 2.77306030e+02,
    1.44166214e+02, 3.21856079e+02, 1.45156509e+02, 3.13056396e+02,
    1.46203888e+02, 3.04273071e+02, 1.47209122e+02, 2.95480530e+02,
    1.48260742e+02, 2.86769440e+02, 1.49257736e+02, 2.78076599e+02,
    1.52842590e+02, 3.22552094e+02, 1.53875198e+02, 3.13760742e+02,
    1.54873123e+02, 3.04966705e+02, 1.55917618e+02, 2.96245483e+02,
    1.56972824e+02, 2.87404175e+02, 1.57936508e+02, 2.78823303e+02,
    1.61622360e+02, 3.23254761e+02, 1.62607941e+02, 3.14425476e+02,
    1.63634781e+02, 3.05640442e+02, 1.64655487e+02, 2.96931366e+02,
    1.65581421e+02, 2.88211914e+02, 1.66615341e+02, 2.79482422e+02,
    1.70332703e+02, 3.23932068e+02, 1.71334610e+02, 3.15093933e+02,
    1.72315262e+02, 3.06318451e+02, 1.73252136e+02, 2.97587830e+02,
    1.74242813e+02, 2.88957642e+02, 1.75251083e+02, 2.80265930e+02 ]
