%YAML:1.0
---
points: [ 7.74592041e+02, 8.09959839e+02, 7.74981323e+02, 8.44809753e+02,
    7.75574341e+02, 8.79436279e+02, 7.76151184e+02, 9.13674438e+02,
    7.76769348e+02, 9.48252258e+02, 7.77490662e+02, 9.82392700e+02,
    7.40135864e+02, 8.10537781e+02, 7.40655334e+02, 8.45070496e+02,
    7.41155273e+02, 8.79859741e+02, 7.41842163e+02, 9.14119629e+02,
    7.42509277e+02, 9.48702942e+02, 7.43234436e+02, 9.82965698e+02,
    7.05922791e+02, 8.11203857e+02, 7.06458740e+02, 8.45636658e+02,
    7.06968750e+02, 8.80446960e+02, 7.07453003e+02, 9.14766602e+02,
    7.08227051e+02, 9.49320618e+02, 7.08787720e+02, 9.83668823e+02,
    6.71398193e+02, 8.11884460e+02, 6.71826782e+02, 8.46415588e+02,
    6.72488281e+02, 8.81160156e+02, 6.73257507e+02, 9.15496033e+02,
    6.73865234e+02, 9.49961914e+02, 6.74593689e+02, 9.84467102e+02,
    6.36927307e+02, 8.12661011e+02, 6.37543884e+02, 8.47102295e+02,
    6.38191162e+02, 8.81705627e+02, 6.38659668e+02, 9.16193665e+02,
    6.39379333e+02, 9.50575012e+02, 6.39941895e+02, 9.85118713e+02,
    6.02203308e+02, 8.13353333e+02, 6.02738525e+02, 8.48047241e+02,
    6.03452698e+02, 8.82408936e+02, 6.04276062e+02, 9.16888550e+02,
    6.04879333e+02, 9.51230164e+02, 6.05631897e+02, 9.85773254e+02,
    5.67729065e+02, 8.13853210e+02, 5.68532349e+02, 8.48529114e+02,
    5.69155457e+02, 8.83051086e+02, 5.69697693e+02, 9.17486633e+02,
    5.70428589e+02, 9.51910095e+02, 5.70924988e+02, 9.86510864e+02,
    5.33369446e+02, 8.14483948e+02, 5.34028381e+02, 8.49198242e+02,
    5.34614258e+02, 8.83644531e+02, 5.35342957e+02, 9.18125061e+02,
    5.35858765e+02, 9.52656494e+02, 5.36697144e+02, 9.87275085e+02 ]
