%YAML:1.0
---
points: [ 2.22655273e+02, 4.44957489e+02, 2.48953964e+02, 4.45218536e+02,
    2.75562622e+02, 4.45579773e+02, 3.01930237e+02, 4.45884613e+02,
    3.28203735e+02, 4.46325226e+02, 3.54370026e+02, 4.46569550e+02,
    2.22055038e+02, 4.70067169e+02, 2.48561996e+02, 4.70315704e+02,
    2.75146393e+02, 4.70525116e+02, 3.01262451e+02, 4.70778564e+02,
    3.27517303e+02, 4.71007690e+02, 3.53722015e+02, 4.71346466e+02,
    2.21105225e+02, 4.94860382e+02, 2.47588074e+02, 4.95204742e+02,
    2.74067902e+02, 4.95345886e+02, 3.00446106e+02, 4.95523834e+02,
    3.26615082e+02, 4.95703033e+02, 3.52824066e+02, 4.95802094e+02,
    2.19627182e+02, 5.19718750e+02, 2.46379028e+02, 5.19911133e+02,
    2.72724182e+02, 5.20064941e+02, 2.99157135e+02, 5.20200012e+02,
    3.25564941e+02, 5.20352722e+02, 3.51828064e+02, 5.20421570e+02,
    2.18460281e+02, 5.44851868e+02, 2.45126114e+02, 5.44930115e+02,
    2.71662079e+02, 5.45018616e+02, 2.98103668e+02, 5.45123962e+02,
    3.24411835e+02, 5.45218140e+02, 3.50672302e+02, 5.45255066e+02,
    2.17278214e+02, 5.70021606e+02, 2.43773407e+02, 5.70122437e+02,
    2.70473877e+02, 5.70136658e+02, 2.97088440e+02, 5.70151123e+02,
    3.23424988e+02, 5.70155151e+02, 3.49716248e+02, 5.70144104e+02,
    2.16252228e+02, 5.95324951e+02, 2.42880005e+02, 5.95289490e+02,
    2.69422363e+02, 5.95293884e+02, 2.95878418e+02, 5.95219116e+02,
    3.22393494e+02, 5.95216919e+02, 3.48799469e+02, 5.95123413e+02,
    2.15011520e+02, 6.20586365e+02, 2.41792801e+02, 6.20497864e+02,
    2.68496704e+02, 6.20374756e+02, 2.94982819e+02, 6.20321045e+02,
    3.21507172e+02, 6.20153259e+02, 3.47820007e+02, 6.20066040e+02 ]
