%YAML:1.0
---
points: [ 2.63621307e+02, 1.72729492e+02, 2.90500519e+02, 1.72736618e+02,
    3.17510712e+02, 1.72915421e+02, 3.44313812e+02, 1.73158401e+02,
    3.71224609e+02, 1.73405365e+02, 3.97913849e+02, 1.73615173e+02,
    2.66892487e+02, 1.99766159e+02, 2.93829529e+02, 1.99907516e+02,
    3.20757416e+02, 2.00036362e+02, 3.47416382e+02, 2.00169128e+02,
    3.74200775e+02, 2.00357605e+02, 4.00706238e+02, 2.00583267e+02,
    2.70085144e+02, 2.26666000e+02, 2.97029846e+02, 2.26647430e+02,
    3.23541199e+02, 2.26681870e+02, 3.50064941e+02, 2.26738754e+02,
    3.76610291e+02, 2.26848663e+02, 4.03102448e+02, 2.26930115e+02,
    2.72765564e+02, 2.53126175e+02, 2.99596344e+02, 2.53097717e+02,
    3.26197906e+02, 2.53078903e+02, 3.52692200e+02, 2.53159897e+02,
    3.79293732e+02, 2.53176910e+02, 4.05633850e+02, 2.53236755e+02,
    2.75749146e+02, 2.79413849e+02, 3.02314697e+02, 2.79332764e+02,
    3.28656097e+02, 2.79319153e+02, 3.55159454e+02, 2.79272705e+02,
    3.81604736e+02, 2.79255737e+02, 4.07881226e+02, 2.79310944e+02,
    2.78559570e+02, 3.05501801e+02, 3.04953156e+02, 3.05459839e+02,
    3.31434692e+02, 3.05336212e+02, 3.57745422e+02, 3.05218567e+02,
    3.84287872e+02, 3.05208405e+02, 4.10397400e+02, 3.05168091e+02,
    2.81441559e+02, 3.31441956e+02, 3.07693970e+02, 3.31200653e+02,
    3.34014313e+02, 3.31072632e+02, 3.60350464e+02, 3.30989044e+02,
    3.86538086e+02, 3.30925690e+02, 4.12706665e+02, 3.30914368e+02,
    2.84405060e+02, 3.57041565e+02, 3.10656525e+02, 3.56969391e+02,
    3.36977997e+02, 3.56752747e+02, 3.63109375e+02, 3.56646698e+02,
    3.89209564e+02, 3.56523254e+02, 4.15215576e+02, 3.56395538e+02 ]
