%YAML:1.0
---
points: [ 2.97648869e+01, 2.34940674e+02, 3.08172741e+01, 2.26265594e+02,
    3.18902435e+01, 2.17842972e+02, 3.28361282e+01, 2.09224075e+02,
    3.38932800e+01, 2.00821747e+02, 3.49993973e+01, 1.92319580e+02,
    3.83637848e+01, 2.35580704e+02, 3.92928886e+01, 2.27104950e+02,
    4.02616692e+01, 2.18494080e+02, 4.13505440e+01, 2.10019943e+02,
    4.23136902e+01, 2.01490585e+02, 4.33434219e+01, 1.93090118e+02,
    4.66736565e+01, 2.36392487e+02, 4.77297478e+01, 2.27739319e+02,
    4.86550751e+01, 2.19212601e+02, 4.96643829e+01, 2.10692276e+02,
    5.06454086e+01, 2.02229034e+02, 5.16514740e+01, 1.93734009e+02,
    5.52034416e+01, 2.36956894e+02, 5.61028976e+01, 2.28556824e+02,
    5.70935669e+01, 2.19851120e+02, 5.80940666e+01, 2.11531250e+02,
    5.90528831e+01, 2.02815414e+02, 6.00854111e+01, 1.94456345e+02,
    6.36444321e+01, 2.37769791e+02, 6.45353546e+01, 2.29189941e+02,
    6.55687866e+01, 2.20674347e+02, 6.65380478e+01, 2.12064896e+02,
    6.75034409e+01, 2.03614395e+02, 6.84678802e+01, 1.95075226e+02,
    7.21785965e+01, 2.38536041e+02, 7.31294937e+01, 2.29896637e+02,
    7.41688614e+01, 2.21289566e+02, 7.50357513e+01, 2.12802124e+02,
    7.61071548e+01, 2.04333466e+02, 7.70194702e+01, 1.95840210e+02,
    8.07821808e+01, 2.39164017e+02, 8.17807693e+01, 2.30628281e+02,
    8.27124405e+01, 2.21985825e+02, 8.37035217e+01, 2.13551849e+02,
    8.46641159e+01, 2.04954666e+02, 8.55664825e+01, 1.96541733e+02,
    8.94698639e+01, 2.39754227e+02, 9.03949509e+01, 2.31339386e+02,
    9.13993607e+01, 2.22699066e+02, 9.22772064e+01, 2.14246094e+02,
    9.32894440e+01, 2.05645584e+02, 9.41628494e+01, 1.97241287e+02 ]
