%YAML:1.0
---
points: [ 2.63370941e+02, 2.94010773e+02, 2.64160370e+02, 3.05056244e+02,
    2.64861816e+02, 3.16051392e+02, 2.65644440e+02, 3.26850220e+02,
    2.66391479e+02, 3.37414703e+02, 2.67256042e+02, 3.47776245e+02,
    2.51835876e+02, 2.94048401e+02, 2.52654343e+02, 3.05029419e+02,
    2.53506546e+02, 3.15930389e+02, 2.54292496e+02, 3.26757416e+02,
    2.55058044e+02, 3.37371338e+02, 2.55817566e+02, 3.47697388e+02,
    2.40452942e+02, 2.94095551e+02, 2.41306442e+02, 3.05080597e+02,
    2.42178757e+02, 3.15990173e+02, 2.43029190e+02, 3.26671173e+02,
    2.43872696e+02, 3.37301819e+02, 2.44764771e+02, 3.47677917e+02,
    2.29169479e+02, 2.94260498e+02, 2.30021545e+02, 3.05252594e+02,
    2.30927216e+02, 3.16132629e+02, 2.31836075e+02, 3.26699768e+02,
    2.32750336e+02, 3.37237183e+02, 2.33701767e+02, 3.47521942e+02,
    2.17901413e+02, 2.94481537e+02, 2.18890930e+02, 3.05337433e+02,
    2.19782379e+02, 3.16160187e+02, 2.20742157e+02, 3.26662903e+02,
    2.21714386e+02, 3.37191833e+02, 2.22680557e+02, 3.47532349e+02,
    2.06712662e+02, 2.94671051e+02, 2.07717133e+02, 3.05401001e+02,
    2.08725952e+02, 3.16174988e+02, 2.09748306e+02, 3.26663696e+02,
    2.10757004e+02, 3.37233490e+02, 2.11768372e+02, 3.47469574e+02,
    1.95653885e+02, 2.94786102e+02, 1.96670273e+02, 3.05515350e+02,
    1.97738647e+02, 3.16261292e+02, 1.98802399e+02, 3.26714050e+02,
    1.99870316e+02, 3.37211731e+02, 2.00912643e+02, 3.47466949e+02,
    1.84618073e+02, 2.95015625e+02, 1.85794266e+02, 3.05708496e+02,
    1.86929749e+02, 3.16281769e+02, 1.88015106e+02, 3.26712494e+02,
    1.89161407e+02, 3.37174683e+02, 1.90161621e+02, 3.47452545e+02 ]
