%YAML:1.0
---
points: [ 7.11545166e+02, 9.65339722e+02, 7.08158752e+02, 9.37914062e+02,
    7.04946228e+02, 9.10291870e+02, 7.01455627e+02, 8.82299561e+02,
    6.97905090e+02, 8.54164795e+02, 6.94464111e+02, 8.25219604e+02,
    7.41222839e+02, 9.66117859e+02, 7.38107605e+02, 9.38751587e+02,
    7.34731262e+02, 9.11105042e+02, 7.31737854e+02, 8.83142578e+02,
    7.28381653e+02, 8.54690491e+02, 7.24927917e+02, 8.25770569e+02,
    7.71145142e+02, 9.67006287e+02, 7.68268494e+02, 9.39531860e+02,
    7.65225342e+02, 9.11910278e+02, 7.62109375e+02, 8.83806335e+02,
    7.58955872e+02, 8.55443176e+02, 7.55775330e+02, 8.26469849e+02,
    8.01359558e+02, 9.67859863e+02, 7.98431702e+02, 9.40445312e+02,
    7.95656311e+02, 9.12714966e+02, 7.92721130e+02, 8.84624329e+02,
    7.90022949e+02, 8.55909729e+02, 7.87022400e+02, 8.26778992e+02,
    8.31687439e+02, 9.69056030e+02, 8.28943726e+02, 9.41466675e+02,
    8.26496948e+02, 9.13609619e+02, 8.23607422e+02, 8.85466248e+02,
    8.21238892e+02, 8.56518921e+02, 8.18423584e+02, 8.27383545e+02,
    8.62092651e+02, 9.70024231e+02, 8.59679443e+02, 9.42463196e+02,
    8.57288269e+02, 9.14495789e+02, 8.54805481e+02, 8.86179626e+02,
    8.52514709e+02, 8.57096252e+02, 8.49999939e+02, 8.27768188e+02,
    8.92680542e+02, 9.71014099e+02, 8.90539917e+02, 9.43542297e+02,
    8.88411682e+02, 9.15453674e+02, 8.86215820e+02, 8.86917603e+02,
    8.84023438e+02, 8.58104004e+02, 8.81627380e+02, 8.28475769e+02,
    9.23762268e+02, 9.72136841e+02, 9.21973022e+02, 9.44608215e+02,
    9.19682861e+02, 9.16692017e+02, 9.17798340e+02, 8.88174500e+02,
    9.15776672e+02, 8.59201721e+02, 9.13800476e+02, 8.29322266e+02 ]
