%YAML:1.0
---
points: [ 5.11946655e+02, 3.92446777e+02, 5.38024658e+02, 3.92676605e+02,
    5.64346436e+02, 3.93160309e+02, 5.90085999e+02, 3.93367950e+02,
    6.15976196e+02, 3.93700836e+02, 6.41639282e+02, 3.94069580e+02,
    5.13612244e+02, 4.17716949e+02, 5.39591553e+02, 4.18050201e+02,
    5.65688721e+02, 4.18341156e+02, 5.91377502e+02, 4.18505219e+02,
    6.17048096e+02, 4.18658081e+02, 6.42702271e+02, 4.18974304e+02,
    5.15264099e+02, 4.42806580e+02, 5.41031860e+02, 4.42994446e+02,
    5.66823975e+02, 4.43211334e+02, 5.92505615e+02, 4.43393372e+02,
    6.18157593e+02, 4.43546173e+02, 6.43572021e+02, 4.43641083e+02,
    5.16502197e+02, 4.67520905e+02, 5.42451355e+02, 4.67649841e+02,
    5.68029663e+02, 4.67787231e+02, 5.93543701e+02, 4.67886871e+02,
    6.19020630e+02, 4.68005768e+02, 6.44438904e+02, 4.68051605e+02,
    5.17752136e+02, 4.92383209e+02, 5.43574341e+02, 4.92426178e+02,
    5.69297791e+02, 4.92457947e+02, 5.94699158e+02, 4.92480957e+02,
    6.19995361e+02, 4.92474365e+02, 6.45258667e+02, 4.92505554e+02,
    5.18958069e+02, 5.16943115e+02, 5.44615051e+02, 5.16987244e+02,
    5.70303101e+02, 5.16900146e+02, 5.95727722e+02, 5.16872498e+02,
    6.21042786e+02, 5.16821289e+02, 6.46096741e+02, 5.16802795e+02,
    5.20502441e+02, 5.41314880e+02, 5.45921387e+02, 5.41138184e+02,
    5.71373535e+02, 5.41110535e+02, 5.96593323e+02, 5.40954895e+02,
    6.21858826e+02, 5.40844360e+02, 6.47042480e+02, 5.40748718e+02,
    5.21872559e+02, 5.65515991e+02, 5.47378235e+02, 5.65406311e+02,
    5.72581665e+02, 5.65267273e+02, 5.97717651e+02, 5.65005676e+02,
    6.22810242e+02, 5.64869080e+02, 6.47876648e+02, 5.64679382e+02 ]
