%YAML:1.0
---
points: [ 1.93245667e+02, 3.53188599e+02, 1.92159821e+02, 3.43705109e+02,
    1.91019302e+02, 3.34243530e+02, 1.89878937e+02, 3.24449493e+02,
    1.88693909e+02, 3.14680267e+02, 1.87494324e+02, 3.04737091e+02,
    2.03651199e+02, 3.53365479e+02, 2.02565582e+02, 3.43954407e+02,
    2.01459076e+02, 3.34410400e+02, 2.00409882e+02, 3.24710327e+02,
    1.99319397e+02, 3.14842377e+02, 1.98235489e+02, 3.04824219e+02,
    2.14137604e+02, 3.53622192e+02, 2.13130692e+02, 3.44277802e+02,
    2.12102325e+02, 3.34577454e+02, 2.11110336e+02, 3.24942474e+02,
    2.10057800e+02, 3.15088684e+02, 2.09047302e+02, 3.04952637e+02,
    2.24694366e+02, 3.53921356e+02, 2.23734131e+02, 3.44393982e+02,
    2.22793884e+02, 3.34789612e+02, 2.21903442e+02, 3.25138763e+02,
    2.20896423e+02, 3.15125549e+02, 2.19941544e+02, 3.04972443e+02,
    2.35285095e+02, 3.54250641e+02, 2.34408966e+02, 3.44702728e+02,
    2.33478958e+02, 3.35090637e+02, 2.32670609e+02, 3.25291321e+02,
    2.31832275e+02, 3.15263153e+02, 2.30970749e+02, 3.05103577e+02,
    2.45926361e+02, 3.54451965e+02, 2.45174362e+02, 3.44992035e+02,
    2.44373428e+02, 3.35312622e+02, 2.43553604e+02, 3.25457947e+02,
    2.42786972e+02, 3.15305023e+02, 2.42015518e+02, 3.05120087e+02,
    2.56606018e+02, 3.54729279e+02, 2.55985718e+02, 3.45283661e+02,
    2.55270752e+02, 3.35520386e+02, 2.54547318e+02, 3.25629059e+02,
    2.53857391e+02, 3.15503662e+02, 2.53193771e+02, 3.05220825e+02,
    2.67715210e+02, 3.55125824e+02, 2.66923615e+02, 3.45526306e+02,
    2.66319366e+02, 3.35865051e+02, 2.65689728e+02, 3.26036896e+02,
    2.64993011e+02, 3.15839905e+02, 2.64373779e+02, 3.05488586e+02 ]
