%YAML:1.0
---
points: [ 9.08724365e+01, 2.72891174e+02, 9.13989868e+01, 2.65656250e+02,
    9.18226089e+01, 2.58484711e+02, 9.23497849e+01, 2.51137558e+02,
    9.28193817e+01, 2.43926559e+02, 9.33076172e+01, 2.36686844e+02,
    9.82241287e+01, 2.73283661e+02, 9.87163696e+01, 2.66027283e+02,
    9.91171188e+01, 2.58841400e+02, 9.96942825e+01, 2.51673401e+02,
    1.00069939e+02, 2.44447815e+02, 1.00612953e+02, 2.37160553e+02,
    1.05544388e+02, 2.73808868e+02, 1.05880386e+02, 2.66553619e+02,
    1.06403992e+02, 2.59326111e+02, 1.06846336e+02, 2.51971634e+02,
    1.07280914e+02, 2.44854340e+02, 1.07741089e+02, 2.37669678e+02,
    1.12655754e+02, 2.74224640e+02, 1.13052940e+02, 2.66968445e+02,
    1.13602104e+02, 2.59739990e+02, 1.13940231e+02, 2.52574310e+02,
    1.14508469e+02, 2.45314651e+02, 1.14952591e+02, 2.37972473e+02,
    1.19808998e+02, 2.74731567e+02, 1.20275177e+02, 2.67461792e+02,
    1.20751389e+02, 2.60202087e+02, 1.21263702e+02, 2.52937164e+02,
    1.21769638e+02, 2.45769730e+02, 1.22180870e+02, 2.38498474e+02,
    1.27047195e+02, 2.75104401e+02, 1.27536446e+02, 2.67910797e+02,
    1.28038940e+02, 2.60662964e+02, 1.28517349e+02, 2.53437637e+02,
    1.28931900e+02, 2.46203384e+02, 1.29443176e+02, 2.38930649e+02,
    1.34293549e+02, 2.75595428e+02, 1.34800964e+02, 2.68334991e+02,
    1.35262558e+02, 2.61108490e+02, 1.35734497e+02, 2.53834976e+02,
    1.36227295e+02, 2.46644043e+02, 1.36681244e+02, 2.39398117e+02,
    1.41565857e+02, 2.76082458e+02, 1.42078598e+02, 2.68769257e+02,
    1.42511566e+02, 2.61511597e+02, 1.43045349e+02, 2.54299103e+02,
    1.43437134e+02, 2.47015244e+02, 1.43991928e+02, 2.39879776e+02 ]
