%YAML:1.0
---
points: [ 1.15546069e+03, 8.26012024e+02, 1.15588672e+03, 8.56893677e+02,
    1.15630786e+03, 8.86908508e+02, 1.15655811e+03, 9.16472961e+02,
    1.15677295e+03, 9.45280151e+02, 1.15706384e+03, 9.73644287e+02,
    1.12139636e+03, 8.27637024e+02, 1.12190674e+03, 8.58341187e+02,
    1.12256079e+03, 8.88342468e+02, 1.12320837e+03, 9.17855042e+02,
    1.12361267e+03, 9.46854553e+02, 1.12417749e+03, 9.75485413e+02,
    1.08721460e+03, 8.29283936e+02, 1.08819263e+03, 8.59966858e+02,
    1.08919055e+03, 8.90247009e+02, 1.08999475e+03, 9.19672913e+02,
    1.09082080e+03, 9.48683472e+02, 1.09162500e+03, 9.77126221e+02,
    1.05332642e+03, 8.31157043e+02, 1.05447144e+03, 8.61702515e+02,
    1.05558801e+03, 8.91949402e+02, 1.05681250e+03, 9.21499084e+02,
    1.05795557e+03, 9.50358032e+02, 1.05901709e+03, 9.79078491e+02,
    1.01924078e+03, 8.33305298e+02, 1.02081451e+03, 8.63667603e+02,
    1.02212585e+03, 8.93523743e+02, 1.02341809e+03, 9.23163635e+02,
    1.02489795e+03, 9.52278564e+02, 1.02631445e+03, 9.80906982e+02,
    9.85352661e+02, 8.35102783e+02, 9.86934570e+02, 8.65598755e+02,
    9.88618774e+02, 8.95626648e+02, 9.90336975e+02, 9.24902527e+02,
    9.91841736e+02, 9.54093262e+02, 9.93536743e+02, 9.82588928e+02,
    9.51138855e+02, 8.36910339e+02, 9.53282715e+02, 8.67236633e+02,
    9.55018311e+02, 8.97378601e+02, 9.57080139e+02, 9.26923950e+02,
    9.58986816e+02, 9.55950684e+02, 9.60618103e+02, 9.84860352e+02,
    9.17321411e+02, 8.38806946e+02, 9.19442444e+02, 8.69371094e+02,
    9.21687805e+02, 8.99158936e+02, 9.23810059e+02, 9.28666260e+02,
    9.25847229e+02, 9.57912964e+02, 9.27998108e+02, 9.86663818e+02 ]
