%YAML:1.0
---
points: [ 5.19708496e+02, 3.33113739e+02, 5.45849609e+02, 3.33469727e+02,
    5.72162903e+02, 3.33752045e+02, 5.97977905e+02, 3.34165009e+02,
    6.23947083e+02, 3.34449615e+02, 6.49760620e+02, 3.34642517e+02,
    5.21740051e+02, 3.58735748e+02, 5.47787659e+02, 3.59094788e+02,
    5.73796997e+02, 3.59367126e+02, 5.99577942e+02, 3.59583740e+02,
    6.25198669e+02, 3.59776398e+02, 6.50849731e+02, 3.60095520e+02,
    5.23377441e+02, 3.84186066e+02, 5.49322144e+02, 3.84388458e+02,
    5.75285156e+02, 3.84599030e+02, 6.00953796e+02, 3.84799988e+02,
    6.26603394e+02, 3.84973541e+02, 6.52040466e+02, 3.85208740e+02,
    5.24750916e+02, 4.09338348e+02, 5.50635620e+02, 4.09423676e+02,
    5.76431152e+02, 4.09531067e+02, 6.02101318e+02, 4.09669373e+02,
    6.27657776e+02, 4.09792084e+02, 6.53165833e+02, 4.09928467e+02,
    5.26417297e+02, 4.34433533e+02, 5.52232849e+02, 4.34462097e+02,
    5.77697937e+02, 4.34551941e+02, 6.03278931e+02, 4.34579559e+02,
    6.28633484e+02, 4.34610138e+02, 6.54105408e+02, 4.34646484e+02,
    5.27738159e+02, 4.59395630e+02, 5.53537354e+02, 4.59411652e+02,
    5.79206909e+02, 4.59372589e+02, 6.04549927e+02, 4.59426971e+02,
    6.29752686e+02, 4.59373352e+02, 6.55025085e+02, 4.59379944e+02,
    5.29282227e+02, 4.83924591e+02, 5.54838867e+02, 4.83893097e+02,
    5.80415649e+02, 4.83856262e+02, 6.05706543e+02, 4.83809265e+02,
    6.30873291e+02, 4.83758118e+02, 6.56023743e+02, 4.83673126e+02,
    5.30838928e+02, 5.08454590e+02, 5.56305786e+02, 5.08387787e+02,
    5.81595947e+02, 5.08297638e+02, 6.06852173e+02, 5.08168091e+02,
    6.32045105e+02, 5.07958008e+02, 6.57009827e+02, 5.07851105e+02 ]
