%YAML:1.0
---
points: [ 3.49415070e+02, 3.03729584e+02, 3.49497620e+02, 3.14468079e+02,
    3.49556030e+02, 3.24896667e+02, 3.49521698e+02, 3.35139648e+02,
    3.49432800e+02, 3.44998230e+02, 3.49525818e+02, 3.54733124e+02,
    3.37488312e+02, 3.04348450e+02, 3.37633545e+02, 3.15050934e+02,
    3.37824799e+02, 3.25505920e+02, 3.37922974e+02, 3.35682648e+02,
    3.38015533e+02, 3.45718475e+02, 3.37931396e+02, 3.55538055e+02,
    3.25685272e+02, 3.05059906e+02, 3.25922516e+02, 3.15631653e+02,
    3.26171875e+02, 3.26216400e+02, 3.26381714e+02, 3.36374939e+02,
    3.26540649e+02, 3.46430054e+02, 3.26768860e+02, 3.56296631e+02,
    3.13823944e+02, 3.05788239e+02, 3.14172363e+02, 3.16410858e+02,
    3.14517395e+02, 3.26972290e+02, 3.14815308e+02, 3.37186523e+02,
    3.15128937e+02, 3.47204956e+02, 3.15350861e+02, 3.57068115e+02,
    3.02060760e+02, 3.06573029e+02, 3.02406433e+02, 3.17174591e+02,
    3.02862152e+02, 3.27627686e+02, 3.03242157e+02, 3.37865814e+02,
    3.03639862e+02, 3.47921722e+02, 3.03996216e+02, 3.57803284e+02,
    2.90132385e+02, 3.07317230e+02, 2.90695862e+02, 3.18005585e+02,
    2.91169342e+02, 3.28384003e+02, 2.91695801e+02, 3.38549713e+02,
    2.92157745e+02, 3.48599091e+02, 2.92666016e+02, 3.58562714e+02,
    2.78308960e+02, 3.08056244e+02, 2.78924438e+02, 3.18592621e+02,
    2.79521698e+02, 3.29086670e+02, 2.80067169e+02, 3.39332733e+02,
    2.80707367e+02, 3.49420471e+02, 2.81247711e+02, 3.59343048e+02,
    2.66454926e+02, 3.08796234e+02, 2.67188507e+02, 3.19358246e+02,
    2.67872955e+02, 3.29772156e+02, 2.68564575e+02, 3.40021118e+02,
    2.69291840e+02, 3.50167969e+02, 2.69840271e+02, 3.60141693e+02 ]
