%YAML:1.0
---
points: [ 1.16920068e+03, 6.84566040e+02, 1.16939978e+03, 7.16595764e+02,
    1.16955469e+03, 7.47684265e+02, 1.16964038e+03, 7.78154236e+02,
    1.16972729e+03, 8.08257324e+02, 1.16987207e+03, 8.37745178e+02,
    1.13448376e+03, 6.85960754e+02, 1.13507031e+03, 7.17721863e+02,
    1.13552844e+03, 7.48989746e+02, 1.13610168e+03, 7.79509888e+02,
    1.13649121e+03, 8.09472046e+02, 1.13684729e+03, 8.39133850e+02,
    1.10031885e+03, 6.87442932e+02, 1.10105518e+03, 7.19038696e+02,
    1.10172986e+03, 7.50445068e+02, 1.10249207e+03, 7.81013000e+02,
    1.10330688e+03, 8.11144043e+02, 1.10395557e+03, 8.40455566e+02,
    1.06603699e+03, 6.89123962e+02, 1.06706897e+03, 7.20813599e+02,
    1.06822961e+03, 7.51970276e+02, 1.06932874e+03, 7.82444031e+02,
    1.07011682e+03, 8.12529663e+02, 1.07122961e+03, 8.42012512e+02,
    1.03196667e+03, 6.90912842e+02, 1.03315454e+03, 7.22477173e+02,
    1.03442578e+03, 7.53568726e+02, 1.03579749e+03, 7.83918823e+02,
    1.03718311e+03, 8.13803345e+02, 1.03833826e+03, 8.43545288e+02,
    9.97567688e+02, 6.92633423e+02, 9.99247131e+02, 7.24199463e+02,
    1.00086230e+03, 7.55076111e+02, 1.00241455e+03, 7.85539734e+02,
    1.00389612e+03, 8.15429565e+02, 1.00562744e+03, 8.45128845e+02,
    9.63615295e+02, 6.94175293e+02, 9.65412598e+02, 7.25572144e+02,
    9.67260559e+02, 7.56494263e+02, 9.69213684e+02, 7.87037231e+02,
    9.70906433e+02, 8.17178894e+02, 9.72641907e+02, 8.46616272e+02,
    9.29410278e+02, 6.95842346e+02, 9.31736328e+02, 7.27377747e+02,
    9.33647827e+02, 7.58166687e+02, 9.35932678e+02, 7.88474365e+02,
    9.37923889e+02, 8.18542114e+02, 9.40020874e+02, 8.48461304e+02 ]
