%YAML:1.0
---
points: [ 5.14567871e+02, 2.34673904e+02, 5.41033447e+02, 2.35082245e+02,
    5.67665710e+02, 2.35360794e+02, 5.94074829e+02, 2.35666183e+02,
    6.20376892e+02, 2.36186768e+02, 6.46631409e+02, 2.36497055e+02,
    5.16950989e+02, 2.61401489e+02, 5.43400513e+02, 2.61615448e+02,
    5.69733093e+02, 2.61863983e+02, 5.95858765e+02, 2.62257843e+02,
    6.21956299e+02, 2.62448517e+02, 6.48128479e+02, 2.62726868e+02,
    5.18736267e+02, 2.87516449e+02, 5.45166565e+02, 2.87681976e+02,
    5.71369690e+02, 2.88036957e+02, 5.97461670e+02, 2.88318970e+02,
    6.23475342e+02, 2.88486115e+02, 6.49444153e+02, 2.88612854e+02,
    5.20756714e+02, 3.13598419e+02, 5.47023071e+02, 3.13694641e+02,
    5.73061096e+02, 3.13896423e+02, 5.99121643e+02, 3.14100250e+02,
    6.24894287e+02, 3.14290039e+02, 6.50681641e+02, 3.14392944e+02,
    5.22584106e+02, 3.39489807e+02, 5.48814148e+02, 3.39562958e+02,
    5.74695068e+02, 3.39618469e+02, 6.00668457e+02, 3.39678223e+02,
    6.26518372e+02, 3.39822144e+02, 6.52197388e+02, 3.39901215e+02,
    5.24301147e+02, 3.65200226e+02, 5.50440674e+02, 3.65283386e+02,
    5.76341919e+02, 3.65341949e+02, 6.02233093e+02, 3.65360199e+02,
    6.27845825e+02, 3.65392181e+02, 6.53507385e+02, 3.65433258e+02,
    5.26440674e+02, 3.90575806e+02, 5.52377869e+02, 3.90553162e+02,
    5.77987549e+02, 3.90602509e+02, 6.03501709e+02, 3.90561157e+02,
    6.29282776e+02, 3.90591675e+02, 6.54739075e+02, 3.90499268e+02,
    5.28158630e+02, 4.15672699e+02, 5.54089844e+02, 4.15636810e+02,
    5.79683289e+02, 4.15572357e+02, 6.05305237e+02, 4.15499054e+02,
    6.30603943e+02, 4.15391022e+02, 6.55970947e+02, 4.15329254e+02 ]
