%YAML:1.0
---
points: [ 3.53905884e+02, 2.54397675e+02, 3.53943604e+02, 2.65567810e+02,
    3.53955414e+02, 2.76406342e+02, 3.53874664e+02, 2.87128967e+02,
    3.53824188e+02, 2.97446381e+02, 3.53753784e+02, 3.07708862e+02,
    3.41722382e+02, 2.55030075e+02, 3.41844238e+02, 2.66119110e+02,
    3.42034210e+02, 2.76939270e+02, 3.42127991e+02, 2.87585419e+02,
    3.42191864e+02, 2.98098389e+02, 3.42178589e+02, 3.08320862e+02,
    3.29734283e+02, 2.55567612e+02, 3.30032104e+02, 2.66655579e+02,
    3.30200439e+02, 2.77518463e+02, 3.30345734e+02, 2.88223114e+02,
    3.30497223e+02, 2.98643463e+02, 3.30733673e+02, 3.08976654e+02,
    3.17765717e+02, 2.56282166e+02, 3.18149994e+02, 2.67350800e+02,
    3.18376404e+02, 2.78172974e+02, 3.18672913e+02, 2.88776306e+02,
    3.19100006e+02, 2.99274994e+02, 3.19331879e+02, 3.09550476e+02,
    3.05879608e+02, 2.56939941e+02, 3.06318085e+02, 2.67972168e+02,
    3.06656494e+02, 2.78814667e+02, 3.07111877e+02, 2.89352020e+02,
    3.07420929e+02, 2.99819183e+02, 3.07835510e+02, 3.10229736e+02,
    2.93983429e+02, 2.57668152e+02, 2.94424072e+02, 2.68619720e+02,
    2.94987976e+02, 2.79389893e+02, 2.95443268e+02, 2.89964600e+02,
    2.95910309e+02, 3.00418396e+02, 2.96416321e+02, 3.10813965e+02,
    2.82065247e+02, 2.58263458e+02, 2.82632935e+02, 2.69222565e+02,
    2.83210358e+02, 2.80002533e+02, 2.83784912e+02, 2.90540192e+02,
    2.84441284e+02, 3.01095642e+02, 2.84942017e+02, 3.11414673e+02,
    2.70216797e+02, 2.58887970e+02, 2.70899933e+02, 2.69843567e+02,
    2.71597015e+02, 2.80662170e+02, 2.72249725e+02, 2.91143829e+02,
    2.72879211e+02, 3.01671783e+02, 2.73620331e+02, 3.12062256e+02 ]
