%YAML:1.0
---
points: [ 1.95231369e+02, 2.13411591e+02, 1.95655090e+02, 2.06316971e+02,
    1.96180893e+02, 1.98783554e+02, 1.96507919e+02, 1.91747849e+02,
    1.97064789e+02, 1.84307312e+02, 1.97507584e+02, 1.77196594e+02,
    2.02463821e+02, 2.13912186e+02, 2.02876297e+02, 2.06647232e+02,
    2.03387802e+02, 1.99308517e+02, 2.03877548e+02, 1.92301712e+02,
    2.04304733e+02, 1.84962265e+02, 2.04955872e+02, 1.77662872e+02,
    2.09673111e+02, 2.14392838e+02, 2.10230026e+02, 2.07107666e+02,
    2.10539398e+02, 1.99912277e+02, 2.11197464e+02, 1.92630249e+02,
    2.11595490e+02, 1.85459702e+02, 2.12125412e+02, 1.78276474e+02,
    2.16968597e+02, 2.14697617e+02, 2.17343506e+02, 2.07511871e+02,
    2.17872559e+02, 2.00425598e+02, 2.18393188e+02, 1.93186371e+02,
    2.18751450e+02, 1.86173264e+02, 2.19234283e+02, 1.78855255e+02,
    2.24197632e+02, 2.15130768e+02, 2.24482071e+02, 2.08083328e+02,
    2.25084930e+02, 2.00745605e+02, 2.25511307e+02, 1.93800125e+02,
    2.25981964e+02, 1.86583206e+02, 2.26405075e+02, 1.79442947e+02,
    2.31137878e+02, 2.15473099e+02, 2.31551971e+02, 2.08495850e+02,
    2.32104904e+02, 2.01310745e+02, 2.32528168e+02, 1.94237076e+02,
    2.33021927e+02, 1.87175232e+02, 2.33455643e+02, 1.80064835e+02,
    2.38201447e+02, 2.15894547e+02, 2.38666107e+02, 2.09029144e+02,
    2.39213531e+02, 2.01747314e+02, 2.39557312e+02, 1.94808487e+02,
    2.40056641e+02, 1.87656998e+02, 2.40424377e+02, 1.80607590e+02,
    2.45120651e+02, 2.16314285e+02, 2.45338867e+02, 2.09181610e+02,
    2.46113480e+02, 2.02263947e+02, 2.46376450e+02, 1.95218445e+02,
    2.47079620e+02, 1.88210800e+02, 2.47367462e+02, 1.81126266e+02 ]
