%YAML:1.0
---
points: [ 6.64483215e+02, 1.46793320e+02, 6.90880798e+02, 1.47506348e+02,
    7.17349426e+02, 1.48154541e+02, 7.43373413e+02, 1.48728683e+02,
    7.69168945e+02, 1.49480301e+02, 7.94684937e+02, 1.50007568e+02,
    6.66214661e+02, 1.74007080e+02, 6.92612000e+02, 1.74625443e+02,
    7.18757141e+02, 1.75177933e+02, 7.44637878e+02, 1.75665787e+02,
    7.70380920e+02, 1.76228973e+02, 7.95877197e+02, 1.76568710e+02,
    6.68127441e+02, 2.00809036e+02, 6.94395020e+02, 2.01302048e+02,
    7.20441406e+02, 2.01642059e+02, 7.46010864e+02, 2.01866562e+02,
    7.71520386e+02, 2.02327408e+02, 7.96807251e+02, 2.02600159e+02,
    6.69739502e+02, 2.27280029e+02, 6.96024963e+02, 2.27579285e+02,
    7.21915833e+02, 2.27714905e+02, 7.47518677e+02, 2.27993881e+02,
    7.72753784e+02, 2.28311066e+02, 7.97972961e+02, 2.28466827e+02,
    6.71435120e+02, 2.53508652e+02, 6.97459778e+02, 2.53623138e+02,
    7.23318481e+02, 2.53796021e+02, 7.48715210e+02, 2.53851990e+02,
    7.74185913e+02, 2.53916245e+02, 7.99197144e+02, 2.53953796e+02,
    6.73299011e+02, 2.79450073e+02, 6.99118896e+02, 2.79517731e+02,
    7.24625793e+02, 2.79465790e+02, 7.50107056e+02, 2.79557495e+02,
    7.75348083e+02, 2.79471710e+02, 8.00260742e+02, 2.79427429e+02,
    6.74862244e+02, 3.05314240e+02, 7.00613892e+02, 3.05084137e+02,
    7.26210693e+02, 3.04978180e+02, 7.51371704e+02, 3.04912018e+02,
    7.76372314e+02, 3.04744476e+02, 8.01395325e+02, 3.04570435e+02,
    6.76500488e+02, 3.30710785e+02, 7.02141113e+02, 3.30477356e+02,
    7.27527588e+02, 3.30293976e+02, 7.52722046e+02, 3.30075806e+02,
    7.77553589e+02, 3.29744812e+02, 8.02321594e+02, 3.29528656e+02 ]
