%YAML:1.0
---
points: [ 3.69901031e+02, 6.86132202e+01, 3.69005707e+02, 8.22316055e+01,
    3.68100739e+02, 9.53217697e+01, 3.67165924e+02, 1.07946404e+02,
    3.66244568e+02, 1.20066185e+02, 3.65343475e+02, 1.31756180e+02,
    3.56303986e+02, 6.96767044e+01, 3.55630402e+02, 8.32001038e+01,
    3.55011108e+02, 9.63513412e+01, 3.54354523e+02, 1.08949440e+02,
    3.53611450e+02, 1.21069336e+02, 3.53006622e+02, 1.32726456e+02,
    3.42911072e+02, 7.07751312e+01, 3.42428070e+02, 8.42958755e+01,
    3.42079651e+02, 9.73600082e+01, 3.41570984e+02, 1.10044289e+02,
    3.41183716e+02, 1.22061485e+02, 3.40687195e+02, 1.33755142e+02,
    3.29558899e+02, 7.19183044e+01, 3.29307617e+02, 8.54690170e+01,
    3.29136658e+02, 9.85272217e+01, 3.28957245e+02, 1.11113243e+02,
    3.28671326e+02, 1.23115868e+02, 3.28418884e+02, 1.34763733e+02,
    3.16227997e+02, 7.31611633e+01, 3.16250916e+02, 8.66865005e+01,
    3.16296387e+02, 9.96067200e+01, 3.16306213e+02, 1.12115944e+02,
    3.16303436e+02, 1.24148155e+02, 3.16317505e+02, 1.35756851e+02,
    3.02894012e+02, 7.44128418e+01, 3.03205536e+02, 8.78441925e+01,
    3.03493439e+02, 1.00700676e+02, 3.03712433e+02, 1.13165054e+02,
    3.04057983e+02, 1.25128410e+02, 3.04233795e+02, 1.36708054e+02,
    2.89723785e+02, 7.54924774e+01, 2.90240631e+02, 8.89444580e+01,
    2.90811371e+02, 1.01861206e+02, 2.91255188e+02, 1.14193153e+02,
    2.91742645e+02, 1.26193878e+02, 2.92230042e+02, 1.37713165e+02,
    2.76614990e+02, 7.66164551e+01, 2.77383087e+02, 9.00469208e+01,
    2.78158875e+02, 1.02861183e+02, 2.78879089e+02, 1.15249138e+02,
    2.79550751e+02, 1.27112495e+02, 2.80252869e+02, 1.38693588e+02 ]
