%YAML:1.0
---
points: [ 3.71257721e+02, 3.09295563e+02, 3.71904968e+02, 3.21700623e+02,
    3.72459381e+02, 3.34144684e+02, 3.73022919e+02, 3.46435486e+02,
    3.73472565e+02, 3.58567719e+02, 3.74021790e+02, 3.70698822e+02,
    3.58606079e+02, 3.09567017e+02, 3.59304382e+02, 3.22020508e+02,
    3.60012329e+02, 3.34376282e+02, 3.60578857e+02, 3.46673431e+02,
    3.61106140e+02, 3.58947784e+02, 3.61477142e+02, 3.71091156e+02,
    3.46191223e+02, 3.09850159e+02, 3.46898529e+02, 3.22325928e+02,
    3.47496613e+02, 3.34740143e+02, 3.48211395e+02, 3.47123047e+02,
    3.48693817e+02, 3.59402405e+02, 3.49353455e+02, 3.71556854e+02,
    3.33863495e+02, 3.10300446e+02, 3.34495605e+02, 3.22667755e+02,
    3.35225342e+02, 3.35128021e+02, 3.35750763e+02, 3.47406799e+02,
    3.36480042e+02, 3.59662537e+02, 3.36873322e+02, 3.71891724e+02,
    3.21418152e+02, 3.10620270e+02, 3.22159698e+02, 3.23065186e+02,
    3.22767883e+02, 3.35397858e+02, 3.23416565e+02, 3.47701508e+02,
    3.23888763e+02, 3.59973572e+02, 3.24698425e+02, 3.72268890e+02,
    3.09210083e+02, 3.11056366e+02, 3.09788574e+02, 3.23366974e+02,
    3.10469391e+02, 3.35728607e+02, 3.11057556e+02, 3.48080109e+02,
    3.11739044e+02, 3.60418060e+02, 3.12207581e+02, 3.72558105e+02,
    2.96850555e+02, 3.11326782e+02, 2.97458435e+02, 3.23675903e+02,
    2.98088898e+02, 3.36057892e+02, 2.98772949e+02, 3.48398193e+02,
    2.99435547e+02, 3.60701019e+02, 2.99996094e+02, 3.72921997e+02,
    2.84636627e+02, 3.11692230e+02, 2.85259491e+02, 3.24013184e+02,
    2.85886017e+02, 3.36387787e+02, 2.86566925e+02, 3.48637695e+02,
    2.87163452e+02, 3.60952911e+02, 2.87703613e+02, 3.73300568e+02 ]
