%YAML:1.0
---
points: [ 6.45657104e+02, 1.98435883e+02, 6.72173645e+02, 1.99464828e+02,
    6.98289795e+02, 2.00640625e+02, 7.24006775e+02, 2.01745285e+02,
    7.49501587e+02, 2.02796738e+02, 7.74730408e+02, 2.03703384e+02,
    6.47165894e+02, 2.24931396e+02, 6.73411621e+02, 2.25857193e+02,
    6.99293396e+02, 2.26827621e+02, 7.24759033e+02, 2.27856430e+02,
    7.50333313e+02, 2.28637085e+02, 7.75474182e+02, 2.29594284e+02,
    6.48410828e+02, 2.51152313e+02, 6.74477539e+02, 2.51820435e+02,
    7.00379211e+02, 2.52686584e+02, 7.25741333e+02, 2.53545593e+02,
    7.50926636e+02, 2.54177948e+02, 7.76111328e+02, 2.54973007e+02,
    6.49519836e+02, 2.76899078e+02, 6.75504456e+02, 2.77513367e+02,
    7.01314331e+02, 2.78331268e+02, 7.26714417e+02, 2.78892365e+02,
    7.51682739e+02, 2.79488647e+02, 7.76570801e+02, 2.80166595e+02,
    6.50585876e+02, 3.02613617e+02, 6.76520325e+02, 3.03217987e+02,
    7.02182007e+02, 3.03621216e+02, 7.27488953e+02, 3.04167877e+02,
    7.52515869e+02, 3.04550903e+02, 7.77289978e+02, 3.05025330e+02,
    6.51814575e+02, 3.28117432e+02, 6.77564697e+02, 3.28510895e+02,
    7.03047668e+02, 3.28686951e+02, 7.28243042e+02, 3.29182953e+02,
    7.53222595e+02, 3.29442322e+02, 7.77804749e+02, 3.29707458e+02,
    6.53134949e+02, 3.53270447e+02, 6.78613403e+02, 3.53517548e+02,
    7.03947327e+02, 3.53815979e+02, 7.28895935e+02, 3.54008209e+02,
    7.53827515e+02, 3.54222717e+02, 7.78460938e+02, 3.54448425e+02,
    6.54159180e+02, 3.78125519e+02, 6.79775818e+02, 3.78260315e+02,
    7.04905212e+02, 3.78349640e+02, 7.29698853e+02, 3.78444824e+02,
    7.54455444e+02, 3.78520691e+02, 7.78986023e+02, 3.78661591e+02 ]
