%YAML:1.0
---
points: [ 4.34561859e+02, 3.13697296e+02, 4.34655304e+02, 3.24903625e+02,
    4.34620239e+02, 3.35665344e+02, 4.34586334e+02, 3.46713196e+02,
    4.34132965e+02, 3.57352753e+02, 4.33923706e+02, 3.68135590e+02,
    4.24231476e+02, 3.14324982e+02, 4.24401978e+02, 3.25371643e+02,
    4.24514465e+02, 3.36452118e+02, 4.24409607e+02, 3.47300323e+02,
    4.24340759e+02, 3.58298706e+02, 4.23959259e+02, 3.69017090e+02,
    4.13992828e+02, 3.14766754e+02, 4.14219299e+02, 3.25895996e+02,
    4.14300995e+02, 3.37068970e+02, 4.14407135e+02, 3.48119507e+02,
    4.14175598e+02, 3.59075562e+02, 4.14143066e+02, 3.70026550e+02,
    4.03722809e+02, 3.15308868e+02, 4.03895020e+02, 3.26502502e+02,
    4.04014984e+02, 3.37805115e+02, 4.04010529e+02, 3.48822937e+02,
    4.04110626e+02, 3.59952576e+02, 4.03835968e+02, 3.70888184e+02,
    3.93291321e+02, 3.15816040e+02, 3.93449249e+02, 3.27098053e+02,
    3.93618469e+02, 3.38343750e+02, 3.93743225e+02, 3.49607025e+02,
    3.93619537e+02, 3.60652679e+02, 3.93766785e+02, 3.71865509e+02,
    3.82698090e+02, 3.16344055e+02, 3.82886169e+02, 3.27639709e+02,
    3.83022705e+02, 3.38941162e+02, 3.83059479e+02, 3.50334961e+02,
    3.83240784e+02, 3.61449799e+02, 3.83085724e+02, 3.72687042e+02,
    3.71911377e+02, 3.16605774e+02, 3.72120117e+02, 3.28176666e+02,
    3.72257507e+02, 3.39537903e+02, 3.72519775e+02, 3.50930328e+02,
    3.72596405e+02, 3.62262299e+02, 3.72772644e+02, 3.73509460e+02,
    3.61156982e+02, 3.17227234e+02, 3.61281250e+02, 3.28574921e+02,
    3.61562714e+02, 3.40138794e+02, 3.61708099e+02, 3.51581970e+02,
    3.61881073e+02, 3.63004395e+02, 3.61884094e+02, 3.74403809e+02 ]
