%YAML:1.0
---
points: [ 3.21826172e+02, 1.58094299e+02, 3.29283752e+02, 1.58441437e+02,
    3.36802032e+02, 1.59011673e+02, 3.44207153e+02, 1.59485199e+02,
    3.51569000e+02, 1.59981903e+02, 3.58996490e+02, 1.60378723e+02,
    3.21207092e+02, 1.65601044e+02, 3.28678802e+02, 1.66182678e+02,
    3.36173553e+02, 1.66576050e+02, 3.43586151e+02, 1.67123550e+02,
    3.51088409e+02, 1.67522491e+02, 3.58453461e+02, 1.68047440e+02,
    3.20701477e+02, 1.73259338e+02, 3.28239532e+02, 1.73704865e+02,
    3.35614197e+02, 1.74241379e+02, 3.43137115e+02, 1.74605850e+02,
    3.50504211e+02, 1.75123398e+02, 3.57977814e+02, 1.75488968e+02,
    3.20272339e+02, 1.80797562e+02, 3.27688385e+02, 1.81288849e+02,
    3.35239044e+02, 1.81666595e+02, 3.42587585e+02, 1.82177246e+02,
    3.50076752e+02, 1.82563080e+02, 3.57427002e+02, 1.83028732e+02,
    3.19777527e+02, 1.88370804e+02, 3.27228485e+02, 1.88807877e+02,
    3.34708954e+02, 1.89293442e+02, 3.42180450e+02, 1.89664352e+02,
    3.49557098e+02, 1.90140823e+02, 3.57048004e+02, 1.90531250e+02,
    3.19324219e+02, 1.95933380e+02, 3.26840393e+02, 1.96387360e+02,
    3.34316742e+02, 1.96814651e+02, 3.41673615e+02, 1.97191132e+02,
    3.49175812e+02, 1.97707153e+02, 3.56483276e+02, 1.98118713e+02,
    3.18836060e+02, 2.03519684e+02, 3.26293213e+02, 2.03917435e+02,
    3.33676361e+02, 2.04389587e+02, 3.41244385e+02, 2.04737228e+02,
    3.48666199e+02, 2.05178650e+02, 3.56054535e+02, 2.05616318e+02,
    3.18407715e+02, 2.11010559e+02, 3.25868195e+02, 2.11413849e+02,
    3.33306854e+02, 2.11834396e+02, 3.40657745e+02, 2.12339569e+02,
    3.48194122e+02, 2.12686417e+02, 3.55534332e+02, 2.13159027e+02 ]
