%YAML:1.0
---
points: [ 5.01431274e+02, 1.73679764e+02, 4.99928864e+02, 1.85381454e+02,
    4.98370514e+02, 1.96600082e+02, 4.96718384e+02, 2.07651657e+02,
    4.95089325e+02, 2.18364456e+02, 4.93223755e+02, 2.28941544e+02,
    4.90294373e+02, 1.74250137e+02, 4.88772888e+02, 1.85649261e+02,
    4.87309631e+02, 1.97063202e+02, 4.85850372e+02, 2.07944534e+02,
    4.84181854e+02, 2.18960510e+02, 4.82579376e+02, 2.29560196e+02,
    4.78952332e+02, 1.74639435e+02, 4.77533569e+02, 1.86274704e+02,
    4.76211090e+02, 1.97542938e+02, 4.74807709e+02, 2.08706192e+02,
    4.73258057e+02, 2.19509415e+02, 4.71744537e+02, 2.30192368e+02,
    4.67524292e+02, 1.75222321e+02, 4.66245453e+02, 1.86696274e+02,
    4.64970490e+02, 1.98047287e+02, 4.63630005e+02, 2.09166824e+02,
    4.62211884e+02, 2.20081436e+02, 4.60875153e+02, 2.30705383e+02,
    4.55985138e+02, 1.75712753e+02, 4.54682587e+02, 1.87339233e+02,
    4.53404480e+02, 1.98615784e+02, 4.52146515e+02, 2.09767395e+02,
    4.50947510e+02, 2.20662323e+02, 4.49716003e+02, 2.31374054e+02,
    4.44213013e+02, 1.76420776e+02, 4.43078033e+02, 1.87770554e+02,
    4.41883453e+02, 1.99237045e+02, 4.40708984e+02, 2.10280945e+02,
    4.39491516e+02, 2.21286240e+02, 4.38458038e+02, 2.31832672e+02,
    4.32355835e+02, 1.76792023e+02, 4.31225525e+02, 1.88491577e+02,
    4.30184784e+02, 1.99689621e+02, 4.29178589e+02, 2.10866043e+02,
    4.28119049e+02, 2.21733368e+02, 4.27084747e+02, 2.32567978e+02,
    4.20252258e+02, 1.77565964e+02, 4.19358490e+02, 1.88894974e+02,
    4.18351105e+02, 2.00424423e+02, 4.17433411e+02, 2.11382248e+02,
    4.16552551e+02, 2.22438934e+02, 4.15742035e+02, 2.32986740e+02 ]
