%YAML:1.0
---
points: [ 8.60481995e+02, 4.14265686e+02, 8.84177612e+02, 4.14844238e+02,
    9.07531738e+02, 4.15491821e+02, 9.31094971e+02, 4.16276703e+02,
    9.54427979e+02, 4.16835327e+02, 9.77949219e+02, 4.17504974e+02,
    8.60264343e+02, 4.37824249e+02, 8.83758545e+02, 4.38458099e+02,
    9.07202820e+02, 4.38961029e+02, 9.30494385e+02, 4.39648865e+02,
    9.53788452e+02, 4.40253265e+02, 9.77203918e+02, 4.40756866e+02,
    8.59901672e+02, 4.61088440e+02, 8.83399048e+02, 4.61595032e+02,
    9.06704895e+02, 4.62205872e+02, 9.29915222e+02, 4.62809601e+02,
    9.53338318e+02, 4.63403778e+02, 9.76477417e+02, 4.64002472e+02,
    8.59645569e+02, 4.84336914e+02, 8.82967834e+02, 4.84921082e+02,
    9.06338867e+02, 4.85507538e+02, 9.29371582e+02, 4.85883820e+02,
    9.52725525e+02, 4.86530151e+02, 9.75824951e+02, 4.87003693e+02,
    8.59362915e+02, 5.07490143e+02, 8.82525452e+02, 5.07928986e+02,
    9.05783936e+02, 5.08457947e+02, 9.28884155e+02, 5.08919220e+02,
    9.52193970e+02, 5.09415039e+02, 9.75220154e+02, 5.10008240e+02,
    8.58956421e+02, 5.30384277e+02, 8.82216614e+02, 5.30847046e+02,
    9.05417847e+02, 5.31415283e+02, 9.28452576e+02, 5.32008484e+02,
    9.51481812e+02, 5.32489441e+02, 9.74559387e+02, 5.32926147e+02,
    8.58700867e+02, 5.53257996e+02, 8.81817749e+02, 5.53761597e+02,
    9.04906921e+02, 5.54296997e+02, 9.27858826e+02, 5.54680664e+02,
    9.50809021e+02, 5.55228821e+02, 9.73877808e+02, 5.55618591e+02,
    8.58511658e+02, 5.75794556e+02, 8.81463379e+02, 5.76389038e+02,
    9.04490234e+02, 5.76735168e+02, 9.27494324e+02, 5.77311707e+02,
    9.50295898e+02, 5.77675171e+02, 9.73371704e+02, 5.78198730e+02 ]
