%YAML:1.0
---
points: [ 7.80334320e+01, 2.15284210e+02, 8.65515442e+01, 2.15860199e+02,
    9.49492188e+01, 2.16486771e+02, 1.03449295e+02, 2.17034393e+02,
    1.11836945e+02, 2.17642609e+02, 1.20281837e+02, 2.18231033e+02,
    7.75833664e+01, 2.23479355e+02, 8.60311966e+01, 2.23918442e+02,
    9.44888458e+01, 2.24578033e+02, 1.02875008e+02, 2.25035568e+02,
    1.11254196e+02, 2.25692657e+02, 1.19670738e+02, 2.26157349e+02,
    7.69136810e+01, 2.31585815e+02, 8.54933548e+01, 2.32018311e+02,
    9.38839798e+01, 2.32632446e+02, 1.02263359e+02, 2.33116730e+02,
    1.10639565e+02, 2.33664963e+02, 1.19054596e+02, 2.34159546e+02,
    7.64440613e+01, 2.39639023e+02, 8.47677155e+01, 2.40108246e+02,
    9.32766647e+01, 2.40692566e+02, 1.01649323e+02, 2.41136276e+02,
    1.10053749e+02, 2.41703278e+02, 1.18396439e+02, 2.42110794e+02,
    7.57934570e+01, 2.47723587e+02, 8.42197723e+01, 2.48230637e+02,
    9.26762619e+01, 2.48704010e+02, 1.01023758e+02, 2.49209930e+02,
    1.09453255e+02, 2.49700439e+02, 1.17780136e+02, 2.50155991e+02,
    7.51522980e+01, 2.55845093e+02, 8.36362457e+01, 2.56339813e+02,
    9.20154648e+01, 2.56824646e+02, 1.00440125e+02, 2.57257965e+02,
    1.08802834e+02, 2.57736511e+02, 1.17177673e+02, 2.58161377e+02,
    7.46933975e+01, 2.63817657e+02, 8.30436478e+01, 2.64442322e+02,
    9.15062408e+01, 2.64829620e+02, 9.97797623e+01, 2.65354523e+02,
    1.08247215e+02, 2.65745392e+02, 1.16479599e+02, 2.66248199e+02,
    7.41064911e+01, 2.72036835e+02, 8.25505676e+01, 2.72535614e+02,
    9.08875961e+01, 2.72905975e+02, 9.92426605e+01, 2.73384033e+02,
    1.07614685e+02, 2.73838898e+02, 1.15912849e+02, 2.74235504e+02 ]
