%YAML:1.0
---
points: [ 1.52051135e+03, 1.35597351e+02, 1.51217566e+03, 1.72515823e+02,
    1.50395056e+03, 2.08115402e+02, 1.49586768e+03, 2.42097855e+02,
    1.48785535e+03, 2.75305908e+02, 1.47998315e+03, 3.06967010e+02,
    1.48536011e+03, 1.37895065e+02, 1.47754407e+03, 1.74716583e+02,
    1.46996069e+03, 2.10237350e+02, 1.46261292e+03, 2.44510468e+02,
    1.45516052e+03, 2.77438354e+02, 1.44832971e+03, 3.09353363e+02,
    1.45037061e+03, 1.40276093e+02, 1.44326587e+03, 1.76979736e+02,
    1.43636267e+03, 2.12701721e+02, 1.42938379e+03, 2.46879425e+02,
    1.42268750e+03, 2.80099243e+02, 1.41627368e+03, 3.11891418e+02,
    1.41556348e+03, 1.42719193e+02, 1.40886108e+03, 1.79614197e+02,
    1.40245288e+03, 2.15220566e+02, 1.39628076e+03, 2.49461304e+02,
    1.39016687e+03, 2.82450653e+02, 1.38431995e+03, 3.14270691e+02,
    1.38042456e+03, 1.45209320e+02, 1.37444397e+03, 1.81994370e+02,
    1.36850659e+03, 2.17646957e+02, 1.36289111e+03, 2.51737488e+02,
    1.35738806e+03, 2.85022552e+02, 1.35188062e+03, 3.16932587e+02,
    1.34522485e+03, 1.47720642e+02, 1.33965588e+03, 1.84663330e+02,
    1.33433057e+03, 2.20096741e+02, 1.32934668e+03, 2.54462357e+02,
    1.32434290e+03, 2.87417358e+02, 1.31967175e+03, 3.19419922e+02,
    1.30979504e+03, 1.50158676e+02, 1.30503149e+03, 1.87025391e+02,
    1.30044678e+03, 2.22659485e+02, 1.29582361e+03, 2.56806641e+02,
    1.29144421e+03, 2.90073303e+02, 1.28718018e+03, 3.22233490e+02,
    1.27448987e+03, 1.52612289e+02, 1.27018530e+03, 1.89553223e+02,
    1.26608667e+03, 2.25081055e+02, 1.26227417e+03, 2.59499329e+02,
    1.25856738e+03, 2.92476013e+02, 1.25509937e+03, 3.24621948e+02 ]
