%YAML:1.0
---
points: [ 4.70351471e+02, 6.50532913e+01, 4.67880066e+02, 7.73779907e+01,
    4.65620667e+02, 8.89538040e+01, 4.63058533e+02, 1.00602119e+02,
    4.60531616e+02, 1.11672195e+02, 4.57869629e+02, 1.22605164e+02,
    4.59080719e+02, 6.55754929e+01, 4.56953125e+02, 7.76170807e+01,
    4.54531219e+02, 8.96748734e+01, 4.52285278e+02, 1.01021301e+02,
    4.49806030e+02, 1.12417046e+02, 4.47375183e+02, 1.23268295e+02,
    4.48124908e+02, 6.57182236e+01, 4.45787170e+02, 7.80991211e+01,
    4.43634186e+02, 9.00549393e+01, 4.41311157e+02, 1.01784378e+02,
    4.38993103e+02, 1.12911560e+02, 4.36694916e+02, 1.24121758e+02,
    4.36522461e+02, 6.64031754e+01, 4.34529022e+02, 7.86773453e+01,
    4.32392395e+02, 9.07874756e+01, 4.30251129e+02, 1.02581467e+02,
    4.28060699e+02, 1.13881439e+02, 4.25958496e+02, 1.24781670e+02,
    4.25128784e+02, 6.67720337e+01, 4.23003632e+02, 7.94735031e+01,
    4.20997528e+02, 9.15627518e+01, 4.18998016e+02, 1.03333511e+02,
    4.16994446e+02, 1.14709038e+02, 4.15023468e+02, 1.25744621e+02,
    4.13268860e+02, 6.76181412e+01, 4.11444916e+02, 8.00433655e+01,
    4.09483459e+02, 9.23865891e+01, 4.06943909e+02, 1.03401932e+02,
    4.05774628e+02, 1.15630455e+02, 4.03950562e+02, 1.26698502e+02,
    4.01468964e+02, 6.82794800e+01, 3.99624939e+02, 8.08008652e+01,
    3.97946655e+02, 9.32606354e+01, 3.96160889e+02, 1.04975838e+02,
    3.94426361e+02, 1.16514381e+02, 3.92758850e+02, 1.27707077e+02,
    3.89382019e+02, 6.89442596e+01, 3.87757782e+02, 8.16701660e+01,
    3.86172455e+02, 9.39727020e+01, 3.84603882e+02, 1.05836899e+02,
    3.83054779e+02, 1.17484131e+02, 3.81656799e+02, 1.28606476e+02 ]
