%YAML:1.0
---
points: [ 4.90164215e+02, 2.88745209e+02, 4.89197083e+02, 2.99833496e+02,
    4.88091431e+02, 3.10200531e+02, 4.86928680e+02, 3.20648712e+02,
    4.85608612e+02, 3.30501587e+02, 4.84345978e+02, 3.40661896e+02,
    4.79535950e+02, 2.89734283e+02, 4.78630280e+02, 3.00478546e+02,
    4.77642639e+02, 3.11153259e+02, 4.76560974e+02, 3.21427704e+02,
    4.75404938e+02, 3.31789093e+02, 4.74170502e+02, 3.41607117e+02,
    4.68664337e+02, 2.90407806e+02, 4.67781677e+02, 3.01361603e+02,
    4.66916351e+02, 3.11843048e+02, 4.66123566e+02, 3.22461823e+02,
    4.65021362e+02, 3.32543396e+02, 4.63979279e+02, 3.42718140e+02,
    4.57603088e+02, 2.91290100e+02, 4.56876495e+02, 3.01966949e+02,
    4.56179321e+02, 3.12818634e+02, 4.55350616e+02, 3.23172577e+02,
    4.54509399e+02, 3.33614594e+02, 4.53499908e+02, 3.43589417e+02,
    4.46635681e+02, 2.91891510e+02, 4.45857178e+02, 3.02776398e+02,
    4.45186279e+02, 3.13525452e+02, 4.44496490e+02, 3.23981049e+02,
    4.43705414e+02, 3.34372864e+02, 4.42904449e+02, 3.44667938e+02,
    4.35237427e+02, 2.92657898e+02, 4.34748657e+02, 3.03535278e+02,
    4.34101166e+02, 3.14281219e+02, 4.33569489e+02, 3.24764679e+02,
    4.32848846e+02, 3.35199066e+02, 4.32102264e+02, 3.45466003e+02,
    4.23796753e+02, 2.93150604e+02, 4.23304504e+02, 3.04276764e+02,
    4.22774017e+02, 3.14782867e+02, 4.22320587e+02, 3.25613190e+02,
    4.21765900e+02, 3.35905121e+02, 4.21222321e+02, 3.46299225e+02,
    4.12318726e+02, 2.93846649e+02, 4.11892761e+02, 3.04730347e+02,
    4.11542023e+02, 3.15610809e+02, 4.11030243e+02, 3.26109253e+02,
    4.10742645e+02, 3.36694214e+02, 4.10271637e+02, 3.47026123e+02 ]
