%YAML:1.0
---
points: [ 8.79673767e+01, 1.84462112e+02, 9.62816696e+01, 1.84995590e+02,
    1.04683929e+02, 1.85631897e+02, 1.12978058e+02, 1.86146454e+02,
    1.21302551e+02, 1.86716919e+02, 1.29555618e+02, 1.87354202e+02,
    8.76141052e+01, 1.92613190e+02, 9.59377441e+01, 1.92982819e+02,
    1.04238396e+02, 1.93686310e+02, 1.12546684e+02, 1.94129868e+02,
    1.20859070e+02, 1.94706314e+02, 1.29115265e+02, 1.95207657e+02,
    8.71101151e+01, 2.00608231e+02, 9.54535522e+01, 2.01073273e+02,
    1.03806892e+02, 2.01635727e+02, 1.12049759e+02, 2.02106918e+02,
    1.20341820e+02, 2.02634842e+02, 1.28629990e+02, 2.03196915e+02,
    8.66480560e+01, 2.08656342e+02, 9.49759750e+01, 2.09016342e+02,
    1.03274567e+02, 2.09563873e+02, 1.11606277e+02, 2.09998947e+02,
    1.19894585e+02, 2.10655655e+02, 1.28176163e+02, 2.11042038e+02,
    8.61254425e+01, 2.16660706e+02, 9.45139389e+01, 2.17118668e+02,
    1.02770645e+02, 2.17608063e+02, 1.11102814e+02, 2.18115799e+02,
    1.19324333e+02, 2.18570587e+02, 1.27657608e+02, 2.18987656e+02,
    8.56575928e+01, 2.24734238e+02, 9.39365768e+01, 2.25082092e+02,
    1.02273521e+02, 2.25665543e+02, 1.10616516e+02, 2.26009598e+02,
    1.18914810e+02, 2.26520050e+02, 1.27165924e+02, 2.26939255e+02,
    8.51369171e+01, 2.32681396e+02, 9.35571518e+01, 2.33177383e+02,
    1.01813698e+02, 2.33625092e+02, 1.10120224e+02, 2.33964386e+02,
    1.18366074e+02, 2.34543701e+02, 1.26656166e+02, 2.34881241e+02,
    8.46867142e+01, 2.40750031e+02, 9.30299988e+01, 2.41050507e+02,
    1.01305817e+02, 2.41695679e+02, 1.09608253e+02, 2.41953278e+02,
    1.17862862e+02, 2.42431915e+02, 1.26145294e+02, 2.42865936e+02 ]
