%YAML:1.0
---
points: [ 1.00094019e+03, 2.83693726e+02, 1.02423022e+03, 2.84731812e+02,
    1.04733032e+03, 2.85779114e+02, 1.07002222e+03, 2.86606262e+02,
    1.09267261e+03, 2.87478119e+02, 1.11538916e+03, 2.88394684e+02,
    1.00005548e+03, 3.08060089e+02, 1.02313831e+03, 3.08933685e+02,
    1.04608423e+03, 3.09714844e+02, 1.06881189e+03, 3.10680450e+02,
    1.09144006e+03, 3.11499481e+02, 1.11394019e+03, 3.12299011e+02,
    9.99173096e+02, 3.32099976e+02, 1.02216614e+03, 3.32751709e+02,
    1.04509875e+03, 3.33640839e+02, 1.06779016e+03, 3.34380310e+02,
    1.09034985e+03, 3.34902252e+02, 1.11275415e+03, 3.35637848e+02,
    9.98390503e+02, 3.55715393e+02, 1.02149622e+03, 3.56450897e+02,
    1.04424048e+03, 3.57212860e+02, 1.06669678e+03, 3.57816650e+02,
    1.08931531e+03, 3.58479553e+02, 1.11163782e+03, 3.59130737e+02,
    9.97541748e+02, 3.79422577e+02, 1.02067554e+03, 3.80093079e+02,
    1.04337561e+03, 3.80715607e+02, 1.06576147e+03, 3.81315369e+02,
    1.08819067e+03, 3.81780090e+02, 1.11051990e+03, 3.82414001e+02,
    9.97030823e+02, 4.02881653e+02, 1.01972491e+03, 4.03424194e+02,
    1.04252551e+03, 4.03813263e+02, 1.06477441e+03, 4.04415161e+02,
    1.08711792e+03, 4.04860382e+02, 1.10938025e+03, 4.05435211e+02,
    9.96273010e+02, 4.26200043e+02, 1.01892511e+03, 4.26645416e+02,
    1.04154553e+03, 4.27176971e+02, 1.06393811e+03, 4.27590088e+02,
    1.08615625e+03, 4.27986359e+02, 1.10828589e+03, 4.28418732e+02,
    9.95522278e+02, 4.49434509e+02, 1.01812616e+03, 4.49715363e+02,
    1.04058740e+03, 4.50108521e+02, 1.06286658e+03, 4.50416565e+02,
    1.08516479e+03, 4.50662170e+02, 1.10717847e+03, 4.51082092e+02 ]
