%YAML:1.0
---
points: [ 5.03605469e+02, 3.27699219e+02, 5.02351318e+02, 3.38272614e+02,
    5.00984619e+02, 3.48063354e+02, 4.99585754e+02, 3.58087524e+02,
    4.98045990e+02, 3.67309845e+02, 4.96468658e+02, 3.76690002e+02,
    4.92907288e+02, 3.28895386e+02, 4.91863739e+02, 3.39052765e+02,
    4.90733704e+02, 3.49359070e+02, 4.89373260e+02, 3.58982361e+02,
    4.88071472e+02, 3.68709106e+02, 4.86444977e+02, 3.77971130e+02,
    4.82162598e+02, 3.29747345e+02, 4.81282532e+02, 3.40189911e+02,
    4.80165924e+02, 3.50365387e+02, 4.79156158e+02, 3.60316254e+02,
    4.77810669e+02, 3.69869263e+02, 4.76597473e+02, 3.79446747e+02,
    4.71224976e+02, 3.30868164e+02, 4.70427856e+02, 3.41110229e+02,
    4.69485168e+02, 3.51595428e+02, 4.68446655e+02, 3.61342041e+02,
    4.67408661e+02, 3.71125702e+02, 4.66245178e+02, 3.80587982e+02,
    4.60088348e+02, 3.31644104e+02, 4.59370697e+02, 3.42178650e+02,
    4.58574677e+02, 3.52315643e+02, 4.57704773e+02, 3.62415283e+02,
    4.56704834e+02, 3.72099274e+02, 4.55794037e+02, 3.81818634e+02,
    4.48850250e+02, 3.32546387e+02, 4.48182709e+02, 3.42999329e+02,
    4.47563751e+02, 3.53306335e+02, 4.46746155e+02, 3.63245880e+02,
    4.45992798e+02, 3.73104462e+02, 4.45053040e+02, 3.82780518e+02,
    4.37324951e+02, 3.33058197e+02, 4.36812531e+02, 3.43741608e+02,
    4.36264191e+02, 3.53970886e+02, 4.35736938e+02, 3.64184967e+02,
    4.34916687e+02, 3.73988770e+02, 4.34405029e+02, 3.83806915e+02,
    4.25799072e+02, 3.33835114e+02, 4.25361908e+02, 3.44339600e+02,
    4.24951691e+02, 3.54732910e+02, 4.24551056e+02, 3.64865051e+02,
    4.23981049e+02, 3.74834167e+02, 4.23405121e+02, 3.84709106e+02 ]
