%YAML:1.0
---
points: [ 1.12681503e+02, 1.41330261e+02, 1.20726540e+02, 1.41817261e+02,
    1.28742828e+02, 1.42351639e+02, 1.36757904e+02, 1.42849533e+02,
    1.44756546e+02, 1.43368805e+02, 1.52693130e+02, 1.43838043e+02,
    1.12413712e+02, 1.49233093e+02, 1.20467628e+02, 1.49717468e+02,
    1.28457352e+02, 1.50263382e+02, 1.36401352e+02, 1.50718567e+02,
    1.44435425e+02, 1.51220779e+02, 1.52380005e+02, 1.51735794e+02,
    1.12061287e+02, 1.57083481e+02, 1.20148506e+02, 1.57668060e+02,
    1.28147964e+02, 1.57997574e+02, 1.36114120e+02, 1.58569916e+02,
    1.44120132e+02, 1.59000015e+02, 1.52132172e+02, 1.59521484e+02,
    1.11680382e+02, 1.64893692e+02, 1.19760986e+02, 1.65452209e+02,
    1.27732292e+02, 1.65880096e+02, 1.35720535e+02, 1.66382675e+02,
    1.43754059e+02, 1.66791672e+02, 1.51719101e+02, 1.67322189e+02,
    1.11409622e+02, 1.72746414e+02, 1.19328331e+02, 1.73297424e+02,
    1.27400337e+02, 1.73714966e+02, 1.35347397e+02, 1.74203583e+02,
    1.43301529e+02, 1.74683731e+02, 1.51301056e+02, 1.75126785e+02,
    1.10919495e+02, 1.80734497e+02, 1.19003357e+02, 1.81075043e+02,
    1.27039047e+02, 1.81621658e+02, 1.35080551e+02, 1.81942841e+02,
    1.43060104e+02, 1.82471542e+02, 1.51003632e+02, 1.82877228e+02,
    1.10659927e+02, 1.88579926e+02, 1.18639862e+02, 1.88910172e+02,
    1.26694519e+02, 1.89415970e+02, 1.34674927e+02, 1.89869949e+02,
    1.42589493e+02, 1.90280762e+02, 1.50538254e+02, 1.90707947e+02,
    1.10273956e+02, 1.96396011e+02, 1.18290573e+02, 1.96765869e+02,
    1.26362991e+02, 1.97246994e+02, 1.34282547e+02, 1.97688660e+02,
    1.42257584e+02, 1.98053909e+02, 1.50238541e+02, 1.98508469e+02 ]
