%YAML:1.0
---
points: [ 1.32557483e+03, 8.62808044e+02, 1.35451086e+03, 8.43409973e+02,
    1.38358630e+03, 8.23781982e+02, 1.41306714e+03, 8.04264282e+02,
    1.44279028e+03, 7.84336060e+02, 1.47304358e+03, 7.64233582e+02,
    1.34528137e+03, 8.87771545e+02, 1.37416235e+03, 8.68545715e+02,
    1.40334497e+03, 8.49285767e+02, 1.43258191e+03, 8.29831177e+02,
    1.46240027e+03, 8.10173950e+02, 1.49252173e+03, 7.90279968e+02,
    1.36469775e+03, 9.12582947e+02, 1.39357910e+03, 8.93546448e+02,
    1.42265210e+03, 8.74477295e+02, 1.45201172e+03, 8.55309387e+02,
    1.48168640e+03, 8.35880676e+02, 1.51179321e+03, 8.16188538e+02,
    1.38392419e+03, 9.36877808e+02, 1.41271033e+03, 9.18210266e+02,
    1.44181824e+03, 8.99339355e+02, 1.47121838e+03, 8.80356079e+02,
    1.50069299e+03, 8.61080261e+02, 1.53057971e+03, 8.41532166e+02,
    1.40298083e+03, 9.61185730e+02, 1.43178088e+03, 9.42546814e+02,
    1.46071667e+03, 9.23941345e+02, 1.49009119e+03, 9.05171997e+02,
    1.51955347e+03, 8.86144287e+02, 1.54927600e+03, 8.66663757e+02,
    1.42184534e+03, 9.85133301e+02, 1.45053760e+03, 9.66702087e+02,
    1.47953687e+03, 9.48248779e+02, 1.50854077e+03, 9.29614685e+02,
    1.53809998e+03, 9.10640686e+02, 1.56769055e+03, 8.91479675e+02,
    1.44053723e+03, 1.00896179e+03, 1.46934119e+03, 9.90796753e+02,
    1.49821704e+03, 9.72584778e+02, 1.52735327e+03, 9.54137817e+02,
    1.55652393e+03, 9.35414429e+02, 1.58624878e+03, 9.16501831e+02,
    1.45936841e+03, 1.03296692e+03, 1.48805713e+03, 1.01526489e+03,
    1.51719226e+03, 9.97217957e+02, 1.54625391e+03, 9.79079651e+02,
    1.57548853e+03, 9.60546875e+02, 1.60475012e+03, 9.41543884e+02 ]
