%YAML:1.0
---
points: [ 1.11868340e+02, 1.43340317e+02, 1.18856239e+02, 1.39721817e+02,
    1.25908340e+02, 1.36030396e+02, 1.32947754e+02, 1.32308105e+02,
    1.39998795e+02, 1.28643280e+02, 1.46875824e+02, 1.25017883e+02,
    1.15951759e+02, 1.50401276e+02, 1.22898567e+02, 1.46774170e+02,
    1.29883743e+02, 1.43034698e+02, 1.36911682e+02, 1.39319153e+02,
    1.43889954e+02, 1.35661301e+02, 1.50700119e+02, 1.32039764e+02,
    1.19889160e+02, 1.57378845e+02, 1.26774979e+02, 1.53649017e+02,
    1.33742126e+02, 1.50046326e+02, 1.40792130e+02, 1.46290039e+02,
    1.47804352e+02, 1.42535400e+02, 1.54624008e+02, 1.38811417e+02,
    1.23718880e+02, 1.64301254e+02, 1.30593048e+02, 1.60640182e+02,
    1.37666382e+02, 1.56890427e+02, 1.44575851e+02, 1.53192719e+02,
    1.51622543e+02, 1.49440262e+02, 1.58502563e+02, 1.45810272e+02,
    1.27585716e+02, 1.71211014e+02, 1.34591980e+02, 1.67524307e+02,
    1.41476318e+02, 1.63758942e+02, 1.48481293e+02, 1.60156082e+02,
    1.55466888e+02, 1.56433380e+02, 1.62430557e+02, 1.52751953e+02,
    1.31406097e+02, 1.78129868e+02, 1.38367401e+02, 1.74401321e+02,
    1.45431610e+02, 1.70716202e+02, 1.52292847e+02, 1.67003204e+02,
    1.59306427e+02, 1.63326508e+02, 1.66182632e+02, 1.59550110e+02,
    1.35372894e+02, 1.85056015e+02, 1.42358002e+02, 1.81351852e+02,
    1.49297424e+02, 1.77623505e+02, 1.56226517e+02, 1.73973618e+02,
    1.63138916e+02, 1.70177185e+02, 1.70090134e+02, 1.66528412e+02,
    1.39215698e+02, 1.91826584e+02, 1.46171356e+02, 1.88252365e+02,
    1.53211304e+02, 1.84359406e+02, 1.60075378e+02, 1.80701050e+02,
    1.67011322e+02, 1.77049088e+02, 1.73780090e+02, 1.73392410e+02 ]
