%YAML:1.0
---
points: [ 1.25833252e+03, 2.03169418e+02, 1.27962830e+03, 2.04189560e+02,
    1.30057800e+03, 2.05371765e+02, 1.32134082e+03, 2.06577362e+02,
    1.34193628e+03, 2.07591919e+02, 1.36257996e+03, 2.08620224e+02,
    1.25617749e+03, 2.26691269e+02, 1.27717493e+03, 2.27749496e+02,
    1.29820374e+03, 2.28737579e+02, 1.31877478e+03, 2.29700180e+02,
    1.33954858e+03, 2.30618820e+02, 1.36016150e+03, 2.31795227e+02,
    1.25432288e+03, 2.50022766e+02, 1.27530750e+03, 2.50750641e+02,
    1.29625110e+03, 2.51778458e+02, 1.31696472e+03, 2.52706924e+02,
    1.33753320e+03, 2.53665497e+02, 1.35815601e+03, 2.54558868e+02,
    1.25272888e+03, 2.73012421e+02, 1.27370703e+03, 2.73841980e+02,
    1.29455713e+03, 2.74704590e+02, 1.31513940e+03, 2.75574921e+02,
    1.33560669e+03, 2.76424103e+02, 1.35609021e+03, 2.77178192e+02,
    1.25088501e+03, 2.95951508e+02, 1.27179810e+03, 2.96680176e+02,
    1.29259314e+03, 2.97453796e+02, 1.31323206e+03, 2.98279724e+02,
    1.33363806e+03, 2.98866241e+02, 1.35423914e+03, 2.99570343e+02,
    1.24941602e+03, 3.18627747e+02, 1.27022998e+03, 3.19341583e+02,
    1.29090784e+03, 3.20060181e+02, 1.31148120e+03, 3.20703583e+02,
    1.33200281e+03, 3.21389862e+02, 1.35230261e+03, 3.22107941e+02,
    1.24771497e+03, 3.41236664e+02, 1.26851086e+03, 3.41765533e+02,
    1.28926233e+03, 3.42539429e+02, 1.30952979e+03, 3.43166565e+02,
    1.32988696e+03, 3.43736237e+02, 1.35020447e+03, 3.44341522e+02,
    1.24607080e+03, 3.63625885e+02, 1.26658789e+03, 3.64248352e+02,
    1.28732166e+03, 3.64674316e+02, 1.30762024e+03, 3.65246918e+02,
    1.32805615e+03, 3.65652008e+02, 1.34835486e+03, 3.66234497e+02 ]
