%YAML:1.0
---
points: [ 1.16296524e+02, 2.22705460e+02, 1.23331650e+02, 2.19084442e+02,
    1.30474075e+02, 2.15332779e+02, 1.37572571e+02, 2.11789001e+02,
    1.44656937e+02, 2.08026978e+02, 1.51763824e+02, 2.04442474e+02,
    1.20163467e+02, 2.29692200e+02, 1.27116676e+02, 2.25977509e+02,
    1.34278839e+02, 2.22303177e+02, 1.41230240e+02, 2.18679077e+02,
    1.48355911e+02, 2.15072357e+02, 1.55328445e+02, 2.11362335e+02,
    1.23832611e+02, 2.36485001e+02, 1.30830017e+02, 2.32930557e+02,
    1.37910522e+02, 2.29239166e+02, 1.45002335e+02, 2.25606079e+02,
    1.52011215e+02, 2.21880035e+02, 1.59006165e+02, 2.18271225e+02,
    1.27455933e+02, 2.43501190e+02, 1.34481323e+02, 2.39868073e+02,
    1.41525436e+02, 2.36165314e+02, 1.48694138e+02, 2.32439011e+02,
    1.55632980e+02, 2.28853241e+02, 1.62600189e+02, 2.25189117e+02,
    1.31145157e+02, 2.50432617e+02, 1.38210968e+02, 2.46881180e+02,
    1.45188248e+02, 2.43185287e+02, 1.52270477e+02, 2.39435120e+02,
    1.59313843e+02, 2.35763062e+02, 1.66365082e+02, 2.32090118e+02,
    1.34746613e+02, 2.57437836e+02, 1.41741501e+02, 2.53797958e+02,
    1.48821365e+02, 2.50078751e+02, 1.55920868e+02, 2.46357437e+02,
    1.62952301e+02, 2.42685577e+02, 1.69907852e+02, 2.39055069e+02,
    1.38467178e+02, 2.64400665e+02, 1.45469482e+02, 2.60732208e+02,
    1.52585159e+02, 2.57032837e+02, 1.59564240e+02, 2.53363815e+02,
    1.66608444e+02, 2.49676117e+02, 1.73631226e+02, 2.46016586e+02,
    1.42077301e+02, 2.71297333e+02, 1.49099533e+02, 2.67640137e+02,
    1.56223053e+02, 2.63849030e+02, 1.63272873e+02, 2.60253662e+02,
    1.70253418e+02, 2.56449585e+02, 1.77203140e+02, 2.52814178e+02 ]
