%YAML:1.0
---
points: [ 1.27976270e+03, 3.86388245e+02, 1.30948743e+03, 3.64700775e+02,
    1.33956873e+03, 3.42860382e+02, 1.37023718e+03, 3.20685211e+02,
    1.40127771e+03, 2.98212677e+02, 1.43283862e+03, 2.75364410e+02,
    1.29808240e+03, 4.12754730e+02, 1.32763562e+03, 3.91575043e+02,
    1.35766760e+03, 3.70130890e+02, 1.38812280e+03, 3.48408997e+02,
    1.41898279e+03, 3.26311310e+02, 1.45036597e+03, 3.03818146e+02,
    1.31603894e+03, 4.38715546e+02, 1.34550830e+03, 4.17903229e+02,
    1.37541235e+03, 3.96818909e+02, 1.40565332e+03, 3.75556732e+02,
    1.43649402e+03, 3.53841644e+02, 1.46777258e+03, 3.31843109e+02,
    1.33367383e+03, 4.64281799e+02, 1.36296191e+03, 4.43737762e+02,
    1.39273071e+03, 4.23143494e+02, 1.42284644e+03, 4.02228394e+02,
    1.45343396e+03, 3.80843872e+02, 1.48446936e+03, 3.59260162e+02,
    1.35093652e+03, 4.89231903e+02, 1.38024719e+03, 4.69080078e+02,
    1.40976270e+03, 4.48826721e+02, 1.43976855e+03, 4.28338776e+02,
    1.47023267e+03, 4.07383331e+02, 1.50103503e+03, 3.86178619e+02,
    1.36806323e+03, 5.13623413e+02, 1.39708337e+03, 4.93964111e+02,
    1.42661841e+03, 4.74108978e+02, 1.45632117e+03, 4.53847137e+02,
    1.48655725e+03, 4.33325531e+02, 1.51714941e+03, 4.12460968e+02,
    1.38478235e+03, 5.37832458e+02, 1.41382141e+03, 5.18535950e+02,
    1.44319458e+03, 4.98968933e+02, 1.47284705e+03, 4.79199951e+02,
    1.50282751e+03, 4.59009399e+02, 1.53342676e+03, 4.38532288e+02,
    1.40164978e+03, 5.61896973e+02, 1.43060547e+03, 5.43039673e+02,
    1.45992676e+03, 5.23787048e+02, 1.48946375e+03, 5.04381165e+02,
    1.51950281e+03, 4.84560333e+02, 1.54963538e+03, 4.64438202e+02 ]
