%YAML:1.0
---
points: [ 1.23106702e+03, 2.72113251e+02, 1.25180908e+03, 2.73190582e+02,
    1.27225586e+03, 2.74364319e+02, 1.29249255e+03, 2.75441040e+02,
    1.31265491e+03, 2.76429138e+02, 1.33278467e+03, 2.77447266e+02,
    1.22878345e+03, 2.94979401e+02, 1.24945959e+03, 2.96003204e+02,
    1.26995850e+03, 2.96946136e+02, 1.29030469e+03, 2.97826691e+02,
    1.31053198e+03, 2.98790131e+02, 1.33061365e+03, 2.99712311e+02,
    1.22718445e+03, 3.17559448e+02, 1.24769153e+03, 3.18458435e+02,
    1.26813867e+03, 3.19296204e+02, 1.28837671e+03, 3.20180267e+02,
    1.30838586e+03, 3.20977600e+02, 1.32857129e+03, 3.21896210e+02,
    1.22559692e+03, 3.39749115e+02, 1.24605505e+03, 3.40643463e+02,
    1.26641296e+03, 3.41399750e+02, 1.28646826e+03, 3.42316864e+02,
    1.30667273e+03, 3.43130951e+02, 1.32671313e+03, 3.43822784e+02,
    1.22391919e+03, 3.62116943e+02, 1.24439343e+03, 3.62741730e+02,
    1.26468762e+03, 3.63546844e+02, 1.28478870e+03, 3.64365845e+02,
    1.30484705e+03, 3.64920105e+02, 1.32474023e+03, 3.65591400e+02,
    1.22243066e+03, 3.84323822e+02, 1.24285291e+03, 3.84950806e+02,
    1.26316296e+03, 3.85538361e+02, 1.28304712e+03, 3.86199249e+02,
    1.30297876e+03, 3.86624695e+02, 1.32295557e+03, 3.87324371e+02,
    1.22074792e+03, 4.06268158e+02, 1.24117456e+03, 4.06723053e+02,
    1.26121289e+03, 4.07328491e+02, 1.28131189e+03, 4.07755737e+02,
    1.30127808e+03, 4.08336700e+02, 1.32111548e+03, 4.08728973e+02,
    1.21910938e+03, 4.28032166e+02, 1.23929395e+03, 4.28531036e+02,
    1.25961450e+03, 4.28891571e+02, 1.27953540e+03, 4.29435272e+02,
    1.29940393e+03, 4.29724945e+02, 1.31903979e+03, 4.30263062e+02 ]
