%YAML:1.0
---
points: [ 2.33442612e+02, 2.94552856e+02, 2.43400116e+02, 2.87099243e+02,
    2.53351028e+02, 2.79678528e+02, 2.63184479e+02, 2.72410522e+02,
    2.73068298e+02, 2.65060364e+02, 2.82875793e+02, 2.57752289e+02,
    2.40653702e+02, 3.04403381e+02, 2.50616302e+02, 2.96948608e+02,
    2.60499146e+02, 2.89522400e+02, 2.70372833e+02, 2.82170319e+02,
    2.80211121e+02, 2.74844604e+02, 2.90018860e+02, 2.67595886e+02,
    2.47855835e+02, 3.14263550e+02, 2.57828613e+02, 3.06777039e+02,
    2.67699738e+02, 2.99388428e+02, 2.77518829e+02, 2.92055603e+02,
    2.87329132e+02, 2.84703064e+02, 2.97102142e+02, 2.77414490e+02,
    2.55061172e+02, 3.24045837e+02, 2.64956268e+02, 3.16527924e+02,
    2.74776398e+02, 3.09146454e+02, 2.84643005e+02, 3.01807922e+02,
    2.94433746e+02, 2.94494751e+02, 3.04219971e+02, 2.87176117e+02,
    2.62238281e+02, 3.33818176e+02, 2.72116486e+02, 3.26331757e+02,
    2.81965271e+02, 3.18944427e+02, 2.91747192e+02, 3.11602295e+02,
    3.01517578e+02, 3.04203339e+02, 3.11260895e+02, 2.96933167e+02,
    2.69318054e+02, 3.43512909e+02, 2.79236145e+02, 3.36049286e+02,
    2.89093445e+02, 3.28697937e+02, 2.98815613e+02, 3.21321442e+02,
    3.08571930e+02, 3.13968781e+02, 3.18273956e+02, 3.06667328e+02,
    2.76485748e+02, 3.53196259e+02, 2.86341919e+02, 3.45800507e+02,
    2.96187164e+02, 3.38386810e+02, 3.05900726e+02, 3.31041931e+02,
    3.15625519e+02, 3.23694763e+02, 3.25387543e+02, 3.16387268e+02,
    2.83610046e+02, 3.62980713e+02, 2.93449982e+02, 3.55580963e+02,
    3.03263672e+02, 3.48255463e+02, 3.13052155e+02, 3.40885895e+02,
    3.22729828e+02, 3.33603882e+02, 3.32439667e+02, 3.26253510e+02 ]
