%YAML:1.0
---
points: [ 2.51491608e+02, 2.08562012e+02, 2.57352509e+02, 2.05013000e+02,
    2.63809814e+02, 2.01587418e+02, 2.70329254e+02, 1.98184113e+02,
    2.76563354e+02, 1.94748611e+02, 2.83162354e+02, 1.91424225e+02,
    2.54568649e+02, 2.14779251e+02, 2.60711914e+02, 2.11568420e+02,
    2.67195007e+02, 2.07810913e+02, 2.73732727e+02, 2.04564011e+02,
    2.80219330e+02, 2.01082321e+02, 2.86237915e+02, 1.97702118e+02,
    2.58083893e+02, 2.21611023e+02, 2.64220154e+02, 2.17594986e+02,
    2.70794189e+02, 2.14512146e+02, 2.77093658e+02, 2.10700272e+02,
    2.83648407e+02, 2.07592896e+02, 2.90034088e+02, 2.03810013e+02,
    2.61272064e+02, 2.27817200e+02, 2.67623779e+02, 2.24651260e+02,
    2.74178680e+02, 2.20809525e+02, 2.80679657e+02, 2.17437973e+02,
    2.86963318e+02, 2.13774475e+02, 2.93099884e+02, 2.10476303e+02,
    2.65068939e+02, 2.34587799e+02, 2.71259521e+02, 2.30753464e+02,
    2.77701233e+02, 2.27505295e+02, 2.84194366e+02, 2.23875153e+02,
    2.90496460e+02, 2.20432816e+02, 2.97038055e+02, 2.16969193e+02,
    2.68025391e+02, 2.40735870e+02, 2.74755585e+02, 2.37486115e+02,
    2.81139740e+02, 2.33858551e+02, 2.87609619e+02, 2.30444550e+02,
    2.93970367e+02, 2.26797012e+02, 3.00214935e+02, 2.23439575e+02,
    2.71876434e+02, 2.47488495e+02, 2.78322998e+02, 2.43879501e+02,
    2.84693695e+02, 2.40452667e+02, 2.90904602e+02, 2.36763504e+02,
    2.97721985e+02, 2.33231628e+02, 3.03929993e+02, 2.29881073e+02,
    2.75181183e+02, 2.53682861e+02, 2.81646362e+02, 2.50445511e+02,
    2.88211334e+02, 2.46655106e+02, 2.94419098e+02, 2.43435379e+02,
    3.00969696e+02, 2.39450089e+02, 3.07098145e+02, 2.36359283e+02 ]
