%YAML:1.0
---
points: [ 1.19338965e+03, 4.31426483e+02, 1.21339905e+03, 4.32117432e+02,
    1.23327795e+03, 4.32760773e+02, 1.25295105e+03, 4.33315430e+02,
    1.27240527e+03, 4.33738068e+02, 1.29171338e+03, 4.34406372e+02,
    1.19152136e+03, 4.52784821e+02, 1.21155542e+03, 4.53372894e+02,
    1.23140845e+03, 4.53833710e+02, 1.25076501e+03, 4.54360260e+02,
    1.27038159e+03, 4.54750458e+02, 1.28988196e+03, 4.55299805e+02,
    1.19006421e+03, 4.73991791e+02, 1.20993103e+03, 4.74443420e+02,
    1.22954626e+03, 4.74867371e+02, 1.24929163e+03, 4.75342865e+02,
    1.26872656e+03, 4.75724976e+02, 1.28816663e+03, 4.76143799e+02,
    1.18865259e+03, 4.95179321e+02, 1.20852942e+03, 4.95491302e+02,
    1.22822729e+03, 4.95741241e+02, 1.24780579e+03, 4.96121826e+02,
    1.26713281e+03, 4.96516205e+02, 1.28638708e+03, 4.96712555e+02,
    1.18730884e+03, 5.16101257e+02, 1.20715613e+03, 5.16416626e+02,
    1.22679053e+03, 5.16688232e+02, 1.24623193e+03, 5.16830261e+02,
    1.26551672e+03, 5.17157043e+02, 1.28481055e+03, 5.17451660e+02,
    1.18595752e+03, 5.37063782e+02, 1.20582935e+03, 5.37254639e+02,
    1.22540735e+03, 5.37446472e+02, 1.24458337e+03, 5.37612610e+02,
    1.26413013e+03, 5.37683838e+02, 1.28329822e+03, 5.37880066e+02,
    1.18456628e+03, 5.57745422e+02, 1.20428662e+03, 5.57845825e+02,
    1.22377185e+03, 5.57957642e+02, 1.24318665e+03, 5.58130554e+02,
    1.26252283e+03, 5.58230713e+02, 1.28155908e+03, 5.58370728e+02,
    1.18310815e+03, 5.78347595e+02, 1.20268567e+03, 5.78381897e+02,
    1.22234424e+03, 5.78412415e+02, 1.24157898e+03, 5.78429443e+02,
    1.26070532e+03, 5.78446411e+02, 1.28002002e+03, 5.78498474e+02 ]
