%YAML:1.0
---
points: [ 2.21494858e+02, 7.80128403e+01, 2.31699371e+02, 6.89224167e+01,
    2.42101151e+02, 5.97507706e+01, 2.52703995e+02, 5.02714539e+01,
    2.63503143e+02, 4.07302780e+01, 2.74625336e+02, 3.09540825e+01,
    2.30289993e+02, 8.85924530e+01, 2.40405609e+02, 7.97277756e+01,
    2.50701233e+02, 7.06876297e+01, 2.61216858e+02, 6.16588631e+01,
    2.71977997e+02, 5.22109375e+01, 2.82948090e+02, 4.28517761e+01,
    2.38873367e+02, 9.87691116e+01, 2.48894867e+02, 9.02117538e+01,
    2.59068573e+02, 8.14022598e+01, 2.69503662e+02, 7.25028839e+01,
    2.80156311e+02, 6.34828949e+01, 2.90986145e+02, 5.41767883e+01,
    2.47095520e+02, 1.08690796e+02, 2.57012573e+02, 1.00334572e+02,
    2.67137939e+02, 9.17767487e+01, 2.77445465e+02, 8.30963898e+01,
    2.87971497e+02, 7.42750702e+01, 2.98761414e+02, 6.52802353e+01,
    2.55052948e+02, 1.18209122e+02, 2.64880646e+02, 1.10077347e+02,
    2.74962921e+02, 1.01796188e+02, 2.85131226e+02, 9.33714828e+01,
    2.95615601e+02, 8.47337799e+01, 3.06265503e+02, 7.59025421e+01,
    2.62753967e+02, 1.27468697e+02, 2.72510986e+02, 1.19501968e+02,
    2.82450806e+02, 1.11440689e+02, 2.92595154e+02, 1.03268967e+02,
    3.02924469e+02, 9.48301773e+01, 3.13497772e+02, 8.62787781e+01,
    2.70167786e+02, 1.36433395e+02, 2.79876129e+02, 1.28719528e+02,
    2.89741425e+02, 1.20827003e+02, 2.99789337e+02, 1.12827393e+02,
    3.10069702e+02, 1.04668686e+02, 3.20558929e+02, 9.63530502e+01,
    2.77474274e+02, 1.45171463e+02, 2.87125641e+02, 1.37677612e+02,
    2.96874481e+02, 1.30065842e+02, 3.06889282e+02, 1.22293686e+02,
    3.17065674e+02, 1.14321732e+02, 3.27433350e+02, 1.06176964e+02 ]
