%YAML:1.0
---
points: [ 2.47029327e+02, 2.45738007e+02, 2.53398636e+02, 2.42169373e+02,
    2.60107239e+02, 2.38403732e+02, 2.66645447e+02, 2.35140442e+02,
    2.73140808e+02, 2.31374619e+02, 2.79738434e+02, 2.28117798e+02,
    2.50175369e+02, 2.52051285e+02, 2.56786438e+02, 2.48573303e+02,
    2.63653534e+02, 2.44882797e+02, 2.69996704e+02, 2.41454208e+02,
    2.76584991e+02, 2.37845901e+02, 2.82930023e+02, 2.34460876e+02,
    2.53908432e+02, 2.58822601e+02, 2.60418335e+02, 2.55193481e+02,
    2.67023865e+02, 2.51642120e+02, 2.73577423e+02, 2.48084717e+02,
    2.80197815e+02, 2.44563690e+02, 2.86729156e+02, 2.40955063e+02,
    2.57193359e+02, 2.65439850e+02, 2.63856384e+02, 2.61909546e+02,
    2.70532013e+02, 2.58310883e+02, 2.77113556e+02, 2.54613800e+02,
    2.83576447e+02, 2.50996170e+02, 2.89983765e+02, 2.47482864e+02,
    2.61105713e+02, 2.72127319e+02, 2.67464722e+02, 2.68632568e+02,
    2.74139465e+02, 2.64870697e+02, 2.80602295e+02, 2.61421448e+02,
    2.87203979e+02, 2.57797974e+02, 2.93704865e+02, 2.54205994e+02,
    2.64395599e+02, 2.78913483e+02, 2.71033325e+02, 2.75206635e+02,
    2.77565674e+02, 2.71606354e+02, 2.84173431e+02, 2.68012024e+02,
    2.90721466e+02, 2.64508148e+02, 2.97123779e+02, 2.60739441e+02,
    2.68046967e+02, 2.85677826e+02, 2.74585236e+02, 2.81914429e+02,
    2.81239990e+02, 2.78200928e+02, 2.87610657e+02, 2.74691071e+02,
    2.94276520e+02, 2.71112732e+02, 3.00793182e+02, 2.67533447e+02,
    2.71458496e+02, 2.92192627e+02, 2.77972809e+02, 2.88614990e+02,
    2.84829803e+02, 2.84774719e+02, 2.91194061e+02, 2.81246002e+02,
    2.97862701e+02, 2.77514526e+02, 3.04253998e+02, 2.74049896e+02 ]
