%YAML:1.0
---
points: [ 1.56410754e+03, 3.64200104e+02, 1.58523206e+03, 3.64244873e+02,
    1.60601343e+03, 3.64210114e+02, 1.62660803e+03, 3.64221344e+02,
    1.64729370e+03, 3.64214783e+02, 1.66763843e+03, 3.64269928e+02,
    1.56157166e+03, 3.86628876e+02, 1.58236511e+03, 3.86593842e+02,
    1.60326685e+03, 3.86591492e+02, 1.62376514e+03, 3.86534027e+02,
    1.64453406e+03, 3.86501862e+02, 1.66522253e+03, 3.86496185e+02,
    1.55941223e+03, 4.08920380e+02, 1.58035889e+03, 4.08795532e+02,
    1.60101440e+03, 4.08680359e+02, 1.62165308e+03, 4.08580353e+02,
    1.64241626e+03, 4.08504456e+02, 1.66304895e+03, 4.08461853e+02,
    1.55765381e+03, 4.31125610e+02, 1.57865686e+03, 4.30916840e+02,
    1.59936084e+03, 4.30768494e+02, 1.61977332e+03, 4.30621948e+02,
    1.64023779e+03, 4.30524200e+02, 1.66065662e+03, 4.30412231e+02,
    1.55559229e+03, 4.53403717e+02, 1.57648950e+03, 4.53202393e+02,
    1.59712354e+03, 4.52952759e+02, 1.61772278e+03, 4.52694366e+02,
    1.63819763e+03, 4.52479248e+02, 1.65860364e+03, 4.52297302e+02,
    1.55397888e+03, 4.75334229e+02, 1.57485950e+03, 4.75157837e+02,
    1.59551025e+03, 4.74834137e+02, 1.61583179e+03, 4.74608398e+02,
    1.63633105e+03, 4.74353699e+02, 1.65654736e+03, 4.74131805e+02,
    1.55208191e+03, 4.97164215e+02, 1.57270825e+03, 4.96832703e+02,
    1.59343250e+03, 4.96587280e+02, 1.61368604e+03, 4.96309692e+02,
    1.63411230e+03, 4.96070099e+02, 1.65444470e+03, 4.95761108e+02,
    1.55008728e+03, 5.18725342e+02, 1.57068286e+03, 5.18438293e+02,
    1.59136267e+03, 5.18163879e+02, 1.61172156e+03, 5.17738220e+02,
    1.63205701e+03, 5.17558289e+02, 1.65237366e+03, 5.17258667e+02 ]
