%YAML:1.0
---
points: [ 3.19654602e+02, 2.49931900e+02, 3.25343140e+02, 2.46894485e+02,
    3.31844971e+02, 2.43117218e+02, 3.37636414e+02, 2.40100296e+02,
    3.43861664e+02, 2.36316254e+02, 3.50047363e+02, 2.33463501e+02,
    3.22588715e+02, 2.56105865e+02, 3.28568390e+02, 2.52926361e+02,
    3.34865540e+02, 2.49382812e+02, 3.40876251e+02, 2.46108994e+02,
    3.47221832e+02, 2.42479050e+02, 3.52762299e+02, 2.39198608e+02,
    3.26015930e+02, 2.62866943e+02, 3.32058685e+02, 2.59176666e+02,
    3.38072510e+02, 2.55789001e+02, 3.44173462e+02, 2.52289963e+02,
    3.50357300e+02, 2.49065399e+02, 3.56356720e+02, 2.45736755e+02,
    3.29076691e+02, 2.68982788e+02, 3.35338776e+02, 2.65700104e+02,
    3.41587830e+02, 2.62153076e+02, 3.47657104e+02, 2.58712585e+02,
    3.53586426e+02, 2.55261337e+02, 3.59262665e+02, 2.51932373e+02,
    3.32818634e+02, 2.75721710e+02, 3.38641327e+02, 2.72157715e+02,
    3.44735291e+02, 2.68586395e+02, 3.50919281e+02, 2.65209198e+02,
    3.56974762e+02, 2.61755402e+02, 3.62968903e+02, 2.58368500e+02,
    3.35792511e+02, 2.81823608e+02, 3.41965607e+02, 2.78533020e+02,
    3.48184570e+02, 2.74918335e+02, 3.54104156e+02, 2.71584808e+02,
    3.60214783e+02, 2.68122711e+02, 3.65886688e+02, 2.64756042e+02,
    3.39295532e+02, 2.88567596e+02, 3.45273468e+02, 2.84875946e+02,
    3.51411316e+02, 2.81483429e+02, 3.57496490e+02, 2.77904572e+02,
    3.63607941e+02, 2.74431702e+02, 3.69635956e+02, 2.71309662e+02,
    3.42374298e+02, 2.94544586e+02, 3.48548584e+02, 2.91516083e+02,
    3.54770477e+02, 2.87343292e+02, 3.60622986e+02, 2.84266266e+02,
    3.66803223e+02, 2.80325562e+02, 3.72293640e+02, 2.77297424e+02 ]
