%YAML:1.0
---
points: [ 8.24310608e+02, 8.76953247e+02, 8.53430908e+02, 8.55713928e+02,
    8.82455017e+02, 8.34576355e+02, 9.11479919e+02, 8.13612427e+02,
    9.40524841e+02, 7.92574951e+02, 9.69676270e+02, 7.71598877e+02,
    8.45491211e+02, 9.04440918e+02, 8.74530579e+02, 8.83316345e+02,
    9.03502380e+02, 8.62319519e+02, 9.32398926e+02, 8.41314026e+02,
    9.61381470e+02, 8.20433960e+02, 9.90357361e+02, 7.99514587e+02,
    8.66607300e+02, 9.31757141e+02, 8.95542297e+02, 9.10656067e+02,
    9.24391296e+02, 8.89754456e+02, 9.53185669e+02, 8.68920654e+02,
    9.82063782e+02, 8.48239868e+02, 1.01105164e+03, 8.27359070e+02,
    8.87531311e+02, 9.58798401e+02, 9.16364807e+02, 9.37805786e+02,
    9.45222168e+02, 9.17037781e+02, 9.73767517e+02, 8.96388916e+02,
    1.00253552e+03, 8.75537109e+02, 1.03130676e+03, 8.54778259e+02,
    9.08336853e+02, 9.85648621e+02, 9.37031555e+02, 9.64786865e+02,
    9.65681519e+02, 9.44202637e+02, 9.94297119e+02, 9.23533875e+02,
    1.02286829e+03, 9.02876831e+02, 1.05156079e+03, 8.82154907e+02,
    9.28807434e+02, 1.01239636e+03, 9.57455383e+02, 9.91610657e+02,
    9.86144958e+02, 9.71060913e+02, 1.01453461e+03, 9.50412476e+02,
    1.04314807e+03, 9.29724365e+02, 1.07165100e+03, 9.09167664e+02,
    9.49323669e+02, 1.03912866e+03, 9.77776855e+02, 1.01851392e+03,
    1.00634528e+03, 9.97979248e+02, 1.03473718e+03, 9.77524475e+02,
    1.06331677e+03, 9.56865662e+02, 1.09176904e+03, 9.36417786e+02,
    9.69644775e+02, 1.06591162e+03, 9.98165344e+02, 1.04561829e+03,
    1.02660437e+03, 1.02529944e+03, 1.05507324e+03, 1.00498407e+03,
    1.08348987e+03, 9.84497803e+02, 1.11186011e+03, 9.63808411e+02 ]
