%YAML:1.0
---
points: [ 1.56317810e+03, 2.89465210e+02, 1.58444800e+03, 2.89513428e+02,
    1.60532581e+03, 2.89630493e+02, 1.62595667e+03, 2.89809296e+02,
    1.64651843e+03, 2.89882874e+02, 1.66708423e+03, 2.90058533e+02,
    1.56047009e+03, 3.12572327e+02, 1.58146973e+03, 3.12571075e+02,
    1.60242920e+03, 3.12621490e+02, 1.62306921e+03, 3.12622559e+02,
    1.64378772e+03, 3.12705109e+02, 1.66455347e+03, 3.12720062e+02,
    1.55842920e+03, 3.35380737e+02, 1.57940332e+03, 3.35295593e+02,
    1.60036780e+03, 3.35317993e+02, 1.62111340e+03, 3.35279083e+02,
    1.64167749e+03, 3.35194366e+02, 1.66239087e+03, 3.35177429e+02,
    1.55657483e+03, 3.58062469e+02, 1.57751172e+03, 3.57977325e+02,
    1.59841040e+03, 3.57868408e+02, 1.61890833e+03, 3.57703644e+02,
    1.63955615e+03, 3.57714386e+02, 1.66009058e+03, 3.57596375e+02,
    1.55466040e+03, 3.80669739e+02, 1.57553442e+03, 3.80526703e+02,
    1.59637854e+03, 3.80419464e+02, 1.61689441e+03, 3.80266296e+02,
    1.63757031e+03, 3.80077911e+02, 1.65817395e+03, 3.80019135e+02,
    1.55296045e+03, 4.03024841e+02, 1.57382446e+03, 4.02846527e+02,
    1.59456897e+03, 4.02664185e+02, 1.61507275e+03, 4.02498383e+02,
    1.63549255e+03, 4.02357300e+02, 1.65587390e+03, 4.02159027e+02,
    1.55076477e+03, 4.25315521e+02, 1.57166125e+03, 4.24988678e+02,
    1.59236121e+03, 4.24703369e+02, 1.61291760e+03, 4.24566956e+02,
    1.63342847e+03, 4.24417908e+02, 1.65374231e+03, 4.24167633e+02,
    1.54890942e+03, 4.47340942e+02, 1.56984399e+03, 4.47016876e+02,
    1.59050513e+03, 4.46755981e+02, 1.61084485e+03, 4.46461029e+02,
    1.63138171e+03, 4.46185577e+02, 1.65158130e+03, 4.45925751e+02 ]
