%YAML:1.0
---
points: [ 9.61483887e+02, 8.83206055e+02, 9.89537781e+02, 8.63283447e+02,
    1.01778564e+03, 8.43244629e+02, 1.04641626e+03, 8.23097290e+02,
    1.07528015e+03, 8.02582336e+02, 1.10465942e+03, 7.81939148e+02,
    9.83789246e+02, 9.09266113e+02, 1.01180353e+03, 8.89538269e+02,
    1.04024670e+03, 8.69696655e+02, 1.06864734e+03, 8.49840759e+02,
    1.09769348e+03, 8.29663879e+02, 1.12710474e+03, 8.09315247e+02,
    1.00596521e+03, 9.35061584e+02, 1.03406067e+03, 9.15626099e+02,
    1.06242700e+03, 8.96191406e+02, 1.09093933e+03, 8.76553040e+02,
    1.11991943e+03, 8.56671509e+02, 1.14948462e+03, 8.36544617e+02,
    1.02798193e+03, 9.60563538e+02, 1.05612305e+03, 9.41468384e+02,
    1.08445630e+03, 9.22251282e+02, 1.11310669e+03, 9.02831970e+02,
    1.14207886e+03, 8.83275452e+02, 1.17152783e+03, 8.63280579e+02,
    1.04978931e+03, 9.85943787e+02, 1.07783057e+03, 9.67164795e+02,
    1.10634973e+03, 9.48202576e+02, 1.13488513e+03, 9.29107056e+02,
    1.16398193e+03, 9.09604980e+02, 1.19345776e+03, 8.89800598e+02,
    1.07151929e+03, 1.01124872e+03, 1.09945886e+03, 9.92600952e+02,
    1.12792017e+03, 9.73805603e+02, 1.15662292e+03, 9.54869690e+02,
    1.18566626e+03, 9.35636536e+02, 1.21519885e+03, 9.16198120e+02,
    1.09286987e+03, 1.03649927e+03, 1.12109680e+03, 1.01814581e+03,
    1.14947119e+03, 9.99635925e+02, 1.17828467e+03, 9.80936584e+02,
    1.20740784e+03, 9.61950867e+02, 1.23692542e+03, 9.42675903e+02,
    1.11432312e+03, 1.06181665e+03, 1.14243188e+03, 1.04397034e+03,
    1.17095557e+03, 1.02580481e+03, 1.19977161e+03, 1.00751172e+03,
    1.22909912e+03, 9.88727295e+02, 1.25862927e+03, 9.69559937e+02 ]
