%YAML:1.0
---
points: [ 3.22358093e+02, 2.19964615e+02, 3.27920685e+02, 2.16977112e+02,
    3.34288727e+02, 2.13245193e+02, 3.40314667e+02, 2.10254776e+02,
    3.46660065e+02, 2.06513000e+02, 3.52584381e+02, 2.03800110e+02,
    3.25079285e+02, 2.26045883e+02, 3.31362000e+02, 2.23025452e+02,
    3.37548309e+02, 2.19574051e+02, 3.43464905e+02, 2.16270401e+02,
    3.49780151e+02, 2.13026398e+02, 3.55295319e+02, 2.09552704e+02,
    3.28921478e+02, 2.32860504e+02, 3.34692841e+02, 2.29210312e+02,
    3.40639709e+02, 2.26007568e+02, 3.46777100e+02, 2.22611008e+02,
    3.53116486e+02, 2.19125702e+02, 3.58816284e+02, 2.15854034e+02,
    3.31773193e+02, 2.38846802e+02, 3.38047943e+02, 2.35613449e+02,
    3.44153595e+02, 2.32241287e+02, 3.50168518e+02, 2.28865952e+02,
    3.55985931e+02, 2.25456146e+02, 3.61873779e+02, 2.22220886e+02,
    3.35546173e+02, 2.45386230e+02, 3.41421417e+02, 2.41958420e+02,
    3.47430206e+02, 2.38619156e+02, 3.53537476e+02, 2.35222443e+02,
    3.59581757e+02, 2.31908447e+02, 3.65626740e+02, 2.28743469e+02,
    3.38554382e+02, 2.51672546e+02, 3.44839600e+02, 2.48348679e+02,
    3.50805328e+02, 2.44971100e+02, 3.56931519e+02, 2.41529602e+02,
    3.62802185e+02, 2.38142273e+02, 3.68509216e+02, 2.34826080e+02,
    3.42196594e+02, 2.58453888e+02, 3.48131409e+02, 2.54773529e+02,
    3.54014771e+02, 2.51372238e+02, 3.60006470e+02, 2.47879150e+02,
    3.66125580e+02, 2.44645020e+02, 3.72055206e+02, 2.41241394e+02,
    3.45106049e+02, 2.64012146e+02, 3.51272614e+02, 2.61260742e+02,
    3.57420044e+02, 2.57156342e+02, 3.63398773e+02, 2.54081665e+02,
    3.69588531e+02, 2.50211090e+02, 3.74795013e+02, 2.47403458e+02 ]
