%YAML:1.0
---
points: [ 5.43229492e+02, 8.50522949e+02, 5.69641113e+02, 8.30980774e+02,
    5.96380432e+02, 8.11303955e+02, 6.23325562e+02, 7.91476868e+02,
    6.50533813e+02, 7.71363831e+02, 6.78057983e+02, 7.51139221e+02,
    5.67424500e+02, 8.75992737e+02, 5.93703613e+02, 8.56676819e+02,
    6.20412964e+02, 8.37253723e+02, 6.47228027e+02, 8.17630310e+02,
    6.74386414e+02, 7.97806702e+02, 7.01781128e+02, 7.77799988e+02,
    5.91266296e+02, 9.01180176e+02, 6.17546387e+02, 8.82073792e+02,
    6.44152344e+02, 8.62870361e+02, 6.70816956e+02, 8.43632507e+02,
    6.97954773e+02, 8.24237244e+02, 7.25383484e+02, 8.04498169e+02,
    6.14845947e+02, 9.25859558e+02, 6.41122986e+02, 9.07155457e+02,
    6.67579407e+02, 8.88282349e+02, 6.94271240e+02, 8.69230225e+02,
    7.21402344e+02, 8.49934570e+02, 7.48701599e+02, 8.30486511e+02,
    6.38088562e+02, 9.50311523e+02, 6.64359131e+02, 9.31791077e+02,
    6.90659729e+02, 9.13265808e+02, 7.17378845e+02, 8.94489319e+02,
    7.44429688e+02, 8.75526489e+02, 7.71700317e+02, 8.56241150e+02,
    6.61066162e+02, 9.74487671e+02, 6.87204590e+02, 9.56305359e+02,
    7.13585999e+02, 9.37902344e+02, 7.40141724e+02, 9.19394714e+02,
    7.67163452e+02, 9.00576721e+02, 7.94381104e+02, 8.81577515e+02,
    6.83456421e+02, 9.98644653e+02, 7.09646667e+02, 9.80685852e+02,
    7.35908691e+02, 9.62618469e+02, 7.62531250e+02, 9.44410278e+02,
    7.89415649e+02, 9.25824646e+02, 8.16726074e+02, 9.07151367e+02,
    7.05696533e+02, 1.02284222e+03, 7.31636841e+02, 1.00542535e+03,
    7.57964539e+02, 9.87605835e+02, 7.84485657e+02, 9.69747314e+02,
    8.11381653e+02, 9.51551880e+02, 8.38662415e+02, 9.32786011e+02 ]
