%YAML:1.0
---
points: [ 1.76480151e+03, 1.53760559e+02, 1.79010828e+03, 1.53193527e+02,
    1.81505469e+03, 1.52511078e+02, 1.83953430e+03, 1.51926071e+02,
    1.86426172e+03, 1.51394913e+02, 1.88887781e+03, 1.50886276e+02,
    1.76229822e+03, 1.79973068e+02, 1.78705627e+03, 1.79303452e+02,
    1.81199426e+03, 1.78562576e+02, 1.83672180e+03, 1.77843903e+02,
    1.86146033e+03, 1.77371750e+02, 1.88609790e+03, 1.76713516e+02,
    1.75988269e+03, 2.05565399e+02, 1.78480566e+03, 2.04898438e+02,
    1.80971301e+03, 2.04265396e+02, 1.83442871e+03, 2.03590591e+02,
    1.85910889e+03, 2.02931320e+02, 1.88377625e+03, 2.02410568e+02,
    1.75812268e+03, 2.31055069e+02, 1.78302808e+03, 2.30353867e+02,
    1.80770642e+03, 2.29662888e+02, 1.83237231e+03, 2.29080811e+02,
    1.85678882e+03, 2.28459244e+02, 1.88134460e+03, 2.27740311e+02,
    1.75593738e+03, 2.56442719e+02, 1.78085352e+03, 2.55717117e+02,
    1.80563342e+03, 2.55069443e+02, 1.83018921e+03, 2.54449097e+02,
    1.85460303e+03, 2.53695389e+02, 1.87929272e+03, 2.53164520e+02,
    1.75414844e+03, 2.81740112e+02, 1.77893420e+03, 2.80965515e+02,
    1.80353040e+03, 2.80354889e+02, 1.82792004e+03, 2.79541595e+02,
    1.85261292e+03, 2.78852631e+02, 1.87686780e+03, 2.78238129e+02,
    1.75188159e+03, 3.06685516e+02, 1.77657910e+03, 3.06075684e+02,
    1.80137805e+03, 3.05300781e+02, 1.82591736e+03, 3.04530609e+02,
    1.85017346e+03, 3.03819275e+02, 1.87469226e+03, 3.03290100e+02,
    1.74969604e+03, 3.31619537e+02, 1.77449976e+03, 3.30706940e+02,
    1.79924304e+03, 3.30132812e+02, 1.82340295e+03, 3.29428131e+02,
    1.84791394e+03, 3.28772400e+02, 1.87215234e+03, 3.28244659e+02 ]
