%YAML:1.0
---
points: [ 1.37767303e+02, 3.13779205e+02, 1.46981430e+02, 3.06950775e+02,
    1.56222733e+02, 3.00054962e+02, 1.65680984e+02, 2.93128815e+02,
    1.75140625e+02, 2.86040039e+02, 1.84746948e+02, 2.78925201e+02,
    1.46085175e+02, 3.22542267e+02, 1.55282089e+02, 3.15780029e+02,
    1.64508423e+02, 3.09007019e+02, 1.73875717e+02, 3.02117889e+02,
    1.83318909e+02, 2.95181763e+02, 1.92947510e+02, 2.88084015e+02,
    1.54349167e+02, 3.31130585e+02, 1.63460693e+02, 3.24569702e+02,
    1.72719482e+02, 3.17799622e+02, 1.81987137e+02, 3.11140594e+02,
    1.91482819e+02, 3.04258301e+02, 2.01022369e+02, 2.97301697e+02,
    1.62435822e+02, 3.39659729e+02, 1.71590744e+02, 3.33136993e+02,
    1.80772720e+02, 3.26601440e+02, 1.90124985e+02, 3.19905304e+02,
    1.99525711e+02, 3.13184723e+02, 2.09147263e+02, 3.06322083e+02,
    1.70480057e+02, 3.47979187e+02, 1.79610596e+02, 3.41668854e+02,
    1.88777206e+02, 3.35210571e+02, 1.98059296e+02, 3.28671417e+02,
    2.07462051e+02, 3.21978333e+02, 2.17012939e+02, 3.15188477e+02,
    1.78422134e+02, 3.56378662e+02, 1.87495865e+02, 3.50038483e+02,
    1.96634369e+02, 3.43680298e+02, 2.05925064e+02, 3.37175812e+02,
    2.15383408e+02, 3.30669556e+02, 2.24899002e+02, 3.23961121e+02,
    1.86151260e+02, 3.64539093e+02, 1.95193924e+02, 3.58485626e+02,
    2.04384872e+02, 3.52187012e+02, 2.13684631e+02, 3.45837433e+02,
    2.23088516e+02, 3.39350555e+02, 2.32561264e+02, 3.32781342e+02,
    1.93798447e+02, 3.72906494e+02, 2.02937469e+02, 3.66779968e+02,
    2.11994461e+02, 3.60782684e+02, 2.21318954e+02, 3.54501221e+02,
    2.30650742e+02, 3.48178589e+02, 2.40224884e+02, 3.41638641e+02 ]
