%YAML:1.0
---
points: [ 1.37766785e+02, 3.13733978e+02, 1.46959808e+02, 3.06931549e+02,
    1.56246933e+02, 3.00024872e+02, 1.65642075e+02, 2.93088898e+02,
    1.75123260e+02, 2.85988037e+02, 1.84714798e+02, 2.78894135e+02,
    1.46082718e+02, 3.22489502e+02, 1.55253967e+02, 3.15735352e+02,
    1.64467636e+02, 3.08964996e+02, 1.73830063e+02, 3.02076263e+02,
    1.83314804e+02, 2.95148407e+02, 1.92909149e+02, 2.88071472e+02,
    1.54340332e+02, 3.31115326e+02, 1.63442001e+02, 3.24560333e+02,
    1.72696152e+02, 3.17768799e+02, 1.81985733e+02, 3.11100739e+02,
    1.91508408e+02, 3.04201263e+02, 2.01014145e+02, 2.97283173e+02,
    1.62426910e+02, 3.39618866e+02, 1.71547806e+02, 3.33087585e+02,
    1.80794006e+02, 3.26581268e+02, 1.90111328e+02, 3.19877686e+02,
    1.99544876e+02, 3.13136383e+02, 2.09094803e+02, 3.06285583e+02,
    1.70453995e+02, 3.47958893e+02, 1.79594757e+02, 3.41650085e+02,
    1.88784988e+02, 3.35171875e+02, 1.98046310e+02, 3.28600739e+02,
    2.07480957e+02, 3.21944031e+02, 2.16987885e+02, 3.15152527e+02,
    1.78401794e+02, 3.56356354e+02, 1.87469864e+02, 3.50020874e+02,
    1.96612061e+02, 3.43665344e+02, 2.05920486e+02, 3.37175262e+02,
    2.15389236e+02, 3.30645874e+02, 2.24857925e+02, 3.23939667e+02,
    1.86136246e+02, 3.64512817e+02, 1.95173752e+02, 3.58440186e+02,
    2.04373383e+02, 3.52174194e+02, 2.13683746e+02, 3.45815704e+02,
    2.23068146e+02, 3.39321167e+02, 2.32527802e+02, 3.32744537e+02,
    1.93819473e+02, 3.72864532e+02, 2.02959183e+02, 3.66772156e+02,
    2.11980331e+02, 3.60761475e+02, 2.21288071e+02, 3.54495514e+02,
    2.30655411e+02, 3.48178589e+02, 2.40187805e+02, 3.41594513e+02 ]
