%YAML:1.0
---
points: [ 5.43196045e+02, 8.50431946e+02, 5.69674561e+02, 8.30859436e+02,
    5.96356750e+02, 8.11174927e+02, 6.23279358e+02, 7.91356140e+02,
    6.50483032e+02, 7.71217346e+02, 6.78017273e+02, 7.50923340e+02,
    5.67402832e+02, 8.75882690e+02, 5.93665466e+02, 8.56565491e+02,
    6.20386108e+02, 8.37144348e+02, 6.47243530e+02, 8.17519470e+02,
    6.74351257e+02, 7.97702209e+02, 7.01790222e+02, 7.77665955e+02,
    5.91249634e+02, 9.01038208e+02, 6.17540344e+02, 8.81930176e+02,
    6.44057983e+02, 8.62757385e+02, 6.70831604e+02, 8.43537231e+02,
    6.97887390e+02, 8.24109131e+02, 7.25350281e+02, 8.04411560e+02,
    6.14794434e+02, 9.25744080e+02, 6.41115295e+02, 9.07036377e+02,
    6.67555176e+02, 8.88167297e+02, 6.94278992e+02, 8.69084595e+02,
    7.21350647e+02, 8.49823364e+02, 7.48698608e+02, 8.30383301e+02,
    6.38045044e+02, 9.50174805e+02, 6.64320679e+02, 9.31691895e+02,
    6.90589294e+02, 9.13144775e+02, 7.17360657e+02, 8.94418030e+02,
    7.44410828e+02, 8.75446167e+02, 7.71654663e+02, 8.56132324e+02,
    6.60997253e+02, 9.74446472e+02, 6.87164673e+02, 9.56202637e+02,
    7.13543396e+02, 9.37794800e+02, 7.40136902e+02, 9.19301514e+02,
    7.67141235e+02, 9.00497070e+02, 7.94353455e+02, 8.81481995e+02,
    6.83426453e+02, 9.98556519e+02, 7.09599243e+02, 9.80602478e+02,
    7.35834412e+02, 9.62531128e+02, 7.62496460e+02, 9.44300842e+02,
    7.89361572e+02, 9.25746948e+02, 8.16659424e+02, 9.07045227e+02,
    7.05624634e+02, 1.02278223e+03, 7.31582092e+02, 1.00532782e+03,
    7.57891785e+02, 9.87518677e+02, 7.84447021e+02, 9.69635681e+02,
    8.11344299e+02, 9.51475891e+02, 8.38645569e+02, 9.32691345e+02 ]
