%YAML:1.0
---
points: [ 1.28824570e+02, 2.65823792e+02, 1.38169922e+02, 2.58679535e+02,
    1.47472351e+02, 2.51545853e+02, 1.56917145e+02, 2.44319473e+02,
    1.66466949e+02, 2.36988647e+02, 1.76111130e+02, 2.29633209e+02,
    1.37311127e+02, 2.74825104e+02, 1.46530960e+02, 2.67829498e+02,
    1.55869232e+02, 2.60761078e+02, 1.65292618e+02, 2.53607544e+02,
    1.74822235e+02, 2.46401428e+02, 1.84423676e+02, 2.39091232e+02,
    1.45622406e+02, 2.83713806e+02, 1.54808624e+02, 2.76781158e+02,
    1.64148178e+02, 2.69795746e+02, 1.73554749e+02, 2.62803070e+02,
    1.82983749e+02, 2.55709595e+02, 1.92633362e+02, 2.48501129e+02,
    1.53890900e+02, 2.92415497e+02, 1.62997513e+02, 2.85629333e+02,
    1.72287216e+02, 2.78753113e+02, 1.81640915e+02, 2.71818085e+02,
    1.91150482e+02, 2.64735321e+02, 2.00678879e+02, 2.57730743e+02,
    1.61948807e+02, 3.01023163e+02, 1.71104385e+02, 2.94298401e+02,
    1.80328781e+02, 2.87554749e+02, 1.89677963e+02, 2.80696289e+02,
    1.99097900e+02, 2.73736053e+02, 2.08613678e+02, 2.66724670e+02,
    1.69890182e+02, 3.09576385e+02, 1.79013657e+02, 3.02879700e+02,
    1.88242554e+02, 2.96226532e+02, 1.97568817e+02, 2.89478882e+02,
    2.06928101e+02, 2.82614838e+02, 2.16486206e+02, 2.75625549e+02,
    1.77690643e+02, 3.18002899e+02, 1.86792664e+02, 3.11464630e+02,
    1.96010986e+02, 3.04896698e+02, 2.05268433e+02, 2.98205231e+02,
    2.14749481e+02, 2.91418579e+02, 2.24195541e+02, 2.84655518e+02,
    1.85407120e+02, 3.26487976e+02, 1.94449951e+02, 3.20109406e+02,
    2.03656189e+02, 3.13618408e+02, 2.12914093e+02, 3.07048187e+02,
    2.22246704e+02, 3.00422760e+02, 2.31789139e+02, 2.93628510e+02 ]
