%YAML:1.0
---
points: [ 1.89564392e+03, 3.13544708e+02, 1.89246130e+03, 3.38253265e+02,
    1.88930212e+03, 3.62648560e+02, 1.88568152e+03, 3.86869263e+02,
    1.88243640e+03, 4.11125458e+02, 1.87916455e+03, 4.34963959e+02,
    1.87094653e+03, 3.13567352e+02, 1.86793689e+03, 3.38390625e+02,
    1.86455627e+03, 3.62730560e+02, 1.86148730e+03, 3.87064789e+02,
    1.85841724e+03, 4.11235138e+02, 1.85521912e+03, 4.35136261e+02,
    1.84697095e+03, 3.13686798e+02, 1.84368347e+03, 3.38511017e+02,
    1.84068372e+03, 3.62919891e+02, 1.83760669e+03, 3.87266846e+02,
    1.83454529e+03, 4.11421692e+02, 1.83171790e+03, 4.35303009e+02,
    1.82286194e+03, 3.13795197e+02, 1.81999365e+03, 3.38706635e+02,
    1.81695178e+03, 3.63132629e+02, 1.81385889e+03, 3.87422791e+02,
    1.81093640e+03, 4.11596069e+02, 1.80791650e+03, 4.35516327e+02,
    1.79887610e+03, 3.14025208e+02, 1.79582837e+03, 3.38758209e+02,
    1.79291516e+03, 3.63364075e+02, 1.79012573e+03, 3.87530457e+02,
    1.78716589e+03, 4.11812195e+02, 1.78434753e+03, 4.35648193e+02,
    1.77478235e+03, 3.14282898e+02, 1.77189429e+03, 3.39018524e+02,
    1.76899841e+03, 3.63534760e+02, 1.76610852e+03, 3.87768860e+02,
    1.76334583e+03, 4.11969391e+02, 1.76046924e+03, 4.35855377e+02,
    1.75027808e+03, 3.14457611e+02, 1.74754102e+03, 3.39306671e+02,
    1.74464343e+03, 3.63804749e+02, 1.74199121e+03, 3.87947784e+02,
    1.73922290e+03, 4.12240692e+02, 1.73665479e+03, 4.36095917e+02,
    1.72591663e+03, 3.14607147e+02, 1.72314319e+03, 3.39502350e+02,
    1.72055212e+03, 3.63982330e+02, 1.71770850e+03, 3.88233337e+02,
    1.71522095e+03, 4.12434357e+02, 1.71249731e+03, 4.36344391e+02 ]
