%YAML:1.0
---
points: [ 4.94541229e+02, 5.16920837e+02, 5.21430298e+02, 4.95692993e+02,
    5.48520325e+02, 4.74388275e+02, 5.75760742e+02, 4.52850189e+02,
    6.03376587e+02, 4.31144928e+02, 6.31172241e+02, 4.09235748e+02,
    5.19524963e+02, 5.44517151e+02, 5.46357666e+02, 5.23542297e+02,
    5.73347412e+02, 5.02489471e+02, 6.00448303e+02, 4.81337982e+02,
    6.27926941e+02, 4.59811249e+02, 6.55700989e+02, 4.38261780e+02,
    5.44190247e+02, 5.71645752e+02, 5.70896973e+02, 5.51041870e+02,
    5.97744873e+02, 5.30259583e+02, 6.24772583e+02, 5.09386902e+02,
    6.52080017e+02, 4.88323883e+02, 6.79666748e+02, 4.66954193e+02,
    5.68442688e+02, 5.98330505e+02, 5.95007263e+02, 5.77897705e+02,
    6.21821106e+02, 5.57436401e+02, 6.48690552e+02, 5.36824219e+02,
    6.76016174e+02, 5.16090576e+02, 7.03466492e+02, 4.95027649e+02,
    5.92352844e+02, 6.24485657e+02, 6.18842529e+02, 6.04426514e+02,
    6.45482544e+02, 5.84301147e+02, 6.72313660e+02, 5.63926086e+02,
    6.99366028e+02, 5.43483826e+02, 7.26725769e+02, 5.22620300e+02,
    6.15686646e+02, 6.50313293e+02, 6.42108398e+02, 6.30476196e+02,
    6.68651306e+02, 6.10575623e+02, 6.95389282e+02, 5.90531921e+02,
    7.22422302e+02, 5.70308899e+02, 7.49615295e+02, 5.49754822e+02,
    6.38578857e+02, 6.75814819e+02, 6.64899231e+02, 6.56302002e+02,
    6.91361572e+02, 6.36633972e+02, 7.17980835e+02, 6.16904541e+02,
    7.44816101e+02, 5.96918213e+02, 7.72081421e+02, 5.76742920e+02,
    6.61219849e+02, 7.01279114e+02, 6.87278381e+02, 6.82169617e+02,
    7.13611206e+02, 6.62804749e+02, 7.40174683e+02, 6.43347107e+02,
    7.66904724e+02, 6.23606812e+02, 7.94001892e+02, 6.03589844e+02 ]
