%YAML:1.0
---
points: [ 1.76351697e+03, 4.24565094e+02, 1.76067261e+03, 4.47197021e+02,
    1.75788904e+03, 4.69733734e+02, 1.75483704e+03, 4.91850281e+02,
    1.75220630e+03, 5.13987976e+02, 1.74915869e+03, 5.36018616e+02,
    1.74133801e+03, 4.24469208e+02, 1.73834692e+03, 4.47106781e+02,
    1.73560254e+03, 4.69638824e+02, 1.73286890e+03, 4.91772461e+02,
    1.73016895e+03, 5.13936096e+02, 1.72755054e+03, 5.36032104e+02,
    1.71919080e+03, 4.24437286e+02, 1.71658972e+03, 4.46929565e+02,
    1.71386975e+03, 4.69644989e+02, 1.71140662e+03, 4.91814392e+02,
    1.70867456e+03, 5.13996277e+02, 1.70627820e+03, 5.36121887e+02,
    1.69753369e+03, 4.24391449e+02, 1.69521838e+03, 4.46959625e+02,
    1.69238232e+03, 4.69662933e+02, 1.69014648e+03, 4.91877808e+02,
    1.68732361e+03, 5.14119324e+02, 1.68491895e+03, 5.36176575e+02,
    1.67568762e+03, 4.24361572e+02, 1.67336157e+03, 4.46993988e+02,
    1.67068579e+03, 4.69687256e+02, 1.66832300e+03, 4.91873566e+02,
    1.66574072e+03, 5.14150024e+02, 1.66346448e+03, 5.36310486e+02,
    1.65405334e+03, 4.24374084e+02, 1.65163721e+03, 4.46991547e+02,
    1.64909155e+03, 4.69696381e+02, 1.64670276e+03, 4.91927948e+02,
    1.64428503e+03, 5.14247070e+02, 1.64197363e+03, 5.36366760e+02,
    1.63186609e+03, 4.24295837e+02, 1.62941541e+03, 4.46961548e+02,
    1.62726111e+03, 4.69696136e+02, 1.62494141e+03, 4.91961823e+02,
    1.62255542e+03, 5.14265381e+02, 1.62044092e+03, 5.36436829e+02,
    1.60981677e+03, 4.24285553e+02, 1.60750037e+03, 4.46968842e+02,
    1.60538330e+03, 4.69692444e+02, 1.60287244e+03, 4.92019073e+02,
    1.60071313e+03, 5.14327515e+02, 1.59851074e+03, 5.36534302e+02 ]
