%YAML:1.0
---
points: [ 1.19670647e+02, 1.98144104e+02, 1.29030426e+02, 1.90674271e+02,
    1.38500687e+02, 1.83152496e+02, 1.47999313e+02, 1.75621506e+02,
    1.57598053e+02, 1.67916824e+02, 1.67284927e+02, 1.60269745e+02,
    1.28298721e+02, 2.07686981e+02, 1.37599854e+02, 2.00298798e+02,
    1.47028717e+02, 1.92879425e+02, 1.56530350e+02, 1.85447144e+02,
    1.66123825e+02, 1.77884735e+02, 1.75725967e+02, 1.70305603e+02,
    1.36744019e+02, 2.17012894e+02, 1.46068008e+02, 2.09728027e+02,
    1.55486282e+02, 2.02449951e+02, 1.65220062e+02, 1.95526123e+02,
    1.74420364e+02, 1.87708817e+02, 1.84032486e+02, 1.80227310e+02,
    1.45148300e+02, 2.26231293e+02, 1.54371887e+02, 2.19076355e+02,
    1.63735748e+02, 2.11858887e+02, 1.72492004e+02, 2.04181610e+02,
    1.82644348e+02, 1.97312744e+02, 1.92218307e+02, 1.89899765e+02,
    1.53310928e+02, 2.35206955e+02, 1.62561768e+02, 2.28207962e+02,
    1.71887466e+02, 2.21096085e+02, 1.81223602e+02, 2.14008102e+02,
    1.90737518e+02, 2.06704208e+02, 2.00232635e+02, 1.99431335e+02,
    1.61387711e+02, 2.44162643e+02, 1.70596344e+02, 2.37209625e+02,
    1.79872253e+02, 2.30174652e+02, 1.89148193e+02, 2.23116974e+02,
    1.98645065e+02, 2.15974747e+02, 2.08127716e+02, 2.08748001e+02,
    1.69251022e+02, 2.52920456e+02, 1.78420685e+02, 2.46057571e+02,
    1.87709518e+02, 2.39136475e+02, 1.97004715e+02, 2.32174850e+02,
    2.06393051e+02, 2.25137909e+02, 2.15814987e+02, 2.18063583e+02,
    1.76990494e+02, 2.61663635e+02, 1.86120071e+02, 2.54927811e+02,
    1.95370438e+02, 2.48141235e+02, 2.04608978e+02, 2.41310120e+02,
    2.13942871e+02, 2.34348770e+02, 2.23422928e+02, 2.27375702e+02 ]
