%YAML:1.0
---
points: [ 1.76769531e+03, 4.90259583e+02, 1.76490479e+03, 5.12579651e+02,
    1.76231824e+03, 5.34608459e+02, 1.75934363e+03, 5.56549927e+02,
    1.75645166e+03, 5.78432556e+02, 1.75361780e+03, 6.00283325e+02,
    1.74526892e+03, 4.90228485e+02, 1.74257373e+03, 5.12496216e+02,
    1.73972070e+03, 5.34566833e+02, 1.73737048e+03, 5.56518188e+02,
    1.73448730e+03, 5.78492737e+02, 1.73216663e+03, 6.00332031e+02,
    1.72329407e+03, 4.90230042e+02, 1.72075757e+03, 5.12517334e+02,
    1.71812329e+03, 5.34628540e+02, 1.71565613e+03, 5.56591553e+02,
    1.71297058e+03, 5.78578735e+02, 1.71062109e+03, 6.00462158e+02,
    1.70154333e+03, 4.90302704e+02, 1.69924426e+03, 5.12615295e+02,
    1.69654700e+03, 5.34738525e+02, 1.69410889e+03, 5.56767273e+02,
    1.69148254e+03, 5.78728882e+02, 1.68925391e+03, 6.00576660e+02,
    1.67980786e+03, 4.90315826e+02, 1.67736060e+03, 5.12674500e+02,
    1.67498474e+03, 5.34836975e+02, 1.67249207e+03, 5.56869263e+02,
    1.67002380e+03, 5.78829590e+02, 1.66770215e+03, 6.00781982e+02,
    1.65804846e+03, 4.90433899e+02, 1.65553723e+03, 5.12728516e+02,
    1.65333154e+03, 5.34951843e+02, 1.65073865e+03, 5.57082947e+02,
    1.64847437e+03, 5.79072693e+02, 1.64625708e+03, 6.00894348e+02,
    1.63581836e+03, 4.90432678e+02, 1.63351172e+03, 5.12788086e+02,
    1.63140271e+03, 5.35129700e+02, 1.62892285e+03, 5.57163940e+02,
    1.62673242e+03, 5.79209229e+02, 1.62447302e+03, 6.01039551e+02,
    1.61362354e+03, 4.90482849e+02, 1.61148181e+03, 5.12875183e+02,
    1.60931836e+03, 5.35201233e+02, 1.60709766e+03, 5.57235718e+02,
    1.60504517e+03, 5.79322632e+02, 1.60263257e+03, 6.01173340e+02 ]
