%YAML:1.0
---
points: [ 1.12170181e+02, 9.65365143e+01, 1.21148529e+02, 8.78074570e+01,
    1.30166901e+02, 7.90047607e+01, 1.39497650e+02, 6.99524918e+01,
    1.48949814e+02, 6.07991638e+01, 1.58775787e+02, 5.12495613e+01,
    1.22429512e+02, 1.06766449e+02, 1.31311844e+02, 9.83005371e+01,
    1.40377930e+02, 8.97551346e+01, 1.49630615e+02, 8.09207840e+01,
    1.59101990e+02, 7.19230499e+01, 1.68828415e+02, 6.27733612e+01,
    1.32415604e+02, 1.16797981e+02, 1.41309402e+02, 1.08596184e+02,
    1.50370270e+02, 1.00237236e+02, 1.59603424e+02, 9.16991348e+01,
    1.69031982e+02, 8.29979935e+01, 1.78736221e+02, 7.40445328e+01,
    1.42264221e+02, 1.26557159e+02, 1.51103546e+02, 1.18563339e+02,
    1.60131943e+02, 1.10478737e+02, 1.69281998e+02, 1.02177872e+02,
    1.78728836e+02, 9.37098007e+01, 1.88368729e+02, 8.49923019e+01,
    1.51778641e+02, 1.36000046e+02, 1.60661453e+02, 1.28334717e+02,
    1.69598495e+02, 1.20416466e+02, 1.78742905e+02, 1.12387573e+02,
    1.88147537e+02, 1.04132301e+02, 1.97754028e+02, 9.56841278e+01,
    1.61065231e+02, 1.45318588e+02, 1.69857086e+02, 1.37719009e+02,
    1.78822266e+02, 1.30077225e+02, 1.87930115e+02, 1.22251305e+02,
    1.97296310e+02, 1.14239014e+02, 2.06848480e+02, 1.06010307e+02,
    1.70057785e+02, 1.54295639e+02, 1.78783859e+02, 1.46991806e+02,
    1.87732208e+02, 1.39541290e+02, 1.96813004e+02, 1.31940247e+02,
    2.06141144e+02, 1.24107246e+02, 2.15620758e+02, 1.16124458e+02,
    1.78757629e+02, 1.63185196e+02, 1.87514832e+02, 1.56099442e+02,
    1.96382324e+02, 1.48865067e+02, 2.05467575e+02, 1.41447372e+02,
    2.14690979e+02, 1.33899933e+02, 2.24201004e+02, 1.26061020e+02 ]
