%YAML:1.0
---
points: [ 1.23904640e+02, 2.95333832e+02, 1.34032883e+02, 2.87959290e+02,
    1.44038544e+02, 2.80511597e+02, 1.54168152e+02, 2.73056183e+02,
    1.64239349e+02, 2.65653076e+02, 1.74325653e+02, 2.58210266e+02,
    1.31398773e+02, 3.05326508e+02, 1.41388092e+02, 2.97929932e+02,
    1.51497696e+02, 2.90491913e+02, 1.61495102e+02, 2.83238037e+02,
    1.71656265e+02, 2.75614746e+02, 1.81756042e+02, 2.68225922e+02,
    1.38826447e+02, 3.15254974e+02, 1.48879684e+02, 3.07878815e+02,
    1.58915924e+02, 3.00463562e+02, 1.68957245e+02, 2.93073608e+02,
    1.79054504e+02, 2.85609528e+02, 1.89103928e+02, 2.78132538e+02,
    1.46307587e+02, 3.25227600e+02, 1.56320236e+02, 3.17807831e+02,
    1.66345001e+02, 3.10403290e+02, 1.76388321e+02, 3.02957916e+02,
    1.86430130e+02, 2.95570160e+02, 1.96530045e+02, 2.88173401e+02,
    1.53706192e+02, 3.35069122e+02, 1.63749084e+02, 3.27787018e+02,
    1.73780746e+02, 3.20366425e+02, 1.83759552e+02, 3.12969543e+02,
    1.93854492e+02, 3.05518341e+02, 2.03837845e+02, 2.98114014e+02,
    1.61171066e+02, 3.45010620e+02, 1.71152527e+02, 3.37574982e+02,
    1.81171799e+02, 3.30246155e+02, 1.91145523e+02, 3.22920929e+02,
    2.01225494e+02, 3.15493011e+02, 2.11235596e+02, 3.08083099e+02,
    1.68508667e+02, 3.54769592e+02, 1.78488037e+02, 3.47589813e+02,
    1.88483231e+02, 3.40171906e+02, 1.98505936e+02, 3.32891693e+02,
    2.08563492e+02, 3.25453094e+02, 2.18587769e+02, 3.18012482e+02,
    1.75873718e+02, 3.64888916e+02, 1.85821686e+02, 3.57564240e+02,
    1.95780365e+02, 3.50351898e+02, 2.05795456e+02, 3.42968414e+02,
    2.15790817e+02, 3.35633545e+02, 2.25903564e+02, 3.28161133e+02 ]
