%YAML:1.0
---
points: [ 2.42782883e+02, 8.15377136e+02, 2.69478333e+02, 7.93776489e+02,
    2.96296692e+02, 7.72161438e+02, 3.23154694e+02, 7.50432556e+02,
    3.50302979e+02, 7.28527466e+02, 3.77441681e+02, 7.06555115e+02,
    2.63743286e+02, 8.43942017e+02, 2.90505615e+02, 8.22510925e+02,
    3.17414276e+02, 8.00909973e+02, 3.44399536e+02, 7.79334473e+02,
    3.71579437e+02, 7.57496704e+02, 3.98843628e+02, 7.35487793e+02,
    2.84822083e+02, 8.72933289e+02, 3.11719269e+02, 8.51485229e+02,
    3.38591156e+02, 8.29955566e+02, 3.65594757e+02, 8.08363586e+02,
    3.92711823e+02, 7.86571472e+02, 4.20231445e+02, 7.64600281e+02,
    3.06203552e+02, 9.01765686e+02, 3.32998047e+02, 8.80437378e+02,
    3.59995178e+02, 8.58872070e+02, 3.87061005e+02, 8.37316040e+02,
    4.14489349e+02, 8.15522217e+02, 4.41979645e+02, 7.93568909e+02,
    3.27425323e+02, 9.30776733e+02, 3.54404022e+02, 9.09432373e+02,
    3.81383270e+02, 8.87940979e+02, 4.08551239e+02, 8.66432129e+02,
    4.35969055e+02, 8.44659180e+02, 4.63680237e+02, 8.22702393e+02,
    3.48633728e+02, 9.59708557e+02, 3.75589813e+02, 9.38453735e+02,
    4.02763672e+02, 9.17007568e+02, 4.30067444e+02, 8.95505676e+02,
    4.57635193e+02, 8.73740479e+02, 4.85427887e+02, 8.51891357e+02,
    3.69490021e+02, 9.88966553e+02, 3.96655792e+02, 9.67713684e+02,
    4.23802795e+02, 9.46477722e+02, 4.51326965e+02, 9.24977112e+02,
    4.78857788e+02, 9.03286987e+02, 5.06740387e+02, 8.81448608e+02,
    3.90427277e+02, 1.01860901e+03, 4.17373474e+02, 9.97602417e+02,
    4.44645447e+02, 9.76351990e+02, 4.72105988e+02, 9.55005554e+02,
    4.99732544e+02, 9.33298828e+02, 5.27929810e+02, 9.11379333e+02 ]
