%YAML:1.0
---
points: [ 2.58109436e+01, 1.55745224e+02, 3.27281380e+01, 1.47682693e+02,
    3.96076126e+01, 1.39395676e+02, 4.68237190e+01, 1.30962341e+02,
    5.41245117e+01, 1.22337784e+02, 6.17873001e+01, 1.13438057e+02,
    3.55586166e+01, 1.64889755e+02, 4.23102112e+01, 1.56934158e+02,
    4.94379997e+01, 1.48905472e+02, 5.66293297e+01, 1.40628845e+02,
    6.41988678e+01, 1.32179489e+02, 7.18343430e+01, 1.23585747e+02,
    4.50689697e+01, 1.73951645e+02, 5.21763611e+01, 1.66164185e+02,
    5.92189331e+01, 1.58251205e+02, 6.66071320e+01, 1.50230591e+02,
    7.41144791e+01, 1.41963791e+02, 8.18921890e+01, 1.33497177e+02,
    5.48545876e+01, 1.82816620e+02, 6.18032494e+01, 1.75262329e+02,
    6.91452408e+01, 1.67512161e+02, 7.64902344e+01, 1.59601608e+02,
    8.42055206e+01, 1.51592728e+02, 9.20210876e+01, 1.43301437e+02,
    6.43061600e+01, 1.91595810e+02, 7.15911484e+01, 1.84215454e+02,
    7.88648300e+01, 1.76640900e+02, 8.63862915e+01, 1.68970245e+02,
    9.40837555e+01, 1.61086578e+02, 1.02129814e+02, 1.53039215e+02,
    7.38968430e+01, 2.00272964e+02, 8.10670090e+01, 1.93058960e+02,
    8.85423355e+01, 1.85659988e+02, 9.61162643e+01, 1.78133148e+02,
    1.04000015e+02, 1.70393066e+02, 1.11938667e+02, 1.62455673e+02,
    8.31023102e+01, 2.08829010e+02, 9.04651489e+01, 2.01766251e+02,
    9.79727554e+01, 1.94538696e+02, 1.05649994e+02, 1.87190811e+02,
    1.13518433e+02, 1.79615631e+02, 1.21653969e+02, 1.71928009e+02,
    9.23148499e+01, 2.17406677e+02, 9.96483841e+01, 2.10489075e+02,
    1.07179726e+02, 2.03407761e+02, 1.14876816e+02, 1.96241577e+02,
    1.22876541e+02, 1.88890549e+02, 1.30999664e+02, 1.81280197e+02 ]
