%YAML:1.0
---
points: [ 1.29011731e+03, 2.99718750e+02, 1.28860718e+03, 3.21674042e+02,
    1.28711768e+03, 3.43380157e+02, 1.28564868e+03, 3.64788422e+02,
    1.28437671e+03, 3.86184814e+02, 1.28281018e+03, 4.07379181e+02,
    1.26977454e+03, 2.99600464e+02, 1.26849011e+03, 3.21653198e+02,
    1.26714539e+03, 3.43467712e+02, 1.26572437e+03, 3.64907867e+02,
    1.26452783e+03, 3.86384491e+02, 1.26333630e+03, 4.07559052e+02,
    1.24976880e+03, 2.99525635e+02, 1.24862036e+03, 3.21631287e+02,
    1.24749536e+03, 3.43501556e+02, 1.24620972e+03, 3.64986755e+02,
    1.24492871e+03, 3.86503937e+02, 1.24383887e+03, 4.07718414e+02,
    1.22981860e+03, 2.99393402e+02, 1.22874072e+03, 3.21654358e+02,
    1.22758191e+03, 3.43552185e+02, 1.22651208e+03, 3.65237732e+02,
    1.22544690e+03, 3.86607025e+02, 1.22434094e+03, 4.08131042e+02,
    1.20980786e+03, 2.99310242e+02, 1.20867651e+03, 3.21600464e+02,
    1.20769214e+03, 3.43621033e+02, 1.20661621e+03, 3.65390747e+02,
    1.20571606e+03, 3.86852844e+02, 1.20459656e+03, 4.08398102e+02,
    1.18957776e+03, 2.99210846e+02, 1.18861914e+03, 3.21536774e+02,
    1.18750049e+03, 3.43642548e+02, 1.18665210e+03, 3.65471069e+02,
    1.18564783e+03, 3.87229095e+02, 1.18491333e+03, 4.08640015e+02,
    1.16904309e+03, 2.99129913e+02, 1.16827454e+03, 3.21485107e+02,
    1.16733643e+03, 3.43691284e+02, 1.16640918e+03, 3.65570953e+02,
    1.16554785e+03, 3.87376160e+02, 1.16466174e+03, 4.08897614e+02,
    1.14849390e+03, 2.98992401e+02, 1.14765039e+03, 3.21452698e+02,
    1.14680261e+03, 3.43729675e+02, 1.14601941e+03, 3.65690063e+02,
    1.14532068e+03, 3.87530792e+02, 1.14453027e+03, 4.09192780e+02 ]
