%YAML:1.0
---
points: [ 2.15609344e+02, 6.04435913e+02, 2.39548996e+02, 5.82732849e+02,
    2.63602936e+02, 5.60704529e+02, 2.87980682e+02, 5.38673889e+02,
    3.12741486e+02, 5.16279846e+02, 3.37651337e+02, 4.93601807e+02,
    2.41330597e+02, 6.31673462e+02, 2.65304779e+02, 6.10280945e+02,
    2.89454407e+02, 5.88601196e+02, 3.13876099e+02, 5.66698120e+02,
    3.38644318e+02, 5.44620300e+02, 3.63692291e+02, 5.22132263e+02,
    2.66923035e+02, 6.58688416e+02, 2.90893829e+02, 6.37523010e+02,
    3.15178253e+02, 6.16158447e+02, 3.39539276e+02, 5.94601746e+02,
    3.64277496e+02, 5.72691895e+02, 3.89395630e+02, 5.50580688e+02,
    2.92466766e+02, 6.85452515e+02, 3.16388733e+02, 6.64529236e+02,
    3.40662537e+02, 6.43406921e+02, 3.65145782e+02, 6.22113708e+02,
    3.90016296e+02, 6.00402161e+02, 4.15278656e+02, 5.78496338e+02,
    3.17656860e+02, 7.11944275e+02, 3.41706207e+02, 6.91318848e+02,
    3.65910675e+02, 6.70447449e+02, 3.90454590e+02, 6.49330322e+02,
    4.15376434e+02, 6.27946350e+02, 4.40712280e+02, 6.06266785e+02,
    3.42454895e+02, 7.38171631e+02, 3.66602631e+02, 7.17634521e+02,
    3.90832184e+02, 6.97114929e+02, 4.15522614e+02, 6.76280518e+02,
    4.40574615e+02, 6.55099792e+02, 4.65871185e+02, 6.33590515e+02,
    3.66756531e+02, 7.64359009e+02, 3.90885773e+02, 7.44086121e+02,
    4.15340332e+02, 7.23742432e+02, 4.39997650e+02, 7.03176331e+02,
    4.65082153e+02, 6.82321899e+02, 4.90441803e+02, 6.61175842e+02,
    3.90750244e+02, 7.90447083e+02, 4.14766388e+02, 7.70607422e+02,
    4.39193115e+02, 7.50561340e+02, 4.63779633e+02, 7.30312317e+02,
    4.88833130e+02, 7.09664551e+02, 5.14543091e+02, 6.88549927e+02 ]
