%YAML:1.0
---
points: [ 2.60799656e+01, 2.29158264e+02, 3.39016609e+01, 2.21730331e+02,
    4.17021561e+01, 2.14049408e+02, 4.98892784e+01, 2.06382034e+02,
    5.80983353e+01, 1.98559586e+02, 6.66118164e+01, 1.90560181e+02,
    3.45240059e+01, 2.38553040e+02, 4.22656212e+01, 2.31147232e+02,
    5.03014526e+01, 2.23610443e+02, 5.84352608e+01, 2.15992065e+02,
    6.68509216e+01, 2.08264862e+02, 7.53920975e+01, 2.00387161e+02,
    4.28531418e+01, 2.47816360e+02, 5.08369484e+01, 2.40487122e+02,
    5.88377724e+01, 2.33089371e+02, 6.71395264e+01, 2.25550293e+02,
    7.54784698e+01, 2.17938782e+02, 8.41097336e+01, 2.10184341e+02,
    5.14225044e+01, 2.57002106e+02, 5.92927856e+01, 2.49780869e+02,
    6.75198746e+01, 2.42424759e+02, 7.57903214e+01, 2.35032501e+02,
    8.42762146e+01, 2.27466675e+02, 9.29452286e+01, 2.19819107e+02,
    5.97802887e+01, 2.66042542e+02, 6.79026260e+01, 2.58983887e+02,
    7.59920959e+01, 2.51736649e+02, 8.44298630e+01, 2.44426712e+02,
    9.29950714e+01, 2.36942505e+02, 1.01746315e+02, 2.29352264e+02,
    6.82631378e+01, 2.75163055e+02, 7.62520294e+01, 2.68102692e+02,
    8.45788116e+01, 2.60927094e+02, 9.30094223e+01, 2.53704773e+02,
    1.01661507e+02, 2.46302933e+02, 1.10405258e+02, 2.38807327e+02,
    7.64178238e+01, 2.84128815e+02, 8.46543121e+01, 2.77191803e+02,
    9.29498596e+01, 2.70139587e+02, 1.01423775e+02, 2.62984161e+02,
    1.10107002e+02, 2.55644669e+02, 1.19006042e+02, 2.48269775e+02,
    8.47142258e+01, 2.93176514e+02, 9.27960739e+01, 2.86317657e+02,
    1.01198685e+02, 2.79333008e+02, 1.09674034e+02, 2.72326447e+02,
    1.18373878e+02, 2.65063446e+02, 1.27290253e+02, 2.57685760e+02 ]
