%YAML:1.0
---
points: [ 4.18791389e+01, 2.90360443e+02, 4.95583115e+01, 2.83573273e+02,
    5.71561508e+01, 2.76562653e+02, 6.51731415e+01, 2.69402496e+02,
    7.31921082e+01, 2.62177673e+02, 8.15177536e+01, 2.54718231e+02,
    5.03561134e+01, 2.99468506e+02, 5.78150253e+01, 2.92672882e+02,
    6.57187500e+01, 2.85764679e+02, 7.36282120e+01, 2.78674164e+02,
    8.18712006e+01, 2.71516724e+02, 9.02392502e+01, 2.64196075e+02,
    5.85856552e+01, 3.08317749e+02, 6.63841629e+01, 3.01731567e+02,
    7.41312485e+01, 2.94888519e+02, 8.22419281e+01, 2.87960144e+02,
    9.03658142e+01, 2.80889343e+02, 9.88286667e+01, 2.73644897e+02,
    6.71214523e+01, 3.17269287e+02, 7.46998901e+01, 3.10622253e+02,
    8.26313705e+01, 3.03926758e+02, 9.07094040e+01, 2.97049194e+02,
    9.90509262e+01, 2.90074646e+02, 1.07534958e+02, 2.82910583e+02,
    7.52688904e+01, 3.25949982e+02, 8.31821442e+01, 3.19506226e+02,
    9.10371399e+01, 3.12853027e+02, 9.92057114e+01, 3.06139465e+02,
    1.07554482e+02, 2.99204132e+02, 1.16145164e+02, 2.92089386e+02,
    8.36335602e+01, 3.34732605e+02, 9.13975754e+01, 3.28221619e+02,
    9.94049835e+01, 3.21761841e+02, 1.07643791e+02, 3.15027649e+02,
    1.16076797e+02, 3.08182617e+02, 1.24662186e+02, 3.01127319e+02,
    9.17059555e+01, 3.43265930e+02, 9.95937729e+01, 3.37081787e+02,
    1.07702560e+02, 3.30520477e+02, 1.15926682e+02, 3.24076630e+02,
    1.24393913e+02, 3.17210083e+02, 1.33081543e+02, 3.10336670e+02,
    9.98781128e+01, 3.52172485e+02, 1.07679138e+02, 3.45882660e+02,
    1.15770813e+02, 3.39618561e+02, 1.24042465e+02, 3.33116913e+02,
    1.32537872e+02, 3.26449097e+02, 1.41239059e+02, 3.19568146e+02 ]
