%YAML:1.0
---
points: [ 1.25074304e+03, 2.28154297e+02, 1.24988928e+03, 2.52278030e+02,
    1.24922424e+03, 2.76190674e+02, 1.24835608e+03, 2.99784485e+02,
    1.24749194e+03, 3.23469330e+02, 1.24654675e+03, 3.46570984e+02,
    1.22742761e+03, 2.28606232e+02, 1.22666455e+03, 2.52910767e+02,
    1.22586804e+03, 2.76757996e+02, 1.22521729e+03, 3.00552490e+02,
    1.22447534e+03, 3.24075592e+02, 1.22377905e+03, 3.47261017e+02,
    1.20412622e+03, 2.29296921e+02, 1.20349084e+03, 2.53570908e+02,
    1.20286292e+03, 2.77415161e+02, 1.20237524e+03, 3.01227936e+02,
    1.20178638e+03, 3.24529297e+02, 1.20133142e+03, 3.47969635e+02,
    1.18094727e+03, 2.29827545e+02, 1.18059204e+03, 2.54102005e+02,
    1.18016956e+03, 2.78101135e+02, 1.17963672e+03, 3.01768738e+02,
    1.17922034e+03, 3.25285370e+02, 1.17875195e+03, 3.48575745e+02,
    1.15786853e+03, 2.30448639e+02, 1.15748596e+03, 2.54672028e+02,
    1.15713330e+03, 2.78693726e+02, 1.15671082e+03, 3.02379974e+02,
    1.15636511e+03, 3.25776520e+02, 1.15603589e+03, 3.49205231e+02,
    1.13463647e+03, 2.31105057e+02, 1.13435815e+03, 2.55338287e+02,
    1.13414026e+03, 2.79266632e+02, 1.13385522e+03, 3.02818237e+02,
    1.13358569e+03, 3.26349274e+02, 1.13343994e+03, 3.49669525e+02,
    1.11144543e+03, 2.31725174e+02, 1.11137036e+03, 2.55772339e+02,
    1.11118225e+03, 2.79863190e+02, 1.11105725e+03, 3.03468689e+02,
    1.11090234e+03, 3.26980713e+02, 1.11075903e+03, 3.50334106e+02,
    1.08823486e+03, 2.32356522e+02, 1.08815894e+03, 2.56482758e+02,
    1.08811218e+03, 2.80508362e+02, 1.08805103e+03, 3.03993500e+02,
    1.08794238e+03, 3.27569061e+02, 1.08800818e+03, 3.50772583e+02 ]
