%YAML:1.0
---
points: [ 7.64773712e+01, 3.14169861e+02, 8.36422501e+01, 3.08155182e+02,
    9.07414246e+01, 3.01876556e+02, 9.81524734e+01, 2.95522919e+02,
    1.05763039e+02, 2.88992523e+02, 1.13525261e+02, 2.82365295e+02,
    8.47054367e+01, 3.22716766e+02, 9.16511154e+01, 3.16626648e+02,
    9.89675293e+01, 3.10565796e+02, 1.06318001e+02, 3.04250702e+02,
    1.14040192e+02, 2.97894012e+02, 1.21861763e+02, 2.91301910e+02,
    9.26257401e+01, 3.30967102e+02, 9.97747574e+01, 3.25185425e+02,
    1.07106224e+02, 3.19161682e+02, 1.14629631e+02, 3.13028473e+02,
    1.22259613e+02, 3.06703796e+02, 1.30218384e+02, 3.00295715e+02,
    1.00788277e+02, 3.39375183e+02, 1.07886887e+02, 3.33496704e+02,
    1.15252701e+02, 3.27660828e+02, 1.22814545e+02, 3.21580200e+02,
    1.30625168e+02, 3.15384705e+02, 1.38523163e+02, 3.08977295e+02,
    1.08710846e+02, 3.47407532e+02, 1.15992310e+02, 3.41865936e+02,
    1.23322586e+02, 3.36077454e+02, 1.30999313e+02, 3.30179108e+02,
    1.38747330e+02, 3.24002502e+02, 1.46830368e+02, 3.17764221e+02,
    1.16700157e+02, 3.55743713e+02, 1.23927376e+02, 3.50091797e+02,
    1.31424332e+02, 3.44456085e+02, 1.39037766e+02, 3.38567474e+02,
    1.46971725e+02, 3.32579498e+02, 1.54991959e+02, 3.26336639e+02,
    1.24397675e+02, 3.63732941e+02, 1.31841568e+02, 3.58471100e+02,
    1.39281372e+02, 3.52792145e+02, 1.47032715e+02, 3.47120728e+02,
    1.54905762e+02, 3.41162659e+02, 1.63086945e+02, 3.35134155e+02,
    1.32233826e+02, 3.72127686e+02, 1.39514893e+02, 3.66685425e+02,
    1.47045380e+02, 3.61391296e+02, 1.54812164e+02, 3.55726044e+02,
    1.62745392e+02, 3.49990997e+02, 1.70946091e+02, 3.43854431e+02 ]
