%YAML:1.0
---
points: [ 3.67222687e+02, 8.52113281e+02, 3.88063477e+02, 8.34142761e+02,
    4.09316864e+02, 8.15746399e+02, 4.30694031e+02, 7.97423523e+02,
    4.52640381e+02, 7.78559021e+02, 4.74907867e+02, 7.59426025e+02,
    3.90718262e+02, 8.76624084e+02, 4.11698669e+02, 8.58892029e+02,
    4.33032745e+02, 8.40903687e+02, 4.54552765e+02, 8.22782471e+02,
    4.76663818e+02, 8.04295593e+02, 4.99081543e+02, 7.85423157e+02,
    4.14327850e+02, 9.01073669e+02, 4.35438385e+02, 8.83607422e+02,
    4.56652618e+02, 8.65982605e+02, 4.78393463e+02, 8.48106873e+02,
    5.00376007e+02, 8.30028870e+02, 5.22925598e+02, 8.11396179e+02,
    4.37651947e+02, 9.25259705e+02, 4.58716461e+02, 9.08136719e+02,
    4.80227570e+02, 8.90709106e+02, 5.01988434e+02, 8.73150940e+02,
    5.24368713e+02, 8.55208435e+02, 5.46985779e+02, 8.36760925e+02,
    4.60860199e+02, 9.49218628e+02, 4.82127960e+02, 9.32372314e+02,
    5.03585510e+02, 9.15363770e+02, 5.25451538e+02, 8.98027832e+02,
    5.47841309e+02, 8.80335876e+02, 5.70840942e+02, 8.62226624e+02,
    4.83611847e+02, 9.73125000e+02, 5.04935150e+02, 9.56496521e+02,
    5.26644226e+02, 9.39657532e+02, 5.48692383e+02, 9.22599792e+02,
    5.71407532e+02, 9.05115784e+02, 5.94402405e+02, 8.87271851e+02,
    5.05957855e+02, 9.97018677e+02, 5.27531311e+02, 9.80671326e+02,
    5.49424255e+02, 9.64222168e+02, 5.71631042e+02, 9.47434753e+02,
    5.94342407e+02, 9.30244629e+02, 6.17539734e+02, 9.12645691e+02,
    5.28294739e+02, 1.02117987e+03, 5.49689819e+02, 1.00535803e+03,
    5.71687012e+02, 9.89172607e+02, 5.93839111e+02, 9.72745117e+02,
    6.16788757e+02, 9.55795410e+02, 6.40339661e+02, 9.38329468e+02 ]
