%YAML:1.0
---
points: [ 1.30669482e+03, 2.39606705e+02, 1.30558765e+03, 2.64142883e+02,
    1.30445044e+03, 2.88300781e+02, 1.30317224e+03, 3.12444122e+02,
    1.30189258e+03, 3.36145416e+02, 1.30081287e+03, 3.59782867e+02,
    1.28251123e+03, 2.40280411e+02, 1.28142065e+03, 2.64705872e+02,
    1.28039429e+03, 2.88819946e+02, 1.27944934e+03, 3.12758148e+02,
    1.27836853e+03, 3.36569763e+02, 1.27739490e+03, 3.60308594e+02,
    1.25863013e+03, 2.40667358e+02, 1.25768262e+03, 2.65346344e+02,
    1.25669263e+03, 2.89409546e+02, 1.25573279e+03, 3.13430908e+02,
    1.25482129e+03, 3.37172699e+02, 1.25419800e+03, 3.60629547e+02,
    1.23473657e+03, 2.41343948e+02, 1.23411047e+03, 2.65714355e+02,
    1.23331775e+03, 2.89987030e+02, 1.23248462e+03, 3.13795105e+02,
    1.23160291e+03, 3.37572205e+02, 1.23092151e+03, 3.61126465e+02,
    1.21117920e+03, 2.41814789e+02, 1.21051123e+03, 2.66337067e+02,
    1.20972876e+03, 2.90476593e+02, 1.20904114e+03, 3.14367157e+02,
    1.20827441e+03, 3.38023834e+02, 1.20755713e+03, 3.61503143e+02,
    1.18745276e+03, 2.42381073e+02, 1.18683606e+03, 2.66744110e+02,
    1.18632141e+03, 2.90914856e+02, 1.18571448e+03, 3.14704742e+02,
    1.18524634e+03, 3.38536255e+02, 1.18461670e+03, 3.61910675e+02,
    1.16382886e+03, 2.43033173e+02, 1.16341199e+03, 2.67308533e+02,
    1.16285034e+03, 2.91441528e+02, 1.16238269e+03, 3.15299164e+02,
    1.16183508e+03, 3.38904694e+02, 1.16143091e+03, 3.62434631e+02,
    1.14018738e+03, 2.43557312e+02, 1.13971667e+03, 2.67751831e+02,
    1.13941199e+03, 2.91851318e+02, 1.13897266e+03, 3.15732697e+02,
    1.13857019e+03, 3.39403564e+02, 1.13837842e+03, 3.62790894e+02 ]
