%YAML:1.0
---
points: [ 3.66907776e+02, 8.51402893e+02, 3.87800537e+02, 8.33430237e+02,
    4.08987366e+02, 8.15207642e+02, 4.30442780e+02, 7.96653687e+02,
    4.52370911e+02, 7.77908875e+02, 4.74625031e+02, 7.58721436e+02,
    3.90435791e+02, 8.75912964e+02, 4.11453583e+02, 8.58270264e+02,
    4.32703247e+02, 8.40361511e+02, 4.54324432e+02, 8.22181030e+02,
    4.76442230e+02, 8.03646240e+02, 4.98795044e+02, 7.84728271e+02,
    4.13908234e+02, 9.00364807e+02, 4.35091888e+02, 8.82937500e+02,
    4.56425415e+02, 8.65313904e+02, 4.78110443e+02, 8.47479919e+02,
    5.00044281e+02, 8.29389587e+02, 5.22621033e+02, 8.10738220e+02,
    4.37387482e+02, 9.24470398e+02, 4.58447693e+02, 9.07440918e+02,
    4.79872101e+02, 8.89965515e+02, 5.01674988e+02, 8.72493347e+02,
    5.24089355e+02, 8.54491760e+02, 5.46737122e+02, 8.36156433e+02,
    4.60575562e+02, 9.48486206e+02, 4.81775543e+02, 9.31643677e+02,
    5.03336700e+02, 9.14608032e+02, 5.25221741e+02, 8.97394104e+02,
    5.47578796e+02, 8.79609802e+02, 5.70577820e+02, 8.61480103e+02,
    4.83398346e+02, 9.72375732e+02, 5.04652191e+02, 9.55776428e+02,
    5.26420471e+02, 9.38989624e+02, 5.48487366e+02, 9.21804321e+02,
    5.71130981e+02, 9.04453796e+02, 5.94169189e+02, 8.86512085e+02,
    5.05733185e+02, 9.96309143e+02, 5.27303467e+02, 9.80006042e+02,
    5.49127991e+02, 9.63477356e+02, 5.71336365e+02, 9.46725708e+02,
    5.94026550e+02, 9.29514099e+02, 6.17325134e+02, 9.11918640e+02,
    5.28028442e+02, 1.02038629e+03, 5.49459106e+02, 1.00461066e+03,
    5.71431396e+02, 9.88429871e+02, 5.93649902e+02, 9.71993164e+02,
    6.16505981e+02, 9.55149231e+02, 6.40051514e+02, 9.37599792e+02 ]
