%YAML:1.0
---
points: [ 5.10563080e+02, 7.67789246e+02, 5.42516907e+02, 7.84500244e+02,
    5.74517517e+02, 8.01163696e+02, 6.06435852e+02, 8.18045105e+02,
    6.38490112e+02, 8.34840576e+02, 6.70516174e+02, 8.51835449e+02,
    5.00188171e+02, 7.95227966e+02, 5.31785339e+02, 8.11735352e+02,
    5.63400330e+02, 8.28427124e+02, 5.94813843e+02, 8.45046997e+02,
    6.26519897e+02, 8.61759888e+02, 6.58225159e+02, 8.78534424e+02,
    4.90183868e+02, 8.22122253e+02, 5.21350098e+02, 8.38472656e+02,
    5.52475647e+02, 8.54977905e+02, 5.83600525e+02, 8.71581482e+02,
    6.14770630e+02, 8.88226746e+02, 6.46161743e+02, 9.04988464e+02,
    4.80456177e+02, 8.48196167e+02, 5.11233215e+02, 8.64524597e+02,
    5.41921936e+02, 8.80943298e+02, 5.72624878e+02, 8.97360352e+02,
    6.03679138e+02, 9.13750977e+02, 6.34622498e+02, 9.30267944e+02,
    4.70890839e+02, 8.73702026e+02, 5.01300415e+02, 8.90030762e+02,
    5.31619080e+02, 9.06333435e+02, 5.62037476e+02, 9.22572815e+02,
    5.92539490e+02, 9.38682861e+02, 6.23352539e+02, 9.55083679e+02,
    4.61647705e+02, 8.98777710e+02, 4.91624420e+02, 9.14853455e+02,
    5.21580322e+02, 9.31067444e+02, 5.51680237e+02, 9.47058533e+02,
    5.82064758e+02, 9.63187195e+02, 6.12368225e+02, 9.79222656e+02,
    4.52280518e+02, 9.23370972e+02, 4.82056580e+02, 9.39402954e+02,
    5.11648743e+02, 9.55455444e+02, 5.41389526e+02, 9.71479797e+02,
    5.71230469e+02, 9.87418945e+02, 6.01224792e+02, 1.00353119e+03,
    4.42949860e+02, 9.47770630e+02, 4.72123688e+02, 9.63785095e+02,
    5.01355652e+02, 9.79922974e+02, 5.30531616e+02, 9.95890564e+02,
    5.60146545e+02, 1.01188373e+03, 5.89798218e+02, 1.02762219e+03 ]
