%YAML:1.0
---
points: [ 1.13637769e+03, 5.11582672e+02, 1.13715710e+03, 4.89292786e+02,
    1.13785803e+03, 4.66825592e+02, 1.13854333e+03, 4.44484436e+02,
    1.13928967e+03, 4.21622223e+02, 1.14014880e+03, 3.98628906e+02,
    1.15871326e+03, 5.11825439e+02, 1.15957861e+03, 4.89478119e+02,
    1.16041016e+03, 4.67035583e+02, 1.16125452e+03, 4.44597351e+02,
    1.16215112e+03, 4.21842133e+02, 1.16311560e+03, 3.98721191e+02,
    1.18119067e+03, 5.11974243e+02, 1.18218127e+03, 4.89762543e+02,
    1.18309033e+03, 4.67238831e+02, 1.18416980e+03, 4.44708313e+02,
    1.18520911e+03, 4.21921326e+02, 1.18606299e+03, 3.98912903e+02,
    1.20371399e+03, 5.12231934e+02, 1.20478271e+03, 4.89884918e+02,
    1.20580896e+03, 4.67341797e+02, 1.20691565e+03, 4.44827698e+02,
    1.20785254e+03, 4.22101562e+02, 1.20897485e+03, 3.99067932e+02,
    1.22634631e+03, 5.12418823e+02, 1.22750012e+03, 4.90092407e+02,
    1.22853625e+03, 4.67467407e+02, 1.22960010e+03, 4.44984131e+02,
    1.23094849e+03, 4.22310425e+02, 1.23214783e+03, 3.99154083e+02,
    1.24883936e+03, 5.12546509e+02, 1.24991870e+03, 4.90286743e+02,
    1.25119946e+03, 4.67660309e+02, 1.25259875e+03, 4.45180634e+02,
    1.25382336e+03, 4.22379852e+02, 1.25500159e+03, 3.99250793e+02,
    1.27141541e+03, 5.12650208e+02, 1.27282227e+03, 4.90468811e+02,
    1.27421936e+03, 4.67801941e+02, 1.27547217e+03, 4.45326263e+02,
    1.27670483e+03, 4.22511627e+02, 1.27834192e+03, 3.99361298e+02,
    1.29441626e+03, 5.12953186e+02, 1.29578601e+03, 4.90667328e+02,
    1.29718542e+03, 4.68127991e+02, 1.29872375e+03, 4.45477020e+02,
    1.30031494e+03, 4.22685608e+02, 1.30170691e+03, 3.99500183e+02 ]
