%YAML:1.0
---
points: [ 4.12327454e+02, 3.53328400e+02, 4.47047516e+02, 3.70666931e+02,
    4.81451599e+02, 3.88290161e+02, 5.15746521e+02, 4.05597839e+02,
    5.49849854e+02, 4.22904022e+02, 5.83960999e+02, 4.40306458e+02,
    4.03371582e+02, 3.85519531e+02, 4.37652344e+02, 4.02979279e+02,
    4.71646851e+02, 4.20132690e+02, 5.05469238e+02, 4.37233154e+02,
    5.39284790e+02, 4.54180420e+02, 5.72672180e+02, 4.71234222e+02,
    3.94671051e+02, 4.17323273e+02, 4.28527557e+02, 4.34196075e+02,
    4.62068329e+02, 4.51191772e+02, 4.95378143e+02, 4.67901520e+02,
    5.28491943e+02, 4.84658020e+02, 5.61743896e+02, 5.01355469e+02,
    3.86349060e+02, 4.47947906e+02, 4.19644470e+02, 4.64589417e+02,
    4.52750946e+02, 4.81299591e+02, 4.85613800e+02, 4.97811249e+02,
    5.18560059e+02, 5.14279785e+02, 5.51252747e+02, 5.30578735e+02,
    3.78267487e+02, 4.77920593e+02, 4.11102570e+02, 4.94379974e+02,
    4.43719757e+02, 5.10626434e+02, 4.76219604e+02, 5.26798279e+02,
    5.08593597e+02, 5.43001221e+02, 5.41128662e+02, 5.59054688e+02,
    3.70206848e+02, 5.06885956e+02, 4.02572083e+02, 5.23117249e+02,
    4.34950104e+02, 5.39188232e+02, 4.66983795e+02, 5.54973999e+02,
    4.99186768e+02, 5.71034851e+02, 5.31171265e+02, 5.86730652e+02,
    3.62193176e+02, 5.35438171e+02, 3.94316467e+02, 5.51362793e+02,
    4.26110443e+02, 5.67284119e+02, 4.57754333e+02, 5.82836487e+02,
    4.89443390e+02, 5.98569702e+02, 5.20963745e+02, 6.14179565e+02,
    3.54014709e+02, 5.63364929e+02, 3.85557343e+02, 5.79159546e+02,
    4.16923401e+02, 5.94814514e+02, 4.48109222e+02, 6.10421448e+02,
    4.79371460e+02, 6.25940247e+02, 5.10644653e+02, 6.41233398e+02 ]
