%YAML:1.0
---
points: [ 1.11183533e+03, 5.92518188e+02, 1.11257275e+03, 5.70774353e+02,
    1.11332947e+03, 5.49025391e+02, 1.11410962e+03, 5.27006714e+02,
    1.11503906e+03, 5.04790009e+02, 1.11577600e+03, 4.82465851e+02,
    1.13384705e+03, 5.92791138e+02, 1.13472644e+03, 5.71196960e+02,
    1.13558972e+03, 5.49381409e+02, 1.13656519e+03, 5.27418457e+02,
    1.13738708e+03, 5.05147003e+02, 1.13827686e+03, 4.82742218e+02,
    1.15600854e+03, 5.93241455e+02, 1.15703577e+03, 5.71478333e+02,
    1.15793518e+03, 5.49662415e+02, 1.15883179e+03, 5.27744690e+02,
    1.15976672e+03, 5.05562561e+02, 1.16065149e+03, 4.83174896e+02,
    1.17817090e+03, 5.93471497e+02, 1.17919104e+03, 5.71700806e+02,
    1.18020703e+03, 5.49906128e+02, 1.18110327e+03, 5.27995361e+02,
    1.18209607e+03, 5.05869263e+02, 1.18324255e+03, 4.83436066e+02,
    1.20038965e+03, 5.93816162e+02, 1.20134094e+03, 5.72151245e+02,
    1.20236938e+03, 5.50339722e+02, 1.20345105e+03, 5.28376709e+02,
    1.20457007e+03, 5.06200562e+02, 1.20577441e+03, 4.83730042e+02,
    1.22241577e+03, 5.94206482e+02, 1.22348022e+03, 5.72434998e+02,
    1.22456775e+03, 5.50499634e+02, 1.22590845e+03, 5.28600891e+02,
    1.22711499e+03, 5.06476440e+02, 1.22824353e+03, 4.84027893e+02,
    1.24446777e+03, 5.94538513e+02, 1.24571362e+03, 5.72739258e+02,
    1.24709631e+03, 5.50771423e+02, 1.24828674e+03, 5.28835571e+02,
    1.24953442e+03, 5.06718536e+02, 1.25084180e+03, 4.84337891e+02,
    1.26672351e+03, 5.95112854e+02, 1.26830530e+03, 5.73281311e+02,
    1.26962866e+03, 5.51296509e+02, 1.27102783e+03, 5.29390381e+02,
    1.27247534e+03, 5.07294800e+02, 1.27381433e+03, 4.84797913e+02 ]
