%YAML:1.0
---
points: [ 5.16027283e+02, 6.02998962e+01, 5.52841248e+02, 7.81848145e+01,
    5.89549438e+02, 9.60968399e+01, 6.25780151e+02, 1.13845512e+02,
    6.62202515e+02, 1.31658249e+02, 6.98355042e+02, 1.49505127e+02,
    5.12303040e+02, 9.78656464e+01, 5.48235107e+02, 1.15609398e+02,
    5.84056396e+02, 1.32911819e+02, 6.19524658e+02, 1.50326584e+02,
    6.55156128e+02, 1.67642868e+02, 6.90507690e+02, 1.85058472e+02,
    5.08644409e+02, 1.33982193e+02, 5.43774292e+02, 1.51113464e+02,
    5.78798157e+02, 1.68250961e+02, 6.13567810e+02, 1.85070480e+02,
    6.48290588e+02, 2.02242630e+02, 6.82894043e+02, 2.18881393e+02,
    5.05455933e+02, 1.68550293e+02, 5.39651672e+02, 1.85199051e+02,
    5.74013062e+02, 2.01798981e+02, 6.07905701e+02, 2.18311264e+02,
    6.42032593e+02, 2.34815247e+02, 6.75732788e+02, 2.51255600e+02,
    5.02283417e+02, 2.01515488e+02, 5.35870728e+02, 2.17622406e+02,
    5.69423157e+02, 2.34118362e+02, 6.02527710e+02, 2.49960159e+02,
    6.35785767e+02, 2.66081207e+02, 6.69297546e+02, 2.82212280e+02,
    4.99241455e+02, 2.32954712e+02, 5.32269653e+02, 2.48960190e+02,
    5.65045715e+02, 2.64649048e+02, 5.97488708e+02, 2.80371796e+02,
    6.30242249e+02, 2.95938812e+02, 6.62728333e+02, 3.11476288e+02,
    4.95945709e+02, 2.63372864e+02, 5.28372070e+02, 2.78772278e+02,
    5.60429504e+02, 2.94303741e+02, 5.92379822e+02, 3.09584595e+02,
    6.24213989e+02, 3.24860443e+02, 6.56330872e+02, 3.40076324e+02,
    4.92802673e+02, 2.92512024e+02, 5.24220276e+02, 3.07810181e+02,
    5.55685730e+02, 3.22960022e+02, 5.86679626e+02, 3.37963501e+02,
    6.18223022e+02, 3.53173370e+02, 6.49470032e+02, 3.67876099e+02 ]
