%YAML:1.0
---
points: [ 1.28717926e+02, 4.02885590e+01, 1.41277954e+02, 4.61141052e+01,
    1.53762665e+02, 5.18050156e+01, 1.66219223e+02, 5.77348404e+01,
    1.78748291e+02, 6.36808395e+01, 1.91291107e+02, 6.96461716e+01,
    1.26790199e+02, 5.32309189e+01, 1.39020767e+02, 5.88010674e+01,
    1.51295944e+02, 6.45460205e+01, 1.63505463e+02, 7.03514481e+01,
    1.75838043e+02, 7.61539230e+01, 1.88049606e+02, 8.19688644e+01,
    1.24962151e+02, 6.54679947e+01, 1.36963699e+02, 7.11712875e+01,
    1.48958923e+02, 7.67659454e+01, 1.60887497e+02, 8.23476868e+01,
    1.72979584e+02, 8.81423187e+01, 1.84910385e+02, 9.38241501e+01,
    1.23238869e+02, 7.74137268e+01, 1.35050827e+02, 8.28698807e+01,
    1.46785278e+02, 8.83793793e+01, 1.58585571e+02, 9.39083862e+01,
    1.70331223e+02, 9.95458908e+01, 1.82078064e+02, 1.05108681e+02,
    1.21684013e+02, 8.87385864e+01, 1.33178848e+02, 9.41602554e+01,
    1.44754227e+02, 9.95773697e+01, 1.56235291e+02, 1.05017601e+02,
    1.67824600e+02, 1.10466850e+02, 1.79325089e+02, 1.15862396e+02,
    1.20102409e+02, 9.96644363e+01, 1.31452118e+02, 1.04903954e+02,
    1.42758957e+02, 1.10222771e+02, 1.54115112e+02, 1.15546989e+02,
    1.65404861e+02, 1.20882553e+02, 1.76737183e+02, 1.26212975e+02,
    1.18635246e+02, 1.10085167e+02, 1.29690384e+02, 1.15309814e+02,
    1.40797806e+02, 1.20516479e+02, 1.51918365e+02, 1.25782959e+02,
    1.62995682e+02, 1.30972839e+02, 1.74091995e+02, 1.36185577e+02,
    1.17044823e+02, 1.20283424e+02, 1.27922447e+02, 1.25372925e+02,
    1.38764069e+02, 1.30548630e+02, 1.49666061e+02, 1.35703232e+02,
    1.60509583e+02, 1.40830383e+02, 1.71469559e+02, 1.45842957e+02 ]
