%YAML:1.0
---
points: [ 8.23310120e+02, 5.89753479e+02, 8.23105591e+02, 5.67729065e+02,
    8.22807495e+02, 5.45579468e+02, 8.22646362e+02, 5.23558472e+02,
    8.22547119e+02, 5.01246521e+02, 8.22400696e+02, 4.78458374e+02,
    8.45432251e+02, 5.90008545e+02, 8.45360901e+02, 5.67919434e+02,
    8.45254028e+02, 5.45843994e+02, 8.45202209e+02, 5.23712463e+02,
    8.45062134e+02, 5.01445190e+02, 8.44922302e+02, 4.78732422e+02,
    8.67893799e+02, 5.90278259e+02, 8.67861023e+02, 5.68193542e+02,
    8.67798157e+02, 5.46167786e+02, 8.67781982e+02, 5.23997559e+02,
    8.67689087e+02, 5.01701569e+02, 8.67677429e+02, 4.78988922e+02,
    8.90258118e+02, 5.90443726e+02, 8.90278748e+02, 5.68408875e+02,
    8.90335144e+02, 5.46329529e+02, 8.90324341e+02, 5.24283142e+02,
    8.90379272e+02, 5.01898438e+02, 8.90424805e+02, 4.79320862e+02,
    9.12416443e+02, 5.90608215e+02, 9.12476440e+02, 5.68648804e+02,
    9.12527710e+02, 5.46517883e+02, 9.12616943e+02, 5.24470154e+02,
    9.12814880e+02, 5.02225372e+02, 9.12938293e+02, 4.79545898e+02,
    9.34483276e+02, 5.90810730e+02, 9.34665283e+02, 5.68880737e+02,
    9.34863403e+02, 5.46749207e+02, 9.35178406e+02, 5.24511658e+02,
    9.35398926e+02, 5.02366119e+02, 9.35613953e+02, 4.79703796e+02,
    9.56674927e+02, 5.91127258e+02, 9.57070007e+02, 5.69159851e+02,
    9.57331909e+02, 5.46951416e+02, 9.57629883e+02, 5.24818298e+02,
    9.57864685e+02, 5.02526306e+02, 9.58292053e+02, 4.80016937e+02,
    9.78931519e+02, 5.91365479e+02, 9.79382202e+02, 5.69482361e+02,
    9.79633423e+02, 5.47372498e+02, 9.80084473e+02, 5.25276672e+02,
    9.80507812e+02, 5.02828613e+02, 9.80827393e+02, 4.80459106e+02 ]
