%YAML:1.0
---
points: [ 1.75902649e+02, 8.36098251e+01, 1.88953644e+02, 8.98782730e+01,
    2.01925186e+02, 9.60609283e+01, 2.14611649e+02, 1.02173187e+02,
    2.27179672e+02, 1.08239174e+02, 2.39568878e+02, 1.14187378e+02,
    1.71535614e+02, 9.64294357e+01, 1.84449417e+02, 1.02578918e+02,
    1.97145828e+02, 1.08568985e+02, 2.09692551e+02, 1.14535591e+02,
    2.22025177e+02, 1.20435204e+02, 2.34229813e+02, 1.26282204e+02,
    1.67267487e+02, 1.08876228e+02, 1.79953583e+02, 1.14760399e+02,
    1.92532104e+02, 1.20626076e+02, 2.04833176e+02, 1.26462288e+02,
    2.17057571e+02, 1.32216080e+02, 2.29066559e+02, 1.37838043e+02,
    1.63168716e+02, 1.20883270e+02, 1.75719727e+02, 1.26647446e+02,
    1.88055984e+02, 1.32338135e+02, 2.00247131e+02, 1.37982910e+02,
    2.12292358e+02, 1.43539169e+02, 2.24153824e+02, 1.49055450e+02,
    1.59192154e+02, 1.32430649e+02, 1.71573318e+02, 1.38054688e+02,
    1.83750168e+02, 1.43652100e+02, 1.95716660e+02, 1.49101044e+02,
    2.07641190e+02, 1.54520615e+02, 2.19374557e+02, 1.59799316e+02,
    1.55314957e+02, 1.43644897e+02, 1.67545868e+02, 1.49084991e+02,
    1.79574692e+02, 1.54507843e+02, 1.91383286e+02, 1.59855209e+02,
    2.03154556e+02, 1.65103180e+02, 2.14744614e+02, 1.70275406e+02,
    1.51595490e+02, 1.54494080e+02, 1.63591583e+02, 1.59840881e+02,
    1.75440369e+02, 1.65152115e+02, 1.87134781e+02, 1.70307831e+02,
    1.98759796e+02, 1.75443237e+02, 2.10178986e+02, 1.80520691e+02,
    1.47754333e+02, 1.65191284e+02, 1.59709763e+02, 1.70341537e+02,
    1.71368134e+02, 1.75522202e+02, 1.82902695e+02, 1.80633606e+02,
    1.94382172e+02, 1.85627426e+02, 2.05715714e+02, 1.90576035e+02 ]
