%YAML:1.0
---
points: [ 7.60169800e+02, 5.27464417e+02, 7.59716614e+02, 5.04750000e+02,
    7.59442322e+02, 4.82030334e+02, 7.59114868e+02, 4.59258209e+02,
    7.58718445e+02, 4.35992676e+02, 7.58423584e+02, 4.12751923e+02,
    7.82980835e+02, 5.27661743e+02, 7.82767395e+02, 5.04945770e+02,
    7.82525452e+02, 4.82256195e+02, 7.82343262e+02, 4.59484314e+02,
    7.82066528e+02, 4.36352905e+02, 7.81639343e+02, 4.13146790e+02,
    8.06131897e+02, 5.27787170e+02, 8.05883911e+02, 5.05177795e+02,
    8.05702454e+02, 4.82475464e+02, 8.05580566e+02, 4.59701721e+02,
    8.05444153e+02, 4.36623169e+02, 8.05258911e+02, 4.13376984e+02,
    8.28862854e+02, 5.27905212e+02, 8.28740784e+02, 5.05445953e+02,
    8.28638611e+02, 4.82675903e+02, 8.28578430e+02, 4.59987610e+02,
    8.28512085e+02, 4.36918854e+02, 8.28476807e+02, 4.13591919e+02,
    8.51670776e+02, 5.28145935e+02, 8.51718689e+02, 5.05596558e+02,
    8.51689758e+02, 4.82906281e+02, 8.51674316e+02, 4.60259003e+02,
    8.51707336e+02, 4.37360107e+02, 8.51692078e+02, 4.13947266e+02,
    8.74460632e+02, 5.28296326e+02, 8.74521179e+02, 5.05720947e+02,
    8.74575256e+02, 4.83100067e+02, 8.74658752e+02, 4.60479492e+02,
    8.74742859e+02, 4.37590576e+02, 8.74836365e+02, 4.14409668e+02,
    8.96844910e+02, 5.28429565e+02, 8.97156128e+02, 5.05974335e+02,
    8.97306030e+02, 4.83370209e+02, 8.97452637e+02, 4.60678894e+02,
    8.97630676e+02, 4.37879944e+02, 8.97823242e+02, 4.14677765e+02,
    9.19411926e+02, 5.28644043e+02, 9.19739502e+02, 5.06355713e+02,
    9.20127502e+02, 4.83701843e+02, 9.20401367e+02, 4.61137970e+02,
    9.20667725e+02, 4.38313019e+02, 9.21017273e+02, 4.15144135e+02 ]
