%YAML:1.0
---
points: [ 7.39442139e+02, 6.36906738e+02, 7.72505615e+02, 6.53634888e+02,
    8.05379639e+02, 6.70552246e+02, 8.38247253e+02, 6.87455139e+02,
    8.71131897e+02, 7.04311340e+02, 9.03965881e+02, 7.21190979e+02,
    7.25206604e+02, 6.67348816e+02, 7.57846680e+02, 6.83936707e+02,
    7.90492676e+02, 7.00573181e+02, 8.23080566e+02, 7.17322327e+02,
    8.55666565e+02, 7.33944153e+02, 8.88208557e+02, 7.50776917e+02,
    7.11025818e+02, 6.97053650e+02, 7.43585083e+02, 7.13653259e+02,
    7.75934998e+02, 7.30249084e+02, 8.08205688e+02, 7.46690796e+02,
    8.40366699e+02, 7.63477966e+02, 8.72652771e+02, 7.80012329e+02,
    6.97438293e+02, 7.26377930e+02, 7.29600891e+02, 7.42685547e+02,
    7.61602783e+02, 7.59226440e+02, 7.93506165e+02, 7.75555603e+02,
    8.25531006e+02, 7.91964111e+02, 8.57480347e+02, 8.08505188e+02,
    6.83785645e+02, 7.55114136e+02, 7.15658569e+02, 7.71378357e+02,
    7.47464355e+02, 7.87699890e+02, 7.79172974e+02, 8.03907349e+02,
    8.10725281e+02, 8.20175476e+02, 8.42609863e+02, 8.36368652e+02,
    6.70553528e+02, 7.83429138e+02, 7.02200562e+02, 7.99506104e+02,
    7.33691956e+02, 8.15578613e+02, 7.65089111e+02, 8.31660889e+02,
    7.96589172e+02, 8.47654419e+02, 8.28084412e+02, 8.63786194e+02,
    6.57357117e+02, 8.11248413e+02, 6.88661072e+02, 8.27245667e+02,
    7.19924133e+02, 8.43253113e+02, 7.51156128e+02, 8.59278625e+02,
    7.82304688e+02, 8.75271240e+02, 8.13493835e+02, 8.91300171e+02,
    6.44107971e+02, 8.39045227e+02, 6.75118408e+02, 8.55008179e+02,
    7.06084351e+02, 8.71089111e+02, 7.36777710e+02, 8.86952576e+02,
    7.67771057e+02, 9.03025391e+02, 7.98824280e+02, 9.18662720e+02 ]
