%YAML:1.0
---
points: [ 7.57512024e+02, 4.48408173e+02, 7.56783447e+02, 4.25044861e+02,
    7.56179810e+02, 4.01721741e+02, 7.55387085e+02, 3.78159302e+02,
    7.54567749e+02, 3.54447968e+02, 7.54036011e+02, 3.30394531e+02,
    7.80797363e+02, 4.48395721e+02, 7.80283875e+02, 4.25121918e+02,
    7.79619080e+02, 4.01821320e+02, 7.79047729e+02, 3.78262665e+02,
    7.78306580e+02, 3.54586426e+02, 7.77623657e+02, 3.30511230e+02,
    8.03875977e+02, 4.48416138e+02, 8.03414368e+02, 4.25186066e+02,
    8.02955383e+02, 4.01908478e+02, 8.02519653e+02, 3.78431732e+02,
    8.01924133e+02, 3.54676666e+02, 8.01477783e+02, 3.30721588e+02,
    8.27143372e+02, 4.48388672e+02, 8.26698425e+02, 4.25252441e+02,
    8.26420959e+02, 4.01971191e+02, 8.26023193e+02, 3.78486206e+02,
    8.25529358e+02, 3.54857361e+02, 8.25188110e+02, 3.30871429e+02,
    8.50249023e+02, 4.48388336e+02, 8.49870483e+02, 4.25275543e+02,
    8.49571228e+02, 4.02083344e+02, 8.49362488e+02, 3.78667480e+02,
    8.48993225e+02, 3.55110992e+02, 8.48663269e+02, 3.31126129e+02,
    8.73126160e+02, 4.48388062e+02, 8.73003357e+02, 4.25276062e+02,
    8.72788940e+02, 4.02142456e+02, 8.72554810e+02, 3.78756958e+02,
    8.72334656e+02, 3.55275574e+02, 8.72176147e+02, 3.31337067e+02,
    8.95903442e+02, 4.48437592e+02, 8.95811523e+02, 4.25287109e+02,
    8.95727234e+02, 4.02303223e+02, 8.95686035e+02, 3.78871307e+02,
    8.95604675e+02, 3.55465515e+02, 8.95579956e+02, 3.31574982e+02,
    9.18732361e+02, 4.48461334e+02, 9.18738037e+02, 4.25451813e+02,
    9.18704834e+02, 4.02388611e+02, 9.18865417e+02, 3.79136688e+02,
    9.18834351e+02, 3.55589813e+02, 9.18903931e+02, 3.31802948e+02 ]
