%YAML:1.0
---
points: [ 7.96219482e+02, 3.50074371e+02, 7.95477600e+02, 3.25931610e+02,
    7.94753967e+02, 3.01916412e+02, 7.94124390e+02, 2.77469513e+02,
    7.93430298e+02, 2.52798599e+02, 7.92710327e+02, 2.27966614e+02,
    8.19606079e+02, 3.50252594e+02, 8.19007141e+02, 3.26133240e+02,
    8.18392639e+02, 3.02017792e+02, 8.17846497e+02, 2.77617554e+02,
    8.17390259e+02, 2.53097717e+02, 8.16634338e+02, 2.28260834e+02,
    8.43169189e+02, 3.50361755e+02, 8.42767639e+02, 3.26345276e+02,
    8.42278015e+02, 3.02337341e+02, 8.41904053e+02, 2.77836090e+02,
    8.41288330e+02, 2.53335114e+02, 8.40852112e+02, 2.28409683e+02,
    8.66435242e+02, 3.50457703e+02, 8.66233582e+02, 3.26522095e+02,
    8.65841187e+02, 3.02456268e+02, 8.65442383e+02, 2.78095001e+02,
    8.65181946e+02, 2.53555222e+02, 8.64720703e+02, 2.28577667e+02,
    8.89901123e+02, 3.50505096e+02, 8.89803284e+02, 3.26703522e+02,
    8.89512634e+02, 3.02584564e+02, 8.89222717e+02, 2.78231873e+02,
    8.89097046e+02, 2.53711258e+02, 8.88891479e+02, 2.28746475e+02,
    9.13149475e+02, 3.50622620e+02, 9.13106262e+02, 3.26789337e+02,
    9.12878479e+02, 3.02658234e+02, 9.12771362e+02, 2.78457275e+02,
    9.12697327e+02, 2.53858063e+02, 9.12577271e+02, 2.28946259e+02,
    9.36427185e+02, 3.50669434e+02, 9.36461365e+02, 3.26946869e+02,
    9.36531433e+02, 3.02732056e+02, 9.36560730e+02, 2.78610504e+02,
    9.36552002e+02, 2.54024918e+02, 9.36604675e+02, 2.29251083e+02,
    9.59618652e+02, 3.50802643e+02, 9.59747009e+02, 3.27164307e+02,
    9.59938843e+02, 3.02919952e+02, 9.60175537e+02, 2.78679871e+02,
    9.60311401e+02, 2.54206024e+02, 9.60407288e+02, 2.29411057e+02 ]
