%YAML:1.0
---
points: [ 6.94481445e+02, 7.99415222e+02, 7.28017273e+02, 8.15870850e+02,
    7.61188232e+02, 8.32487976e+02, 7.94139893e+02, 8.49102783e+02,
    8.27058960e+02, 8.65547974e+02, 8.59863159e+02, 8.82298584e+02,
    6.79902222e+02, 8.28520020e+02, 7.13057678e+02, 8.44963562e+02,
    7.45986938e+02, 8.61476990e+02, 7.78689758e+02, 8.77833801e+02,
    8.11370178e+02, 8.94236572e+02, 8.43908997e+02, 9.10595215e+02,
    6.65469299e+02, 8.57376160e+02, 6.98436890e+02, 8.73569885e+02,
    7.31022400e+02, 8.89731812e+02, 7.63421570e+02, 9.06196472e+02,
    7.95778809e+02, 9.22468811e+02, 8.28294128e+02, 9.38763000e+02,
    6.51407898e+02, 8.85473389e+02, 6.83932922e+02, 9.01593628e+02,
    7.16313293e+02, 9.17782837e+02, 7.48477051e+02, 9.33923218e+02,
    7.80713440e+02, 9.50086243e+02, 8.12823914e+02, 9.66076660e+02,
    6.37403870e+02, 9.13197266e+02, 6.69705322e+02, 9.29338257e+02,
    7.01870789e+02, 9.45243713e+02, 7.33859131e+02, 9.61250122e+02,
    7.65756409e+02, 9.77085510e+02, 7.97820007e+02, 9.92853699e+02,
    6.23701233e+02, 9.40562134e+02, 6.55869873e+02, 9.56348511e+02,
    6.87749695e+02, 9.72278625e+02, 7.19533203e+02, 9.87867432e+02,
    7.51364441e+02, 1.00356366e+03, 7.82976929e+02, 1.01921497e+03,
    6.10249146e+02, 9.67422791e+02, 6.42051392e+02, 9.83181824e+02,
    6.73719116e+02, 9.98811890e+02, 7.05276367e+02, 1.01455292e+03,
    7.36673584e+02, 1.03019324e+03, 7.68256470e+02, 1.04577563e+03,
    5.96579285e+02, 9.94350647e+02, 6.28177551e+02, 1.01005090e+03,
    6.59622559e+02, 1.02580432e+03, 6.90733398e+02, 1.04142139e+03,
    7.22130615e+02, 1.05702124e+03, 7.52741577e+02, 1.07226794e+03 ]
