%YAML:1.0
---
points: [ 6.48843445e+02, 4.23080780e+02, 6.48497314e+02, 3.99233795e+02,
    6.47957947e+02, 3.75350830e+02, 6.47418701e+02, 3.51185150e+02,
    6.46775513e+02, 3.26899719e+02, 6.46316895e+02, 3.02365112e+02,
    6.72076172e+02, 4.23872589e+02, 6.71657837e+02, 4.00133942e+02,
    6.71305542e+02, 3.76214478e+02, 6.70681396e+02, 3.52163910e+02,
    6.70422729e+02, 3.27763794e+02, 6.70017639e+02, 3.03117859e+02,
    6.95536133e+02, 4.24664612e+02, 6.95242249e+02, 4.01110077e+02,
    6.94808105e+02, 3.77026733e+02, 6.94544861e+02, 3.52993805e+02,
    6.94148010e+02, 3.28585724e+02, 6.93748230e+02, 3.03890350e+02,
    7.18825989e+02, 4.25619568e+02, 7.18566772e+02, 4.01824646e+02,
    7.18378540e+02, 3.77873230e+02, 7.18144104e+02, 3.53760529e+02,
    7.17774597e+02, 3.29391205e+02, 7.17551758e+02, 3.04660675e+02,
    7.42259399e+02, 4.26505310e+02, 7.42113586e+02, 4.02747406e+02,
    7.41927368e+02, 3.78705261e+02, 7.41768494e+02, 3.54700195e+02,
    7.41544556e+02, 3.30335754e+02, 7.41449768e+02, 3.05699951e+02,
    7.65467041e+02, 4.27511322e+02, 7.65468506e+02, 4.03486542e+02,
    7.65416016e+02, 3.79675140e+02, 7.65430176e+02, 3.55511871e+02,
    7.65376526e+02, 3.31051941e+02, 7.65379395e+02, 3.06474609e+02,
    7.88636719e+02, 4.28412842e+02, 7.88740234e+02, 4.04425354e+02,
    7.88928955e+02, 3.80525726e+02, 7.88960876e+02, 3.56275146e+02,
    7.89058105e+02, 3.31891388e+02, 7.89166077e+02, 3.07269806e+02,
    8.11900085e+02, 4.29249939e+02, 8.12130127e+02, 4.05332123e+02,
    8.12383118e+02, 3.81402496e+02, 8.12452515e+02, 3.57228149e+02,
    8.12557678e+02, 3.32785370e+02, 8.12739502e+02, 3.07975067e+02 ]
