%YAML:1.0
---
points: [ 9.81101440e+02, 7.83913208e+02, 1.01348633e+03, 7.99249756e+02,
    1.04547681e+03, 8.14424805e+02, 1.07711536e+03, 8.29464172e+02,
    1.10845166e+03, 8.44333557e+02, 1.13959448e+03, 8.59297485e+02,
    9.63378723e+02, 8.14181458e+02, 9.95637878e+02, 8.29307312e+02,
    1.02757581e+03, 8.44137512e+02, 1.05912720e+03, 8.58999817e+02,
    1.09047656e+03, 8.73659668e+02, 1.12136548e+03, 8.88448853e+02,
    9.45796753e+02, 8.43992920e+02, 9.78167969e+02, 8.58824646e+02,
    1.00985187e+03, 8.73591553e+02, 1.04143237e+03, 8.88301147e+02,
    1.07256763e+03, 9.02940735e+02, 1.10354431e+03, 9.17360229e+02,
    9.28569519e+02, 8.73438599e+02, 9.60671692e+02, 8.88122986e+02,
    9.92476318e+02, 9.02655762e+02, 1.02372516e+03, 9.16990356e+02,
    1.05482007e+03, 9.31429321e+02, 1.08567114e+03, 9.45534729e+02,
    9.11451477e+02, 9.02589905e+02, 9.43526001e+02, 9.17012329e+02,
    9.75175110e+02, 9.31423035e+02, 1.00646307e+03, 9.45597473e+02,
    1.03743921e+03, 9.59547302e+02, 1.06813806e+03, 9.73420349e+02,
    8.94607910e+02, 9.31416443e+02, 9.26546143e+02, 9.45594055e+02,
    9.58219666e+02, 9.59612671e+02, 9.89288025e+02, 9.73557556e+02,
    1.02023077e+03, 9.87323425e+02, 1.05071155e+03, 1.00081946e+03,
    8.78040710e+02, 9.59961060e+02, 9.09808105e+02, 9.73961060e+02,
    9.41359863e+02, 9.87964844e+02, 9.72427185e+02, 1.00162396e+03,
    1.00317242e+03, 1.01525537e+03, 1.03372009e+03, 1.02871460e+03,
    8.61466125e+02, 9.88707886e+02, 8.93255554e+02, 1.00265430e+03,
    9.24614319e+02, 1.01648901e+03, 9.55553650e+02, 1.03025403e+03,
    9.86477905e+02, 1.04359741e+03, 1.01682532e+03, 1.05673682e+03 ]
