%YAML:1.0
---
points: [ 2.91364075e+02, 2.48040665e+02, 3.02500336e+02, 2.53456772e+02,
    3.13459778e+02, 2.58938293e+02, 3.24334137e+02, 2.64311920e+02,
    3.35119049e+02, 2.69683014e+02, 3.45869110e+02, 2.74973419e+02,
    2.85180054e+02, 2.58669830e+02, 2.96265045e+02, 2.64102875e+02,
    3.07188568e+02, 2.69426605e+02, 3.17983032e+02, 2.74706268e+02,
    3.28774994e+02, 2.79962585e+02, 3.39462097e+02, 2.85273895e+02,
    2.79031586e+02, 2.69279602e+02, 2.89998810e+02, 2.74507446e+02,
    3.00988129e+02, 2.79838440e+02, 3.11795380e+02, 2.85071198e+02,
    3.22568695e+02, 2.90323395e+02, 3.33187408e+02, 2.95406219e+02,
    2.72969696e+02, 2.79641052e+02, 2.83968384e+02, 2.84879913e+02,
    2.94830994e+02, 2.90052612e+02, 3.05625671e+02, 2.95243530e+02,
    3.16279602e+02, 3.00348419e+02, 3.26860321e+02, 3.05426636e+02,
    2.66982391e+02, 2.89837097e+02, 2.77932343e+02, 2.95011383e+02,
    2.88806305e+02, 3.00175720e+02, 2.99498444e+02, 3.05219513e+02,
    3.10172180e+02, 3.10268005e+02, 3.20674255e+02, 3.15184296e+02,
    2.61072266e+02, 3.00019592e+02, 2.71990723e+02, 3.05072052e+02,
    2.82810699e+02, 3.10098145e+02, 2.93470947e+02, 3.15085907e+02,
    3.04129028e+02, 3.20023804e+02, 3.14561401e+02, 3.24879211e+02,
    2.55332626e+02, 3.10049072e+02, 2.66195282e+02, 3.15098755e+02,
    2.76976746e+02, 3.20024231e+02, 2.87552002e+02, 3.24893219e+02,
    2.98118866e+02, 3.29823395e+02, 3.08603821e+02, 3.34628113e+02,
    2.49549805e+02, 3.20133301e+02, 2.60436707e+02, 3.25088501e+02,
    2.71140259e+02, 3.29965515e+02, 2.81785187e+02, 3.34895813e+02,
    2.92315277e+02, 3.39678192e+02, 3.02697723e+02, 3.44412994e+02 ]
