%YAML:1.0
---
points: [ 5.91803955e+02, 5.17379700e+02, 5.91392822e+02, 4.93933746e+02,
    5.91007568e+02, 4.70621307e+02, 5.90468872e+02, 4.47029083e+02,
    5.89919434e+02, 4.23340668e+02, 5.89477966e+02, 3.99276337e+02,
    6.15472717e+02, 5.18190002e+02, 6.15088989e+02, 4.94859680e+02,
    6.14636597e+02, 4.71492737e+02, 6.14229553e+02, 4.48033875e+02,
    6.13730591e+02, 4.24216888e+02, 6.13321472e+02, 4.00236115e+02,
    6.38919983e+02, 5.18969604e+02, 6.38627380e+02, 4.95792755e+02,
    6.38432739e+02, 4.72381775e+02, 6.38107788e+02, 4.48968994e+02,
    6.37647705e+02, 4.25190582e+02, 6.37371338e+02, 4.01334991e+02,
    6.62531921e+02, 5.19773926e+02, 6.62309753e+02, 4.96652435e+02,
    6.61992065e+02, 4.73281006e+02, 6.61705383e+02, 4.49742401e+02,
    6.61467529e+02, 4.26020752e+02, 6.61282166e+02, 4.02185211e+02,
    6.85933411e+02, 5.20601501e+02, 6.85794312e+02, 4.97472992e+02,
    6.85608398e+02, 4.74232910e+02, 6.85520142e+02, 4.50614960e+02,
    6.85413452e+02, 4.27038361e+02, 6.85260681e+02, 4.03078308e+02,
    7.09274109e+02, 5.21532593e+02, 7.09268005e+02, 4.98350922e+02,
    7.09167175e+02, 4.75101471e+02, 7.09146790e+02, 4.51471405e+02,
    7.09047729e+02, 4.27942963e+02, 7.08916626e+02, 4.03861481e+02,
    7.32586060e+02, 5.22436584e+02, 7.32576111e+02, 4.99117737e+02,
    7.32629395e+02, 4.75824860e+02, 7.32638611e+02, 4.52403473e+02,
    7.32681152e+02, 4.28718842e+02, 7.32705566e+02, 4.04774963e+02,
    7.55684204e+02, 5.23329712e+02, 7.55822388e+02, 5.00175018e+02,
    7.55891785e+02, 4.76798889e+02, 7.56085449e+02, 4.53490112e+02,
    7.56167847e+02, 4.29750519e+02, 7.56290527e+02, 4.05876251e+02 ]
