%YAML:1.0
---
points: [ 2.98850037e+02, 1.72779892e+02, 3.09852448e+02, 1.78705063e+02,
    3.20874725e+02, 1.84649506e+02, 3.31747314e+02, 1.90429657e+02,
    3.42497284e+02, 1.96233749e+02, 3.53295929e+02, 2.01965668e+02,
    2.92548553e+02, 1.83848358e+02, 3.03490356e+02, 1.89763229e+02,
    3.14425842e+02, 1.95551422e+02, 3.25231293e+02, 2.01264740e+02,
    3.35936584e+02, 2.07016525e+02, 3.46778320e+02, 2.12733871e+02,
    2.86218536e+02, 1.94853165e+02, 2.97210938e+02, 2.00616074e+02,
    3.08022797e+02, 2.06310791e+02, 3.18836548e+02, 2.11994919e+02,
    3.29529327e+02, 2.17668381e+02, 3.40162415e+02, 2.23276657e+02,
    2.80084839e+02, 2.05576904e+02, 2.91025757e+02, 2.11240189e+02,
    3.01812836e+02, 2.16887512e+02, 3.12518585e+02, 2.22484711e+02,
    3.23158508e+02, 2.28040009e+02, 3.33718506e+02, 2.33564102e+02,
    2.73963837e+02, 2.16167114e+02, 2.84907776e+02, 2.21782486e+02,
    2.95652130e+02, 2.27350815e+02, 3.06282990e+02, 2.32859802e+02,
    3.16890930e+02, 2.38316269e+02, 3.27405090e+02, 2.43733093e+02,
    2.68092560e+02, 2.26600708e+02, 2.78908966e+02, 2.32099167e+02,
    2.89607086e+02, 2.37552185e+02, 3.00153687e+02, 2.43012405e+02,
    3.10730469e+02, 2.48378510e+02, 3.21134583e+02, 2.53740219e+02,
    2.62211304e+02, 2.36886307e+02, 2.72981415e+02, 2.42344055e+02,
    2.83648682e+02, 2.47758255e+02, 2.94147308e+02, 2.53095840e+02,
    3.04662262e+02, 2.58425720e+02, 3.15084808e+02, 2.63709503e+02,
    2.56442535e+02, 2.47094666e+02, 2.67123108e+02, 2.52590561e+02,
    2.77722656e+02, 2.57899597e+02, 2.88269836e+02, 2.63211761e+02,
    2.98710236e+02, 2.68446472e+02, 3.09099609e+02, 2.73765472e+02 ]
