%YAML:1.0
---
points: [ 1.00900952e+03, 4.48502411e+02, 1.04115198e+03, 4.65987579e+02,
    1.07259570e+03, 4.83243805e+02, 1.10393640e+03, 5.00356598e+02,
    1.13490649e+03, 5.17276367e+02, 1.16575427e+03, 5.34092773e+02,
    9.91081421e+02, 4.80219269e+02, 1.02284998e+03, 4.97449127e+02,
    1.05443066e+03, 5.14491882e+02, 1.08554175e+03, 5.31298889e+02,
    1.11648438e+03, 5.47974182e+02, 1.14709143e+03, 5.64576538e+02,
    9.73231445e+02, 5.11565247e+02, 1.00497980e+03, 5.28531860e+02,
    1.03634656e+03, 5.45373779e+02, 1.06743188e+03, 5.61873352e+02,
    1.09818530e+03, 5.78428406e+02, 1.12869690e+03, 5.94742981e+02,
    9.55663208e+02, 5.42441162e+02, 9.87314148e+02, 5.59063965e+02,
    1.01857440e+03, 5.75592529e+02, 1.04942407e+03, 5.91990234e+02,
    1.08007190e+03, 6.08227234e+02, 1.11046838e+03, 6.24316223e+02,
    9.38454651e+02, 5.72818176e+02, 9.69863647e+02, 5.89346252e+02,
    1.00094763e+03, 6.05486633e+02, 1.03170850e+03, 6.21541870e+02,
    1.06225403e+03, 6.37526489e+02, 1.09251965e+03, 6.53270630e+02,
    9.21521423e+02, 6.02659180e+02, 9.52664001e+02, 6.18856750e+02,
    9.83692688e+02, 6.34859802e+02, 1.01434497e+03, 6.50688904e+02,
    1.04466370e+03, 6.66464172e+02, 1.07470837e+03, 6.81948730e+02,
    9.04667847e+02, 6.32221375e+02, 9.35930237e+02, 6.48174561e+02,
    9.66678589e+02, 6.63910828e+02, 9.97256226e+02, 6.79572021e+02,
    1.02735266e+03, 6.95170776e+02, 1.05747864e+03, 7.10596008e+02,
    8.88199036e+02, 6.61609070e+02, 9.19206482e+02, 6.77460449e+02,
    9.49852539e+02, 6.93179932e+02, 9.80250977e+02, 7.08631348e+02,
    1.01045245e+03, 7.23981323e+02, 1.04032544e+03, 7.39116333e+02 ]
