%YAML:1.0
---
points: [ 3.07332703e+02, 2.27070808e+01, 3.20286835e+02, 2.98503113e+01,
    3.32684082e+02, 3.64810867e+01, 3.45049805e+02, 4.33785591e+01,
    3.56997314e+02, 4.98908844e+01, 3.68865204e+02, 5.64951096e+01,
    3.00245544e+02, 3.71635818e+01, 3.12749603e+02, 4.37747612e+01,
    3.25220795e+02, 5.04173126e+01, 3.37216400e+02, 5.69052963e+01,
    3.49257965e+02, 6.33495369e+01, 3.60855988e+02, 6.95528488e+01,
    2.93157379e+02, 5.10080566e+01, 3.05602875e+02, 5.75843620e+01,
    3.17851013e+02, 6.39626503e+01, 3.29814880e+02, 7.01856918e+01,
    3.41598236e+02, 7.63347015e+01, 3.53161255e+02, 8.24049530e+01,
    2.86370605e+02, 6.46278763e+01, 2.98682190e+02, 7.08394470e+01,
    3.10731018e+02, 7.69766388e+01, 3.22515961e+02, 8.30365067e+01,
    3.34158295e+02, 8.89204788e+01, 3.45597473e+02, 9.47608261e+01,
    2.79853363e+02, 7.76314697e+01, 2.92037445e+02, 8.36575241e+01,
    3.03897034e+02, 8.96194229e+01, 3.15575104e+02, 9.54164734e+01,
    3.26978241e+02, 1.01113335e+02, 3.38231659e+02, 1.06646080e+02,
    2.73619965e+02, 9.02152405e+01, 2.85564636e+02, 9.60369873e+01,
    2.97259430e+02, 1.01795685e+02, 3.08779602e+02, 1.07343521e+02,
    3.20091492e+02, 1.12765320e+02, 3.31197723e+02, 1.18137299e+02,
    2.67610718e+02, 1.02400543e+02, 2.79405121e+02, 1.07994865e+02,
    2.90960815e+02, 1.13527679e+02, 3.02274353e+02, 1.18888130e+02,
    3.13452454e+02, 1.24187126e+02, 3.24419128e+02, 1.29398361e+02,
    2.61736847e+02, 1.14175117e+02, 2.73437347e+02, 1.19698448e+02,
    2.84787781e+02, 1.24959801e+02, 2.96027039e+02, 1.30175735e+02,
    3.07068604e+02, 1.35342438e+02, 3.17913086e+02, 1.40362839e+02 ]
