%YAML:1.0
---
points: [ 1.02639282e+03, 1.71443729e+01, 1.06398071e+03, 3.77705956e+01,
    1.10050427e+03, 5.81177864e+01, 1.13645361e+03, 7.78880463e+01,
    1.17154578e+03, 9.72961502e+01, 1.20629919e+03, 1.16420532e+02,
    1.00669580e+03, 5.91274605e+01, 1.04356873e+03, 7.90822830e+01,
    1.07971228e+03, 9.84922104e+01, 1.11501208e+03, 1.17507744e+02,
    1.14978821e+03, 1.36221710e+02, 1.18391199e+03, 1.54478912e+02,
    9.87645508e+02, 9.95575180e+01, 1.02412207e+03, 1.18704956e+02,
    1.05956897e+03, 1.37428787e+02, 1.09451770e+03, 1.55754837e+02,
    1.12878943e+03, 1.73693512e+02, 1.16258276e+03, 1.91414246e+02,
    9.69417419e+02, 1.38365982e+02, 1.00522888e+03, 1.56799393e+02,
    1.04047363e+03, 1.74730682e+02, 1.07458081e+03, 1.92438843e+02,
    1.10857166e+03, 2.09670853e+02, 1.14168164e+03, 2.26627762e+02,
    9.51664368e+02, 1.75517380e+02, 9.87233887e+02, 1.93397980e+02,
    1.02166223e+03, 2.10685577e+02, 1.05567310e+03, 2.27611099e+02,
    1.08893018e+03, 2.44315155e+02, 1.12173645e+03, 2.60646667e+02,
    9.34949768e+02, 2.11461884e+02, 9.69747925e+02, 2.28432663e+02,
    1.00389154e+03, 2.45180344e+02, 1.03730627e+03, 2.61573212e+02,
    1.07031799e+03, 2.77572784e+02, 1.10255957e+03, 2.93345551e+02,
    9.18658691e+02, 2.45888199e+02, 9.52947937e+02, 2.62433685e+02,
    9.86753967e+02, 2.78537262e+02, 1.01968085e+03, 2.94342346e+02,
    1.05219922e+03, 3.09848663e+02, 1.08424646e+03, 3.25259125e+02,
    9.02860413e+02, 2.79435272e+02, 9.36681458e+02, 2.95357819e+02,
    9.70167114e+02, 3.11051666e+02, 1.00262311e+03, 3.26457764e+02,
    1.03484937e+03, 3.41508423e+02, 1.06640308e+03, 3.56257019e+02 ]
