%YAML:1.0
---
points: [ 1.61014648e+02, 5.19832886e+02, 1.59078522e+02, 4.94715912e+02,
    1.57046906e+02, 4.69469391e+02, 1.55090927e+02, 4.44037842e+02,
    1.53070114e+02, 4.18266815e+02, 1.50878159e+02, 3.92318939e+02,
    1.87359451e+02, 5.20663940e+02, 1.85455032e+02, 4.95628326e+02,
    1.83513107e+02, 4.70411011e+02, 1.81565369e+02, 4.44875427e+02,
    1.79779236e+02, 4.19263550e+02, 1.77893082e+02, 3.93286255e+02,
    2.13756409e+02, 5.21615662e+02, 2.12106171e+02, 4.96601776e+02,
    2.10205490e+02, 4.71327179e+02, 2.08270279e+02, 4.45820496e+02,
    2.06522598e+02, 4.20258575e+02, 2.04624969e+02, 3.94430237e+02,
    2.40340103e+02, 5.22484497e+02, 2.38642181e+02, 4.97453949e+02,
    2.36879669e+02, 4.72179230e+02, 2.35074921e+02, 4.46777527e+02,
    2.33409958e+02, 4.21332123e+02, 2.31721024e+02, 3.95504028e+02,
    2.66741516e+02, 5.23332642e+02, 2.65269470e+02, 4.98268921e+02,
    2.63621887e+02, 4.73204376e+02, 2.61726257e+02, 4.47996765e+02,
    2.60250946e+02, 4.22410828e+02, 2.58594574e+02, 3.96575592e+02,
    2.92972534e+02, 5.24049805e+02, 2.91589905e+02, 4.99152679e+02,
    2.90173676e+02, 4.74135132e+02, 2.88592834e+02, 4.48807495e+02,
    2.86828125e+02, 4.23384186e+02, 2.85455750e+02, 3.97601013e+02,
    3.19101196e+02, 5.24783081e+02, 3.17675995e+02, 5.00069672e+02,
    3.16339935e+02, 4.75131744e+02, 3.14783569e+02, 4.49862579e+02,
    3.13361145e+02, 4.24423004e+02, 3.11855621e+02, 3.98637665e+02,
    3.44992462e+02, 5.25700867e+02, 3.43716217e+02, 5.01099609e+02,
    3.42373260e+02, 4.76097839e+02, 3.40754761e+02, 4.50876129e+02,
    3.39411743e+02, 4.25490356e+02, 3.38169189e+02, 3.99843567e+02 ]
