%YAML:1.0
---
points: [ 1.28712134e+03, 6.64344971e+02, 1.31419385e+03, 6.81293701e+02,
    1.34087231e+03, 6.98265930e+02, 1.36749622e+03, 7.15103088e+02,
    1.39389355e+03, 7.31701782e+02, 1.42026099e+03, 7.48415833e+02,
    1.26942041e+03, 6.92595459e+02, 1.29647754e+03, 7.09560547e+02,
    1.32333240e+03, 7.26429932e+02, 1.34992102e+03, 7.43147217e+02,
    1.37647644e+03, 7.59705994e+02, 1.40281335e+03, 7.76376465e+02,
    1.25155554e+03, 7.20958374e+02, 1.27866785e+03, 7.37796448e+02,
    1.30563025e+03, 7.54592773e+02, 1.33247107e+03, 7.71260925e+02,
    1.35912561e+03, 7.87834534e+02, 1.38551807e+03, 8.04382996e+02,
    1.23372827e+03, 7.49291199e+02, 1.26100745e+03, 7.66183044e+02,
    1.28800916e+03, 7.82749268e+02, 1.31468420e+03, 7.99330505e+02,
    1.34140271e+03, 8.15758362e+02, 1.36779688e+03, 8.32138672e+02,
    1.21599146e+03, 7.77616150e+02, 1.24332874e+03, 7.94333374e+02,
    1.27041736e+03, 8.10904724e+02, 1.29725830e+03, 8.27371643e+02,
    1.32383044e+03, 8.43638306e+02, 1.35038098e+03, 8.59851807e+02,
    1.19845276e+03, 8.05871582e+02, 1.22566406e+03, 8.22495239e+02,
    1.25281909e+03, 8.38967163e+02, 1.27959900e+03, 8.55354431e+02,
    1.30638477e+03, 8.71527527e+02, 1.33276697e+03, 8.87562866e+02,
    1.18085986e+03, 8.34286682e+02, 1.20835742e+03, 8.50734497e+02,
    1.23544617e+03, 8.67231934e+02, 1.26232434e+03, 8.83505127e+02,
    1.28903503e+03, 8.99561035e+02, 1.31563794e+03, 9.15630188e+02,
    1.16343005e+03, 8.62835083e+02, 1.19078845e+03, 8.79425720e+02,
    1.21822949e+03, 8.95792480e+02, 1.24528296e+03, 9.12075439e+02,
    1.27220081e+03, 9.28291992e+02, 1.29867371e+03, 9.44096863e+02 ]
