%YAML:1.0
---
points: [ 1.25947815e+03, 3.80009674e+02, 1.28647253e+03, 3.98713989e+02,
    1.31294116e+03, 4.16932190e+02, 1.33922559e+03, 4.35099091e+02,
    1.36505151e+03, 4.52789642e+02, 1.39058264e+03, 4.70492035e+02,
    1.23780469e+03, 4.08848755e+02, 1.26452673e+03, 4.27259766e+02,
    1.29108179e+03, 4.45297974e+02, 1.31715686e+03, 4.62958740e+02,
    1.34295142e+03, 4.80393524e+02, 1.36846606e+03, 4.97748627e+02,
    1.21622070e+03, 4.37404663e+02, 1.24307910e+03, 4.55325531e+02,
    1.26948206e+03, 4.73022705e+02, 1.29551086e+03, 4.90385986e+02,
    1.32134216e+03, 5.07574005e+02, 1.34687646e+03, 5.24562744e+02,
    1.19523926e+03, 4.65300507e+02, 1.22193127e+03, 4.82840454e+02,
    1.24826465e+03, 5.00307251e+02, 1.27424280e+03, 5.17351257e+02,
    1.29995007e+03, 5.34092590e+02, 1.32531006e+03, 5.50712097e+02,
    1.17452905e+03, 4.92767120e+02, 1.20130750e+03, 5.09981018e+02,
    1.22749707e+03, 5.26985413e+02, 1.25337366e+03, 5.43720337e+02,
    1.27885229e+03, 5.60212952e+02, 1.30424731e+03, 5.76501343e+02,
    1.15449475e+03, 5.19659912e+02, 1.18089880e+03, 5.36545715e+02,
    1.20727417e+03, 5.53232056e+02, 1.23275427e+03, 5.69639465e+02,
    1.25827954e+03, 5.85793762e+02, 1.28339819e+03, 6.01762817e+02,
    1.13461072e+03, 5.46247131e+02, 1.16121863e+03, 5.62711548e+02,
    1.18716711e+03, 5.79138977e+02, 1.21281482e+03, 5.95340759e+02,
    1.23820654e+03, 6.11184814e+02, 1.26335864e+03, 6.26926941e+02,
    1.11523572e+03, 5.72492065e+02, 1.14156323e+03, 5.88873840e+02,
    1.16765491e+03, 6.05070129e+02, 1.19322302e+03, 6.20920959e+02,
    1.21876526e+03, 6.36635498e+02, 1.24352441e+03, 6.51964783e+02 ]
