%YAML:1.0
---
points: [ 1.34309851e+03, 7.92680115e+02, 1.37164697e+03, 8.10711365e+02,
    1.40014160e+03, 8.28701843e+02, 1.42836487e+03, 8.46566833e+02,
    1.45638428e+03, 8.64348938e+02, 1.48431628e+03, 8.82117004e+02,
    1.32179700e+03, 8.20135376e+02, 1.35039124e+03, 8.38045776e+02,
    1.37873438e+03, 8.55839355e+02, 1.40681738e+03, 8.73498047e+02,
    1.43477783e+03, 8.91107605e+02, 1.46266968e+03, 9.08671570e+02,
    1.30074817e+03, 8.47286743e+02, 1.32927808e+03, 8.65002136e+02,
    1.35752478e+03, 8.82694702e+02, 1.38559131e+03, 9.00261902e+02,
    1.41360193e+03, 9.17788147e+02, 1.44144568e+03, 9.35259277e+02,
    1.28012146e+03, 8.73976990e+02, 1.30842224e+03, 8.91623169e+02,
    1.33654541e+03, 9.09266113e+02, 1.36449280e+03, 9.26630493e+02,
    1.39241003e+03, 9.43852417e+02, 1.42007959e+03, 9.61016602e+02,
    1.25951880e+03, 9.00549255e+02, 1.28770850e+03, 9.18042480e+02,
    1.31584363e+03, 9.35449402e+02, 1.34373071e+03, 9.52643799e+02,
    1.37140930e+03, 9.69681335e+02, 1.39903406e+03, 9.86582642e+02,
    1.23939270e+03, 9.26711365e+02, 1.26746423e+03, 9.44003662e+02,
    1.29552112e+03, 9.61270813e+02, 1.32317603e+03, 9.78314453e+02,
    1.35077771e+03, 9.95174927e+02, 1.37815564e+03, 1.01187982e+03,
    1.21949170e+03, 9.52776978e+02, 1.24752356e+03, 9.69915161e+02,
    1.27538464e+03, 9.86996704e+02, 1.30305176e+03, 1.00388123e+03,
    1.33049805e+03, 1.02062341e+03, 1.35776770e+03, 1.03736230e+03,
    1.19978186e+03, 9.78784546e+02, 1.22777258e+03, 9.95958008e+02,
    1.25560535e+03, 1.01305341e+03, 1.28319421e+03, 1.02996875e+03,
    1.31062231e+03, 1.04668750e+03, 1.33775366e+03, 1.06291101e+03 ]
