%YAML:1.0
---
points: [ 1.25112598e+03, 8.17324829e+02, 1.26770728e+03, 8.46227722e+02,
    1.28606128e+03, 8.77396729e+02, 1.30602722e+03, 9.11540955e+02,
    1.32822498e+03, 9.49199402e+02, 1.35246436e+03, 9.90879883e+02,
    1.20477844e+03, 8.21033569e+02, 1.21969678e+03, 8.50149963e+02,
    1.23557959e+03, 8.81494080e+02, 1.25342847e+03, 9.15894836e+02,
    1.27267456e+03, 9.54278809e+02, 1.29434155e+03, 9.96035400e+02,
    1.15857800e+03, 8.24816101e+02, 1.17132239e+03, 8.54191284e+02,
    1.18533191e+03, 8.85839417e+02, 1.20019739e+03, 9.20484924e+02,
    1.21728296e+03, 9.58572815e+02, 1.23559424e+03, 1.00106909e+03,
    1.11195020e+03, 8.28758789e+02, 1.12271741e+03, 8.58339355e+02,
    1.13453418e+03, 8.90374512e+02, 1.14741052e+03, 9.25281799e+02,
    1.16140662e+03, 9.64206360e+02, 1.17698596e+03, 1.00698535e+03,
    1.06536035e+03, 8.32775330e+02, 1.07377771e+03, 8.62433289e+02,
    1.08350720e+03, 8.94690552e+02, 1.09361609e+03, 9.29929565e+02,
    1.10546741e+03, 9.69035706e+02, 1.11794214e+03, 1.01249213e+03,
    1.01855945e+03, 8.36689514e+02, 1.02517590e+03, 8.66760071e+02,
    1.03240173e+03, 8.99335205e+02, 1.04013855e+03, 9.34898743e+02,
    1.04885461e+03, 9.74536987e+02, 1.05859412e+03, 1.01811206e+03,
    9.71637390e+02, 8.40744263e+02, 9.76106140e+02, 8.70855896e+02,
    9.81002075e+02, 9.03609985e+02, 9.86302124e+02, 9.39413391e+02,
    9.92308594e+02, 9.79035217e+02, 9.98700989e+02, 1.02330658e+03,
    9.24300354e+02, 8.44582764e+02, 9.26618225e+02, 8.74500305e+02,
    9.28952271e+02, 9.06981995e+02, 9.31864441e+02, 9.42710327e+02,
    9.34668518e+02, 9.82467468e+02, 9.38402222e+02, 1.02753186e+03 ]
