%YAML:1.0
---
points: [ 2.15496124e+02, 4.12133575e+02, 2.37807343e+02, 3.98850983e+02,
    2.60131500e+02, 3.85687714e+02, 2.82371735e+02, 3.72689240e+02,
    3.04686432e+02, 3.59449188e+02, 3.27179596e+02, 3.46316711e+02,
    2.30475311e+02, 4.34512970e+02, 2.52707184e+02, 4.21387878e+02,
    2.75046509e+02, 4.08278168e+02, 2.97260986e+02, 3.95180084e+02,
    3.19572113e+02, 3.82155273e+02, 3.41848724e+02, 3.68827423e+02,
    2.45437607e+02, 4.56866028e+02, 2.67698425e+02, 4.43688965e+02,
    2.89824188e+02, 4.30617371e+02, 3.12025024e+02, 4.17555267e+02,
    3.34221985e+02, 4.04531342e+02, 3.56584839e+02, 3.91438232e+02,
    2.60453033e+02, 4.79073792e+02, 2.82628845e+02, 4.65958374e+02,
    3.04765961e+02, 4.52901367e+02, 3.26883698e+02, 4.39850983e+02,
    3.49184204e+02, 4.26833191e+02, 3.71381561e+02, 4.13773102e+02,
    2.75413391e+02, 5.01074799e+02, 2.97554779e+02, 4.88076660e+02,
    3.19630707e+02, 4.75055084e+02, 3.41646149e+02, 4.62153687e+02,
    3.63798889e+02, 4.49069031e+02, 3.85968628e+02, 4.36078125e+02,
    2.90184296e+02, 5.22864441e+02, 3.12254761e+02, 5.09876801e+02,
    3.34396698e+02, 4.97016388e+02, 3.56383667e+02, 4.84057800e+02,
    3.78478119e+02, 4.71157715e+02, 4.00503723e+02, 4.58059998e+02,
    3.04634064e+02, 5.44677673e+02, 3.26730286e+02, 5.31653625e+02,
    3.48763458e+02, 5.18699280e+02, 3.70786591e+02, 5.05890869e+02,
    3.92739197e+02, 4.93019318e+02, 4.14864136e+02, 4.80141266e+02,
    3.19076477e+02, 5.66432556e+02, 3.40922211e+02, 5.53503113e+02,
    3.62812469e+02, 5.40639404e+02, 3.84656464e+02, 5.27735779e+02,
    4.06604797e+02, 5.14966003e+02, 4.28701904e+02, 5.02056335e+02 ]
