%YAML:1.0
---
points: [ 8.60623779e+01, 3.61800232e+02, 9.67202301e+01, 3.44847046e+02,
    1.06764473e+02, 3.29299622e+02, 1.15856949e+02, 3.15137054e+02,
    1.24391014e+02, 3.02133331e+02, 1.32124191e+02, 2.90174408e+02,
    1.06951523e+02, 3.64713867e+02, 1.16844673e+02, 3.47244110e+02,
    1.26043770e+02, 3.31247894e+02, 1.34424728e+02, 3.16753357e+02,
    1.42133713e+02, 3.03451477e+02, 1.49301987e+02, 2.91138489e+02,
    1.28256439e+02, 3.66945374e+02, 1.37390381e+02, 3.49058899e+02,
    1.45555405e+02, 3.32909912e+02, 1.53152710e+02, 3.18005524e+02,
    1.60162231e+02, 3.04496429e+02, 1.66391434e+02, 2.91987579e+02,
    1.49921173e+02, 3.69029358e+02, 1.57993591e+02, 3.50689026e+02,
    1.65357315e+02, 3.34150330e+02, 1.72130585e+02, 3.19170624e+02,
    1.78265518e+02, 3.05412079e+02, 1.83849106e+02, 2.92854401e+02,
    1.72108658e+02, 3.70802582e+02, 1.79148819e+02, 3.52366638e+02,
    1.85585526e+02, 3.35582703e+02, 1.91307465e+02, 3.20282654e+02,
    1.96688339e+02, 3.06405853e+02, 2.01472656e+02, 2.93712280e+02,
    1.94772003e+02, 3.72661407e+02, 2.00656128e+02, 3.53796356e+02,
    2.06008163e+02, 3.36861542e+02, 2.10938797e+02, 3.21522369e+02,
    2.15245483e+02, 3.07467560e+02, 2.19264420e+02, 2.94570770e+02,
    2.17641724e+02, 3.74594574e+02, 2.22438126e+02, 3.55486816e+02,
    2.26730713e+02, 3.38234070e+02, 2.30524658e+02, 3.22673004e+02,
    2.34089172e+02, 3.08405640e+02, 2.37270584e+02, 2.95542450e+02,
    2.41083221e+02, 3.76503876e+02, 2.44529663e+02, 3.57223511e+02,
    2.47725128e+02, 3.39684296e+02, 2.50605011e+02, 3.23980133e+02,
    2.53167664e+02, 3.09676910e+02, 2.55435181e+02, 2.96463318e+02 ]
