%YAML:1.0
---
points: [ 4.59045868e+02, 4.16379059e+02, 4.81565582e+02, 4.03311401e+02,
    5.04058472e+02, 3.90086914e+02, 5.26422852e+02, 3.77108276e+02,
    5.48701843e+02, 3.63843353e+02, 5.71162415e+02, 3.50881805e+02,
    4.73789734e+02, 4.38635498e+02, 4.96307312e+02, 4.25526337e+02,
    5.18741089e+02, 4.12428864e+02, 5.40952881e+02, 3.99365906e+02,
    5.63367920e+02, 3.86317078e+02, 5.85589355e+02, 3.73282318e+02,
    4.88595917e+02, 4.60744354e+02, 5.11062439e+02, 4.47661774e+02,
    5.33310852e+02, 4.34513184e+02, 5.55486145e+02, 4.21553741e+02,
    5.77653076e+02, 4.08526123e+02, 5.99872803e+02, 3.95535706e+02,
    5.03334991e+02, 4.82703766e+02, 5.25563171e+02, 4.69558289e+02,
    5.47753906e+02, 4.56507172e+02, 5.69868286e+02, 4.43466949e+02,
    5.91989929e+02, 4.30552490e+02, 6.14209106e+02, 4.17533752e+02,
    5.17920593e+02, 5.04425903e+02, 5.40166748e+02, 4.91362030e+02,
    5.62242920e+02, 4.78318909e+02, 5.84248840e+02, 4.65374725e+02,
    6.06291870e+02, 4.52430725e+02, 6.28321411e+02, 4.39427582e+02,
    5.32343994e+02, 5.25890625e+02, 5.54411072e+02, 5.12802063e+02,
    5.76434509e+02, 4.99864380e+02, 5.98411316e+02, 4.86950592e+02,
    6.20362610e+02, 4.74076447e+02, 6.42277466e+02, 4.61104889e+02,
    5.46464844e+02, 5.47280151e+02, 5.68498840e+02, 5.34249939e+02,
    5.90474609e+02, 5.21313721e+02, 6.12443970e+02, 5.08367859e+02,
    6.34250305e+02, 4.95479858e+02, 6.56070801e+02, 4.82613586e+02,
    5.60584778e+02, 5.68572205e+02, 5.82452576e+02, 5.55582214e+02,
    6.04305054e+02, 5.42669312e+02, 6.26016663e+02, 5.29808289e+02,
    6.47762512e+02, 5.16925171e+02, 6.69545471e+02, 5.04071564e+02 ]
