%YAML:1.0
---
points: [ 4.55437134e+02, 3.27395264e+02, 4.78276001e+02, 3.14053772e+02,
    5.00883911e+02, 3.00645355e+02, 5.23582397e+02, 2.87497070e+02,
    5.46227417e+02, 2.74096039e+02, 5.68891418e+02, 2.60887115e+02,
    4.70632660e+02, 3.50376526e+02, 4.93338257e+02, 3.36897156e+02,
    5.16033325e+02, 3.23681061e+02, 5.38526733e+02, 3.10440857e+02,
    5.61215210e+02, 2.97299011e+02, 5.83660339e+02, 2.83941833e+02,
    4.85745605e+02, 3.73139832e+02, 5.08471649e+02, 3.59837708e+02,
    5.30889343e+02, 3.46575928e+02, 5.53445618e+02, 3.33445099e+02,
    5.75748901e+02, 3.20181458e+02, 5.98428040e+02, 3.07092407e+02,
    5.00855621e+02, 3.95690674e+02, 5.23357910e+02, 3.82463745e+02,
    5.45873169e+02, 3.69283051e+02, 5.68145142e+02, 3.56075775e+02,
    5.90616394e+02, 3.43005585e+02, 6.12921570e+02, 3.29862976e+02,
    5.15805725e+02, 4.18068542e+02, 5.38294189e+02, 4.04900421e+02,
    5.60607300e+02, 3.91725403e+02, 5.82799805e+02, 3.78693787e+02,
    6.05165649e+02, 3.65496948e+02, 6.27421387e+02, 3.52438782e+02,
    5.30550964e+02, 4.40284515e+02, 5.52860229e+02, 4.27066498e+02,
    5.75212036e+02, 4.13906616e+02, 5.97342896e+02, 4.00864075e+02,
    6.19551086e+02, 3.87807922e+02, 6.41706665e+02, 3.74732117e+02,
    5.45047546e+02, 4.62189728e+02, 5.67399536e+02, 4.49056793e+02,
    5.89502197e+02, 4.35893402e+02, 6.11700012e+02, 4.22980957e+02,
    6.33680786e+02, 4.09907745e+02, 6.55891052e+02, 3.96952698e+02,
    5.59528198e+02, 4.83987579e+02, 5.81599976e+02, 4.70939026e+02,
    6.03683411e+02, 4.57873199e+02, 6.25625977e+02, 4.44935577e+02,
    6.47657288e+02, 4.31882111e+02, 6.69625732e+02, 4.18999573e+02 ]
