%YAML:1.0
---
points: [ 3.56008331e+02, 9.75219543e+02, 3.94244934e+02, 9.25638855e+02,
    4.29997528e+02, 8.81430969e+02, 4.61818665e+02, 8.41495544e+02,
    4.91366852e+02, 8.05071960e+02, 5.18251709e+02, 7.71513916e+02,
    4.15119629e+02, 9.82752686e+02, 4.51514832e+02, 9.32718384e+02,
    4.84120087e+02, 8.87657654e+02, 5.13700378e+02, 8.46991211e+02,
    5.41245361e+02, 8.09422791e+02, 5.65854187e+02, 7.75162476e+02,
    4.75629547e+02, 9.89322327e+02, 5.08614349e+02, 9.38473083e+02,
    5.38838196e+02, 8.92800537e+02, 5.66290100e+02, 8.50883911e+02,
    5.91132141e+02, 8.13426880e+02, 6.13910339e+02, 7.78323364e+02,
    5.36029968e+02, 9.95125366e+02, 5.66632996e+02, 9.43681030e+02,
    5.94324951e+02, 8.96796082e+02, 6.19352844e+02, 8.54956970e+02,
    6.41840942e+02, 8.16640137e+02, 6.62806335e+02, 7.81498718e+02,
    5.98359985e+02, 1.00134662e+03, 6.25711487e+02, 9.48720459e+02,
    6.50777893e+02, 9.01675293e+02, 6.72998535e+02, 8.58992126e+02,
    6.93584717e+02, 8.20299805e+02, 7.11902222e+02, 7.84739685e+02,
    6.61218079e+02, 1.00667798e+03, 6.85826050e+02, 9.53767700e+02,
    7.07704834e+02, 9.06256897e+02, 7.27580322e+02, 8.63207397e+02,
    7.45530640e+02, 8.23835510e+02, 7.61945923e+02, 7.88208008e+02,
    7.25501648e+02, 1.01351807e+03, 7.46546326e+02, 9.59538330e+02,
    7.65784973e+02, 9.11011353e+02, 7.82549133e+02, 8.67529602e+02,
    7.98494202e+02, 8.27741455e+02, 8.12320862e+02, 7.91574219e+02,
    7.90490601e+02, 1.01971942e+03, 8.08451050e+02, 9.65107117e+02,
    8.23947510e+02, 9.15797974e+02, 8.38741211e+02, 8.71742737e+02,
    8.51504272e+02, 8.31841187e+02, 8.63473572e+02, 7.95068176e+02 ]
