%YAML:1.0
---
points: [ 9.33707352e+01, 3.56085266e+02, 1.03968773e+02, 3.39457947e+02,
    1.13700882e+02, 3.24401611e+02, 1.22690262e+02, 3.10688416e+02,
    1.31030151e+02, 2.98005615e+02, 1.38648819e+02, 2.86350647e+02,
    1.13920708e+02, 3.58955139e+02, 1.23677589e+02, 3.41980499e+02,
    1.32660202e+02, 3.26460419e+02, 1.40971878e+02, 3.12384216e+02,
    1.48502762e+02, 2.99422424e+02, 1.55510101e+02, 2.87523193e+02,
    1.34781021e+02, 3.61198181e+02, 1.43784485e+02, 3.43858551e+02,
    1.51832031e+02, 3.28207336e+02, 1.59282700e+02, 3.13703247e+02,
    1.66142181e+02, 3.00581879e+02, 1.72274612e+02, 2.88494873e+02,
    1.56246490e+02, 3.63287170e+02, 1.64087189e+02, 3.45654358e+02,
    1.71276184e+02, 3.29621674e+02, 1.77950867e+02, 3.14998535e+02,
    1.83914230e+02, 3.01641205e+02, 1.89445404e+02, 2.89508484e+02,
    1.77869034e+02, 3.65323456e+02, 1.84804230e+02, 3.47399109e+02,
    1.91205688e+02, 3.31085358e+02, 1.96838257e+02, 3.16220520e+02,
    2.02037125e+02, 3.02740997e+02, 2.06752579e+02, 2.90413452e+02,
    2.00139328e+02, 3.67276093e+02, 2.05912262e+02, 3.48985077e+02,
    2.11157822e+02, 3.32482056e+02, 2.16067139e+02, 3.17661224e+02,
    2.20340317e+02, 3.03874420e+02, 2.24355515e+02, 2.91344879e+02,
    2.22601639e+02, 3.69352631e+02, 2.27320404e+02, 3.50929749e+02,
    2.31618866e+02, 3.34114288e+02, 2.35373749e+02, 3.18902710e+02,
    2.38936859e+02, 3.05038177e+02, 2.42049866e+02, 2.92371246e+02,
    2.45612579e+02, 3.71502747e+02, 2.49106873e+02, 3.52772186e+02,
    2.52253006e+02, 3.35658691e+02, 2.55161224e+02, 3.20428802e+02,
    2.57626617e+02, 3.06345367e+02, 2.60103577e+02, 2.93450562e+02 ]
