%YAML:1.0
---
points: [ 4.53143097e+02, 2.47449570e+02, 4.76039124e+02, 2.33741837e+02,
    4.98852539e+02, 2.20097260e+02, 5.21695251e+02, 2.06489090e+02,
    5.44491394e+02, 1.92754578e+02, 5.67393677e+02, 1.79275040e+02,
    4.68706238e+02, 2.70953705e+02, 4.91593384e+02, 2.57342834e+02,
    5.14400269e+02, 2.43689835e+02, 5.37038208e+02, 2.30117630e+02,
    5.59833191e+02, 2.16552139e+02, 5.82547852e+02, 2.02890442e+02,
    4.84363281e+02, 2.94289368e+02, 5.07182892e+02, 2.80730835e+02,
    5.29681152e+02, 2.67132172e+02, 5.52350403e+02, 2.53654892e+02,
    5.74893860e+02, 2.40106491e+02, 5.97625549e+02, 2.26587830e+02,
    4.99816803e+02, 3.17492340e+02, 5.22461182e+02, 3.03884644e+02,
    5.45121826e+02, 2.90431732e+02, 5.67510803e+02, 2.76925659e+02,
    5.90199402e+02, 2.63470642e+02, 6.12631531e+02, 2.49931595e+02,
    5.15278625e+02, 3.40333252e+02, 5.37826111e+02, 3.26914581e+02,
    5.60266113e+02, 3.13426147e+02, 5.82648621e+02, 3.00149628e+02,
    6.05088318e+02, 2.86621521e+02, 6.27548401e+02, 2.73273560e+02,
    5.30429871e+02, 3.63135376e+02, 5.52778809e+02, 3.49614990e+02,
    5.75283203e+02, 3.36323639e+02, 5.97555115e+02, 3.22915039e+02,
    6.19896790e+02, 3.09600403e+02, 6.42298767e+02, 2.96174316e+02,
    5.45329834e+02, 3.85477692e+02, 5.67636597e+02, 3.72202667e+02,
    5.90024658e+02, 3.58762939e+02, 6.12343262e+02, 3.45516052e+02,
    6.34514954e+02, 3.32246155e+02, 6.56827026e+02, 3.18898224e+02,
    5.60235107e+02, 4.07860291e+02, 5.82423462e+02, 3.94542633e+02,
    6.04599609e+02, 3.81338043e+02, 6.26605713e+02, 3.67947571e+02,
    6.48800232e+02, 3.54719940e+02, 6.71037231e+02, 3.41483826e+02 ]
