%YAML:1.0
---
points: [ 8.28132324e+02, 1.76550705e+02, 8.49853333e+02, 1.62806931e+02,
    8.71580322e+02, 1.48883530e+02, 8.93384644e+02, 1.35119415e+02,
    9.15157715e+02, 1.21080910e+02, 9.37142517e+02, 1.07161026e+02,
    8.41894104e+02, 1.99378311e+02, 8.63565491e+02, 1.85613113e+02,
    8.85232422e+02, 1.71729294e+02, 9.06870605e+02, 1.58163254e+02,
    9.28739197e+02, 1.44274216e+02, 9.50597107e+02, 1.30315872e+02,
    8.55559326e+02, 2.21950653e+02, 8.77283081e+02, 2.08374863e+02,
    8.98802856e+02, 1.94535172e+02, 9.20485352e+02, 1.80910080e+02,
    9.42264160e+02, 1.67086029e+02, 9.64044373e+02, 1.53281509e+02,
    8.69251587e+02, 2.44443863e+02, 8.90697083e+02, 2.30873886e+02,
    9.12356934e+02, 2.17282440e+02, 9.33790710e+02, 2.03600571e+02,
    9.55507263e+02, 1.89921402e+02, 9.77293274e+02, 1.76127014e+02,
    8.82626587e+02, 2.66677429e+02, 9.04313354e+02, 2.53160400e+02,
    9.25626709e+02, 2.39589905e+02, 9.47264282e+02, 2.26094223e+02,
    9.68790405e+02, 2.12467163e+02, 9.90463257e+02, 1.98742920e+02,
    8.96176147e+02, 2.88665649e+02, 9.17526794e+02, 2.75315796e+02,
    9.38980591e+02, 2.61822571e+02, 9.60415100e+02, 2.48374237e+02,
    9.81933167e+02, 2.34808578e+02, 1.00350830e+03, 2.21192093e+02,
    9.09325256e+02, 3.10506714e+02, 9.30693604e+02, 2.97200897e+02,
    9.52045532e+02, 2.83793060e+02, 9.73516357e+02, 2.70433197e+02,
    9.94978027e+02, 2.56915924e+02, 1.01665308e+03, 2.43362000e+02,
    9.22592346e+02, 3.32304840e+02, 9.43815857e+02, 3.18993530e+02,
    9.65277771e+02, 3.05676483e+02, 9.86559082e+02, 2.92316528e+02,
    1.00807959e+03, 2.78861786e+02, 1.02954150e+03, 2.65478149e+02 ]
