%YAML:1.0
---
points: [ 5.93943420e+02, 3.11035767e+02, 6.30896973e+02, 3.18698517e+02,
    6.69039368e+02, 3.26698059e+02, 7.08601440e+02, 3.34650360e+02,
    7.49547424e+02, 3.43350098e+02, 7.92399658e+02, 3.51900635e+02,
    5.61172302e+02, 3.37328735e+02, 5.98513245e+02, 3.45713837e+02,
    6.36998535e+02, 3.54470093e+02, 6.77202637e+02, 3.63383148e+02,
    7.18971191e+02, 3.72605072e+02, 7.62208374e+02, 3.82329834e+02,
    5.26105896e+02, 3.65289154e+02, 5.63999817e+02, 3.74541779e+02,
    6.03112488e+02, 3.84012299e+02, 6.43873840e+02, 3.93576599e+02,
    6.85958374e+02, 4.03678284e+02, 7.30330688e+02, 4.14099518e+02,
    4.89357086e+02, 3.94864899e+02, 5.27406860e+02, 4.05062439e+02,
    5.67243652e+02, 4.15343872e+02, 6.08245728e+02, 4.26153839e+02,
    6.51231934e+02, 4.37326630e+02, 6.95870911e+02, 4.49028107e+02,
    4.50176208e+02, 4.26357971e+02, 4.88615906e+02, 4.37404144e+02,
    5.28511658e+02, 4.48689819e+02, 5.70354431e+02, 4.60438293e+02,
    6.13814270e+02, 4.72755219e+02, 6.59470154e+02, 4.85738098e+02,
    4.08535126e+02, 4.59557312e+02, 4.47451538e+02, 4.71777435e+02,
    4.87804901e+02, 4.84279907e+02, 5.29928040e+02, 4.97338654e+02,
    5.74208069e+02, 5.10815887e+02, 6.20246338e+02, 5.25267334e+02,
    3.64218262e+02, 4.94952301e+02, 4.03427948e+02, 5.08206696e+02,
    4.43943207e+02, 5.21901123e+02, 4.86554352e+02, 5.35990417e+02,
    5.30906128e+02, 5.51037170e+02, 5.78038025e+02, 5.66628784e+02,
    3.16491333e+02, 5.32562378e+02, 3.55305511e+02, 5.46805725e+02,
    3.96081146e+02, 5.61372620e+02, 4.38751801e+02, 5.76653992e+02,
    4.83620514e+02, 5.92965515e+02, 5.31316467e+02, 6.10735107e+02 ]
