%YAML:1.0
---
points: [ 1.12954541e+03, 2.99327545e+02, 1.17829565e+03, 2.95055206e+02,
    1.22658630e+03, 2.90611633e+02, 1.27481506e+03, 2.86226257e+02,
    1.32327063e+03, 2.81603851e+02, 1.37169568e+03, 2.77061859e+02,
    1.13098340e+03, 3.48186218e+02, 1.17870752e+03, 3.43817719e+02,
    1.22640796e+03, 3.39398773e+02, 1.27394934e+03, 3.34859528e+02,
    1.32177527e+03, 3.30517151e+02, 1.36967749e+03, 3.26063965e+02,
    1.13247986e+03, 3.95396179e+02, 1.17953076e+03, 3.91144196e+02,
    1.22655322e+03, 3.86718231e+02, 1.27356189e+03, 3.82403717e+02,
    1.32061316e+03, 3.77964355e+02, 1.36804785e+03, 3.73626801e+02,
    1.13414600e+03, 4.41409424e+02, 1.18065198e+03, 4.37325104e+02,
    1.22709253e+03, 4.33068665e+02, 1.27336340e+03, 4.28669769e+02,
    1.31982751e+03, 4.24351074e+02, 1.36641077e+03, 4.19834137e+02,
    1.13579773e+03, 4.86477325e+02, 1.18155469e+03, 4.82264923e+02,
    1.22744006e+03, 4.77995178e+02, 1.27314380e+03, 4.73759735e+02,
    1.31875012e+03, 4.69582611e+02, 1.36503308e+03, 4.65326782e+02,
    1.13755640e+03, 5.30332092e+02, 1.18264209e+03, 5.26247009e+02,
    1.22779565e+03, 5.22144714e+02, 1.27295007e+03, 5.17786621e+02,
    1.31818213e+03, 5.13499756e+02, 1.36362744e+03, 5.09222992e+02,
    1.13878198e+03, 5.72848755e+02, 1.18355505e+03, 5.68788330e+02,
    1.22811084e+03, 5.64805603e+02, 1.27275513e+03, 5.60583130e+02,
    1.31737292e+03, 5.56349976e+02, 1.36227637e+03, 5.52292480e+02,
    1.14027795e+03, 6.14071045e+02, 1.18427820e+03, 6.09933838e+02,
    1.22836365e+03, 6.06150513e+02, 1.27221716e+03, 6.02070435e+02,
    1.31655420e+03, 5.97907898e+02, 1.36064001e+03, 5.93865601e+02 ]
