%YAML:1.0
---
points: [ 3.48425415e+02, 1.20086006e+02, 3.65438019e+02, 1.18312592e+02,
    3.82275055e+02, 1.16690071e+02, 3.98996826e+02, 1.15014343e+02,
    4.15509277e+02, 1.13463631e+02, 4.31950623e+02, 1.11805374e+02,
    3.48557465e+02, 1.37100510e+02, 3.65238525e+02, 1.35391647e+02,
    3.81885376e+02, 1.33658249e+02, 3.98442383e+02, 1.32055603e+02,
    4.14819305e+02, 1.30400009e+02, 4.31116852e+02, 1.28945465e+02,
    3.48811676e+02, 1.53650757e+02, 3.65273376e+02, 1.51923004e+02,
    3.81677856e+02, 1.50295776e+02, 3.98106110e+02, 1.48622879e+02,
    4.14352783e+02, 1.46962891e+02, 4.30462036e+02, 1.45326401e+02,
    3.49072113e+02, 1.69706039e+02, 3.65362396e+02, 1.68126816e+02,
    3.81568420e+02, 1.66353317e+02, 3.97676849e+02, 1.64828598e+02,
    4.13823242e+02, 1.63032471e+02, 4.29825439e+02, 1.61498962e+02,
    3.49381104e+02, 1.85433884e+02, 3.65475006e+02, 1.83755646e+02,
    3.81463409e+02, 1.82171310e+02, 3.97418152e+02, 1.80457672e+02,
    4.13239655e+02, 1.78952744e+02, 4.29175629e+02, 1.77207962e+02,
    3.49745850e+02, 2.00780960e+02, 3.65563385e+02, 1.99182556e+02,
    3.81348358e+02, 1.97466660e+02, 3.97072998e+02, 1.95870544e+02,
    4.12798676e+02, 1.94214142e+02, 4.28410706e+02, 1.92696136e+02,
    3.49980316e+02, 2.15521942e+02, 3.65531006e+02, 2.14007645e+02,
    3.81216339e+02, 2.12408646e+02, 3.96760834e+02, 2.10821396e+02,
    4.12251312e+02, 2.09238281e+02, 4.27651031e+02, 2.07622604e+02,
    3.50137939e+02, 2.29918625e+02, 3.65646484e+02, 2.28365555e+02,
    3.80927155e+02, 2.26854950e+02, 3.96348175e+02, 2.25284454e+02,
    4.11613373e+02, 2.23695374e+02, 4.26952209e+02, 2.22184570e+02 ]
