%YAML:1.0
---
points: [ 1.17499658e+03, 6.65827881e+02, 1.22174438e+03, 6.63516785e+02,
    1.26822144e+03, 6.61153503e+02, 1.31486865e+03, 6.58841064e+02,
    1.36143420e+03, 6.56430908e+02, 1.40816565e+03, 6.54226685e+02,
    1.17721326e+03, 7.12012207e+02, 1.22375269e+03, 7.09546082e+02,
    1.27027429e+03, 7.07370178e+02, 1.31687671e+03, 7.05063904e+02,
    1.36383008e+03, 7.02763489e+02, 1.41074121e+03, 7.00559570e+02,
    1.17978796e+03, 7.57966980e+02, 1.22637634e+03, 7.55708435e+02,
    1.27303589e+03, 7.53669373e+02, 1.31961584e+03, 7.51237244e+02,
    1.36638513e+03, 7.49036377e+02, 1.41326794e+03, 7.46724182e+02,
    1.18251855e+03, 8.04459229e+02, 1.22919690e+03, 8.02311646e+02,
    1.27588452e+03, 8.00016418e+02, 1.32243689e+03, 7.97722534e+02,
    1.36919922e+03, 7.95581116e+02, 1.41619214e+03, 7.93033630e+02,
    1.18544275e+03, 8.51077148e+02, 1.23206592e+03, 8.48896301e+02,
    1.27863525e+03, 8.46606567e+02, 1.32523181e+03, 8.44438599e+02,
    1.37197314e+03, 8.42075500e+02, 1.41896033e+03, 8.39752991e+02,
    1.18809656e+03, 8.97912842e+02, 1.23472974e+03, 8.95834534e+02,
    1.28143347e+03, 8.93377563e+02, 1.32814490e+03, 8.91136292e+02,
    1.37494031e+03, 8.88708069e+02, 1.42180505e+03, 8.86537537e+02,
    1.19069031e+03, 9.44566650e+02, 1.23744739e+03, 9.42405029e+02,
    1.28425537e+03, 9.40065979e+02, 1.33086731e+03, 9.37897705e+02,
    1.37752148e+03, 9.35483459e+02, 1.42449182e+03, 9.33406189e+02,
    1.19313708e+03, 9.91001648e+02, 1.23972351e+03, 9.88610413e+02,
    1.28653882e+03, 9.86440552e+02, 1.33326477e+03, 9.84294434e+02,
    1.38022522e+03, 9.81937988e+02, 1.42718848e+03, 9.79809692e+02 ]
