%YAML:1.0
---
points: [ 7.69708496e+02, 7.17439697e+02, 8.13402588e+02, 7.15143127e+02,
    8.57453491e+02, 7.12678345e+02, 9.01520447e+02, 7.10016357e+02,
    9.45663025e+02, 7.07576355e+02, 9.90341675e+02, 7.04854980e+02,
    7.74856262e+02, 7.57593079e+02, 8.18213501e+02, 7.55298584e+02,
    8.61638000e+02, 7.52993408e+02, 9.05382690e+02, 7.50562744e+02,
    9.49115051e+02, 7.48378235e+02, 9.93186401e+02, 7.45830811e+02,
    7.79811768e+02, 7.97370056e+02, 8.22676270e+02, 7.95225159e+02,
    8.65668030e+02, 7.92897095e+02, 9.08814819e+02, 7.90726868e+02,
    9.52423401e+02, 7.88335938e+02, 9.96064758e+02, 7.86304077e+02,
    7.84424377e+02, 8.36902588e+02, 8.27057434e+02, 8.34693359e+02,
    8.69711975e+02, 8.32598999e+02, 9.12441650e+02, 8.30199707e+02,
    9.55516235e+02, 8.28228516e+02, 9.98682495e+02, 8.25844910e+02,
    7.88770325e+02, 8.75880615e+02, 8.31175293e+02, 8.73611755e+02,
    8.73562439e+02, 8.71530518e+02, 9.15989685e+02, 8.69449768e+02,
    9.58608032e+02, 8.67076477e+02, 1.00154193e+03, 8.65253601e+02,
    7.93205872e+02, 9.14182495e+02, 8.35056885e+02, 9.12238342e+02,
    8.77268433e+02, 9.09887695e+02, 9.19381592e+02, 9.07778687e+02,
    9.61669922e+02, 9.05666870e+02, 1.00431946e+03, 9.03653076e+02,
    7.97650940e+02, 9.51221802e+02, 8.39346191e+02, 9.49421204e+02,
    8.80905945e+02, 9.47482544e+02, 9.22769470e+02, 9.45483765e+02,
    9.64695740e+02, 9.43588562e+02, 1.00697729e+03, 9.41557434e+02,
    8.02323792e+02, 9.87432068e+02, 8.43480103e+02, 9.85661865e+02,
    8.84817688e+02, 9.83820618e+02, 9.26214905e+02, 9.81956421e+02,
    9.67858459e+02, 9.80440308e+02, 1.00952472e+03, 9.78507324e+02 ]
