%YAML:1.0
---
points: [ 2.21525726e+02, 2.66922028e+02, 2.36758102e+02, 2.65895599e+02,
    2.52072739e+02, 2.64908386e+02, 2.67357819e+02, 2.63836823e+02,
    2.82868500e+02, 2.62886322e+02, 2.98346802e+02, 2.61877167e+02,
    2.23124817e+02, 2.80829926e+02, 2.38271637e+02, 2.79909943e+02,
    2.53376862e+02, 2.78898651e+02, 2.68551300e+02, 2.77989502e+02,
    2.83859131e+02, 2.77057800e+02, 2.99262207e+02, 2.76219147e+02,
    2.24673828e+02, 2.94666992e+02, 2.39652008e+02, 2.93764404e+02,
    2.54654633e+02, 2.92878510e+02, 2.69689575e+02, 2.91959534e+02,
    2.84888306e+02, 2.91057404e+02, 3.00134521e+02, 2.90186890e+02,
    2.26168030e+02, 3.08431641e+02, 2.41031326e+02, 3.07570587e+02,
    2.55922180e+02, 3.06695038e+02, 2.70825043e+02, 3.05770233e+02,
    2.85899994e+02, 3.04854218e+02, 3.01036591e+02, 3.04000122e+02,
    2.27654770e+02, 3.21930817e+02, 2.42408600e+02, 3.21063477e+02,
    2.57170624e+02, 3.20286041e+02, 2.71981049e+02, 3.19393097e+02,
    2.86897400e+02, 3.18529999e+02, 3.01878204e+02, 3.17718445e+02,
    2.29074081e+02, 3.35271729e+02, 2.43715332e+02, 3.34436981e+02,
    2.58385681e+02, 3.33587708e+02, 2.73104523e+02, 3.32780609e+02,
    2.87865173e+02, 3.31911926e+02, 3.02750275e+02, 3.31133911e+02,
    2.30603119e+02, 3.48067261e+02, 2.45007248e+02, 3.47297089e+02,
    2.59630646e+02, 3.46581818e+02, 2.74179474e+02, 3.45855072e+02,
    2.88849670e+02, 3.45014648e+02, 3.03511963e+02, 3.44194763e+02,
    2.32021255e+02, 3.60622955e+02, 2.46411377e+02, 3.59852386e+02,
    2.60719910e+02, 3.59128143e+02, 2.75298035e+02, 3.58357788e+02,
    2.89654633e+02, 3.57665649e+02, 3.04361084e+02, 3.56960632e+02 ]
