%YAML:1.0
---
points: [ 7.77118469e+02, 7.12997742e+02, 8.20768860e+02, 7.10963684e+02,
    8.64542786e+02, 7.08618225e+02, 9.08341797e+02, 7.06437256e+02,
    9.52557434e+02, 7.03944580e+02, 9.96888000e+02, 7.01614136e+02,
    7.81902222e+02, 7.53142334e+02, 8.25214478e+02, 7.50840637e+02,
    8.68665466e+02, 7.48781372e+02, 9.11839172e+02, 7.46565125e+02,
    9.55499084e+02, 7.44491028e+02, 9.99505859e+02, 7.42396545e+02,
    7.86629150e+02, 7.92538147e+02, 8.29421265e+02, 7.90559082e+02,
    8.72377075e+02, 7.88484070e+02, 9.15450378e+02, 7.86538574e+02,
    9.58548340e+02, 7.84442078e+02, 1.00201044e+03, 7.82425964e+02,
    7.91116333e+02, 8.31914917e+02, 8.33462219e+02, 8.29865906e+02,
    8.76072876e+02, 8.28051270e+02, 9.18562134e+02, 8.25882874e+02,
    9.61454041e+02, 8.23787415e+02, 1.00457617e+03, 8.21946472e+02,
    7.95409241e+02, 8.70598206e+02, 8.37518127e+02, 8.68597900e+02,
    8.79611511e+02, 8.66636108e+02, 9.22029907e+02, 8.64730530e+02,
    9.64438049e+02, 8.62754150e+02, 1.00707983e+03, 8.60865723e+02,
    7.99574585e+02, 9.08649780e+02, 8.41299866e+02, 9.06929138e+02,
    8.83272705e+02, 9.04843872e+02, 9.25179993e+02, 9.02873779e+02,
    9.67267090e+02, 9.01231750e+02, 1.00955206e+03, 8.99264404e+02,
    8.03748535e+02, 9.45567871e+02, 8.45212158e+02, 9.43921631e+02,
    8.86623718e+02, 9.42316711e+02, 9.28247314e+02, 9.40398193e+02,
    9.70142883e+02, 9.38664856e+02, 1.01209229e+03, 9.37000427e+02,
    8.08047791e+02, 9.81550232e+02, 8.49194824e+02, 9.80040466e+02,
    8.90377136e+02, 9.78426697e+02, 9.31486328e+02, 9.76716248e+02,
    9.72909546e+02, 9.75318665e+02, 1.01447559e+03, 9.73692139e+02 ]
