%YAML:1.0
---
points: [ 2.23984344e+02, 2.65255280e+02, 2.39188766e+02, 2.64372864e+02,
    2.54444214e+02, 2.63475189e+02, 2.69672607e+02, 2.62596100e+02,
    2.85121887e+02, 2.61652740e+02, 3.00502625e+02, 2.60724670e+02,
    2.25568100e+02, 2.79208038e+02, 2.40565613e+02, 2.78335419e+02,
    2.55655396e+02, 2.77507202e+02, 2.70761719e+02, 2.76558044e+02,
    2.86002686e+02, 2.75724060e+02, 3.01287537e+02, 2.74916595e+02,
    2.26998566e+02, 2.92950897e+02, 2.41851349e+02, 2.92093262e+02,
    2.56854065e+02, 2.91264984e+02, 2.71809692e+02, 2.90525269e+02,
    2.86907501e+02, 2.89662628e+02, 3.02096588e+02, 2.88809631e+02,
    2.28389420e+02, 3.06654999e+02, 2.43183594e+02, 3.05807129e+02,
    2.57996857e+02, 3.05008728e+02, 2.72846558e+02, 3.04197693e+02,
    2.87829559e+02, 3.03429993e+02, 3.02941864e+02, 3.02662292e+02,
    2.29773087e+02, 3.20066132e+02, 2.44433960e+02, 3.19322662e+02,
    2.59199799e+02, 3.18542145e+02, 2.73917206e+02, 3.17766785e+02,
    2.88729645e+02, 3.16996857e+02, 3.03695404e+02, 3.16197998e+02,
    2.31116760e+02, 3.33342743e+02, 2.45685638e+02, 3.32608124e+02,
    2.60305634e+02, 3.31819031e+02, 2.74925903e+02, 3.31038361e+02,
    2.89642395e+02, 3.30258270e+02, 3.04417328e+02, 3.29602173e+02,
    2.32532288e+02, 3.46037323e+02, 2.46908951e+02, 3.45419952e+02,
    2.61423767e+02, 3.44789154e+02, 2.75879272e+02, 3.44075867e+02,
    2.90547180e+02, 3.43326447e+02, 3.05112061e+02, 3.42502228e+02,
    2.33871078e+02, 3.58586456e+02, 2.48238266e+02, 3.57888489e+02,
    2.62427643e+02, 3.57238922e+02, 2.76942444e+02, 3.56516449e+02,
    2.91279846e+02, 3.55929504e+02, 3.05897217e+02, 3.55288879e+02 ]
