%YAML:1.0
---
points: [ 2.04995911e+02, 1.09559090e+02, 2.21165756e+02, 1.08281082e+02,
    2.37629242e+02, 1.06831207e+02, 2.53197525e+02, 1.05839020e+02,
    2.69893066e+02, 1.04132118e+02, 2.86368347e+02, 1.02248871e+02,
    2.07137344e+02, 1.26203346e+02, 2.23111206e+02, 1.24875206e+02,
    2.39135193e+02, 1.23550690e+02, 2.55169647e+02, 1.22154831e+02,
    2.71119202e+02, 1.20607491e+02, 2.87365662e+02, 1.19270592e+02,
    2.09266296e+02, 1.42317352e+02, 2.24964310e+02, 1.41003189e+02,
    2.40756912e+02, 1.39709351e+02, 2.56412140e+02, 1.38378586e+02,
    2.72394409e+02, 1.36988968e+02, 2.88307251e+02, 1.35522415e+02,
    2.11232376e+02, 1.58050797e+02, 2.26787796e+02, 1.56748245e+02,
    2.42274460e+02, 1.55519836e+02, 2.57899475e+02, 1.54175751e+02,
    2.73527985e+02, 1.52783310e+02, 2.89321564e+02, 1.51408401e+02,
    2.13142792e+02, 1.73315674e+02, 2.28496460e+02, 1.72152130e+02,
    2.43889618e+02, 1.70853897e+02, 2.59231110e+02, 1.69630386e+02,
    2.74720825e+02, 1.68330139e+02, 2.90267456e+02, 1.66959122e+02,
    2.14991394e+02, 1.88362228e+02, 2.30171127e+02, 1.87177826e+02,
    2.45330109e+02, 1.85890015e+02, 2.60571075e+02, 1.84651627e+02,
    2.75821594e+02, 1.83407333e+02, 2.91261963e+02, 1.82144852e+02,
    2.16841263e+02, 2.02872772e+02, 2.31825897e+02, 2.01734818e+02,
    2.46822281e+02, 2.00594040e+02, 2.61818634e+02, 1.99361618e+02,
    2.76957184e+02, 1.98162750e+02, 2.92209900e+02, 1.96944214e+02,
    2.18713959e+02, 2.17080551e+02, 2.33481232e+02, 2.15844589e+02,
    2.48318970e+02, 2.14817993e+02, 2.63127136e+02, 2.13683197e+02,
    2.78068939e+02, 2.12538467e+02, 2.93093933e+02, 2.11383987e+02 ]
