%YAML:1.0
---
points: [ 2.02074753e+02, 2.74432983e+02, 2.17194809e+02, 2.73743378e+02,
    2.32448410e+02, 2.73065125e+02, 2.47431946e+02, 2.72461395e+02,
    2.62594574e+02, 2.71790955e+02, 2.77763733e+02, 2.71145538e+02,
    2.02315521e+02, 2.89906708e+02, 2.17607208e+02, 2.89169128e+02,
    2.32905762e+02, 2.88704559e+02, 2.48116180e+02, 2.87848602e+02,
    2.63281677e+02, 2.87257629e+02, 2.78548889e+02, 2.86710327e+02,
    2.02676331e+02, 3.05670197e+02, 2.18141434e+02, 3.04900055e+02,
    2.33379883e+02, 3.04244537e+02, 2.48670654e+02, 3.03613770e+02,
    2.63997284e+02, 3.02885620e+02, 2.79331635e+02, 3.02217743e+02,
    2.03045181e+02, 3.21495880e+02, 2.18423828e+02, 3.20835388e+02,
    2.33897003e+02, 3.20164124e+02, 2.49303955e+02, 3.19450653e+02,
    2.64710754e+02, 3.18814819e+02, 2.80166046e+02, 3.18129303e+02,
    2.03277008e+02, 3.37577942e+02, 2.18781326e+02, 3.36864471e+02,
    2.34390411e+02, 3.36171722e+02, 2.49905228e+02, 3.35559967e+02,
    2.65476349e+02, 3.34881012e+02, 2.80932312e+02, 3.34198853e+02,
    2.03603165e+02, 3.53833832e+02, 2.19283417e+02, 3.53220093e+02,
    2.34893295e+02, 3.52461792e+02, 2.50483597e+02, 3.51824921e+02,
    2.66079376e+02, 3.51102966e+02, 2.81756256e+02, 3.50503845e+02,
    2.04129578e+02, 3.70103027e+02, 2.19698593e+02, 3.69421692e+02,
    2.35555099e+02, 3.68851105e+02, 2.51059616e+02, 3.68175751e+02,
    2.66853760e+02, 3.67523071e+02, 2.82560028e+02, 3.66835205e+02,
    2.04474091e+02, 3.86289825e+02, 2.20396530e+02, 3.85622101e+02,
    2.35905090e+02, 3.85084259e+02, 2.51873795e+02, 3.84372833e+02,
    2.67481506e+02, 3.83782959e+02, 2.83499237e+02, 3.83077637e+02 ]
