%YAML:1.0
---
points: [ 1.31444617e+03, 3.23279419e+02, 1.33369958e+03, 3.11383453e+02,
    1.35270642e+03, 2.99511322e+02, 1.37197083e+03, 2.87645630e+02,
    1.39102673e+03, 2.75786926e+02, 1.41021423e+03, 2.63872375e+02,
    1.32527148e+03, 3.42817719e+02, 1.34433777e+03, 3.30998749e+02,
    1.36343237e+03, 3.19144257e+02, 1.38247864e+03, 3.07410461e+02,
    1.40161987e+03, 2.95492065e+02, 1.42049512e+03, 2.83711090e+02,
    1.33568115e+03, 3.62396454e+02, 1.35487671e+03, 3.50550293e+02,
    1.37385400e+03, 3.38679993e+02, 1.39302979e+03, 3.26941498e+02,
    1.41194507e+03, 3.15209259e+02, 1.43101221e+03, 3.03406586e+02,
    1.34630054e+03, 3.81775238e+02, 1.36533154e+03, 3.69950195e+02,
    1.38433069e+03, 3.58251984e+02, 1.40327991e+03, 3.46514709e+02,
    1.42223083e+03, 3.34658356e+02, 1.44118750e+03, 3.22967316e+02,
    1.35663257e+03, 4.01122467e+02, 1.37570496e+03, 3.89330658e+02,
    1.39456799e+03, 3.77604279e+02, 1.41355493e+03, 3.65755402e+02,
    1.43243420e+03, 3.54201721e+02, 1.45139404e+03, 3.42406006e+02,
    1.36719482e+03, 4.20226318e+02, 1.38593860e+03, 4.08487457e+02,
    1.40484961e+03, 3.96718781e+02, 1.42367664e+03, 3.85143188e+02,
    1.44253027e+03, 3.73444733e+02, 1.46138464e+03, 3.61636810e+02,
    1.37752368e+03, 4.39170258e+02, 1.39644775e+03, 4.27509491e+02,
    1.41517224e+03, 4.15793915e+02, 1.43403308e+03, 4.04243591e+02,
    1.45275500e+03, 3.92548096e+02, 1.47172583e+03, 3.80914398e+02,
    1.38813049e+03, 4.58086914e+02, 1.40681580e+03, 4.46517181e+02,
    1.42578992e+03, 4.34785370e+02, 1.44461389e+03, 4.23341492e+02,
    1.46349268e+03, 4.11597778e+02, 1.48216492e+03, 4.00045410e+02 ]
