%YAML:1.0
---
points: [ 3.21219116e+02, 6.73637329e+02, 3.62981567e+02, 6.71808899e+02,
    4.05589417e+02, 6.70151672e+02, 4.48473083e+02, 6.68382812e+02,
    4.91826447e+02, 6.66436951e+02, 5.35512878e+02, 6.64557007e+02,
    3.22388824e+02, 7.18443481e+02, 3.64518768e+02, 7.16987183e+02,
    4.06999237e+02, 7.15270813e+02, 4.49674438e+02, 7.13556946e+02,
    4.92926178e+02, 7.12037170e+02, 5.36621521e+02, 7.10134094e+02,
    3.23044678e+02, 7.63471680e+02, 3.65240967e+02, 7.61944275e+02,
    4.07610260e+02, 7.60557251e+02, 4.50417938e+02, 7.59231506e+02,
    4.93735504e+02, 7.57399841e+02, 5.37512695e+02, 7.55752075e+02,
    3.23124939e+02, 8.08681885e+02, 3.65317230e+02, 8.07552307e+02,
    4.07819397e+02, 8.06366394e+02, 4.50773499e+02, 8.04723328e+02,
    4.94404846e+02, 8.03366943e+02, 5.38209167e+02, 8.01930054e+02,
    3.23210052e+02, 8.54456543e+02, 3.65499481e+02, 8.53412292e+02,
    4.08207489e+02, 8.52219238e+02, 4.51324371e+02, 8.50937378e+02,
    4.94856873e+02, 8.49757202e+02, 5.38817017e+02, 8.48585876e+02,
    3.23223297e+02, 9.00429932e+02, 3.65554810e+02, 8.99523254e+02,
    4.08578400e+02, 8.98468506e+02, 4.51763611e+02, 8.97508545e+02,
    4.95506958e+02, 8.96484924e+02, 5.39445923e+02, 8.95511536e+02,
    3.23871277e+02, 9.46226074e+02, 3.66390869e+02, 9.45612793e+02,
    4.09249207e+02, 9.44959229e+02, 4.52542358e+02, 9.44307861e+02,
    4.96179871e+02, 9.43489136e+02, 5.40263733e+02, 9.42608643e+02,
    3.25192566e+02, 9.92104370e+02, 3.67518005e+02, 9.91709717e+02,
    4.10464844e+02, 9.91416260e+02, 4.53546692e+02, 9.90950989e+02,
    4.97171967e+02, 9.90397888e+02, 5.41361633e+02, 9.89732849e+02 ]
