%YAML:1.0
---
points: [ 1.33129004e+03, 4.01455597e+02, 1.35073889e+03, 3.89852295e+02,
    1.37023096e+03, 3.78378296e+02, 1.38957422e+03, 3.66748535e+02,
    1.40906335e+03, 3.55253021e+02, 1.42858081e+03, 3.43599915e+02,
    1.34160376e+03, 4.20926483e+02, 1.36113123e+03, 4.09411987e+02,
    1.38051050e+03, 3.97888794e+02, 1.39984180e+03, 3.86400482e+02,
    1.41933374e+03, 3.74816528e+02, 1.43858826e+03, 3.63330414e+02,
    1.35195544e+03, 4.40421082e+02, 1.37138757e+03, 4.28877594e+02,
    1.39067505e+03, 4.17399353e+02, 1.41002332e+03, 4.05890564e+02,
    1.42947180e+03, 3.94456665e+02, 1.44880518e+03, 3.82930908e+02,
    1.36220813e+03, 4.59636841e+02, 1.38153833e+03, 4.48284760e+02,
    1.40075476e+03, 4.36710602e+02, 1.42004553e+03, 4.25434357e+02,
    1.43941003e+03, 4.13861908e+02, 1.45859753e+03, 4.02472198e+02,
    1.37235486e+03, 4.78861847e+02, 1.39158337e+03, 4.67490967e+02,
    1.41075952e+03, 4.56056732e+02, 1.43011389e+03, 4.44641571e+02,
    1.44940332e+03, 4.33268402e+02, 1.46856982e+03, 4.21806793e+02,
    1.38253015e+03, 4.97964111e+02, 1.40163062e+03, 4.86577972e+02,
    1.42082300e+03, 4.75241425e+02, 1.43998022e+03, 4.63825562e+02,
    1.45919897e+03, 4.52479919e+02, 1.47832837e+03, 4.41031219e+02,
    1.39256384e+03, 5.16866455e+02, 1.41174634e+03, 5.05541870e+02,
    1.43087244e+03, 4.94268524e+02, 1.45013599e+03, 4.82859741e+02,
    1.46921448e+03, 4.71599152e+02, 1.48845471e+03, 4.60282135e+02,
    1.40287927e+03, 5.35867004e+02, 1.42206189e+03, 5.24549805e+02,
    1.44132495e+03, 5.13277466e+02, 1.46045349e+03, 5.01994873e+02,
    1.47956274e+03, 4.90648682e+02, 1.49865112e+03, 4.79441833e+02 ]
