%YAML:1.0
---
points: [ 1.33614355e+03, 4.61181732e+02, 1.35560205e+03, 4.49507507e+02,
    1.37479456e+03, 4.37805573e+02, 1.39421375e+03, 4.26303040e+02,
    1.41350293e+03, 4.14525452e+02, 1.43279956e+03, 4.02866669e+02,
    1.34678149e+03, 4.80402252e+02, 1.36618115e+03, 4.68634949e+02,
    1.38540271e+03, 4.57108093e+02, 1.40459485e+03, 4.45511444e+02,
    1.42401038e+03, 4.33769104e+02, 1.44326074e+03, 4.22234344e+02,
    1.35731824e+03, 4.99476868e+02, 1.37655945e+03, 4.87818115e+02,
    1.39577185e+03, 4.76356934e+02, 1.41509802e+03, 4.64634674e+02,
    1.43439331e+03, 4.53152893e+02, 1.45360815e+03, 4.41511719e+02,
    1.36772058e+03, 5.18471619e+02, 1.38680396e+03, 5.06914490e+02,
    1.40621619e+03, 4.95371490e+02, 1.42536035e+03, 4.83738312e+02,
    1.44455273e+03, 4.72324066e+02, 1.46366919e+03, 4.60636414e+02,
    1.37821399e+03, 5.37406372e+02, 1.39731848e+03, 5.25789429e+02,
    1.41645654e+03, 5.14379150e+02, 1.43551367e+03, 5.02817719e+02,
    1.45470813e+03, 4.91337524e+02, 1.47383801e+03, 4.79718964e+02,
    1.38848022e+03, 5.56131409e+02, 1.40754126e+03, 5.44668701e+02,
    1.42663635e+03, 5.33160950e+02, 1.44564624e+03, 5.21691711e+02,
    1.46482947e+03, 5.10265289e+02, 1.48384290e+03, 4.98708191e+02,
    1.39881970e+03, 5.74759888e+02, 1.41797095e+03, 5.63403931e+02,
    1.43684888e+03, 5.51867737e+02, 1.45595129e+03, 5.40564331e+02,
    1.47513782e+03, 5.29048828e+02, 1.49429248e+03, 5.17581543e+02,
    1.40935779e+03, 5.93537903e+02, 1.42848572e+03, 5.82150024e+02,
    1.44753784e+03, 5.70699524e+02, 1.46664661e+03, 5.59411255e+02,
    1.48574414e+03, 5.48023621e+02, 1.50465259e+03, 5.36539795e+02 ]
