%YAML:1.0
---
points: [ 1.23959160e+02, 1.45919052e+02, 1.72338226e+02, 1.41175354e+02,
    2.21615387e+02, 1.36354767e+02, 2.71536224e+02, 1.31714996e+02,
    3.21875580e+02, 1.26959389e+02, 3.72816498e+02, 1.22394554e+02,
    1.44238022e+02, 1.99369904e+02, 1.92029861e+02, 1.94914001e+02,
    2.40582901e+02, 1.90674286e+02, 2.89399902e+02, 1.86274155e+02,
    3.38881653e+02, 1.81795578e+02, 3.88470367e+02, 1.77495499e+02,
    1.62930771e+02, 2.51009094e+02, 2.10423584e+02, 2.46660645e+02,
    2.57851868e+02, 2.42715240e+02, 3.06137817e+02, 2.38669296e+02,
    3.54515594e+02, 2.34573532e+02, 4.03408447e+02, 2.30398483e+02,
    1.81065247e+02, 3.00960876e+02, 2.27312256e+02, 2.97125885e+02,
    2.74535187e+02, 2.93154388e+02, 3.21731506e+02, 2.89165466e+02,
    3.69814972e+02, 2.85463898e+02, 4.17917450e+02, 2.81646515e+02,
    1.98072693e+02, 3.49440125e+02, 2.44229935e+02, 3.45619110e+02,
    2.90405060e+02, 3.41983551e+02, 3.37301361e+02, 3.38384674e+02,
    3.84279663e+02, 3.34583557e+02, 4.31765656e+02, 3.30872803e+02,
    2.14758179e+02, 3.96339783e+02, 2.60077759e+02, 3.92762878e+02,
    3.06189789e+02, 3.89205353e+02, 3.52102356e+02, 3.85732147e+02,
    3.98540833e+02, 3.82084503e+02, 4.45103455e+02, 3.78577271e+02,
    2.31612289e+02, 4.41259644e+02, 2.76541656e+02, 4.38082581e+02,
    3.21296906e+02, 4.34700867e+02, 3.66565094e+02, 4.31432312e+02,
    4.12281311e+02, 4.28220154e+02, 4.58165100e+02, 4.24649261e+02,
    2.48471848e+02, 4.84509064e+02, 2.92430176e+02, 4.81489746e+02,
    3.36652496e+02, 4.78359161e+02, 3.81093201e+02, 4.75327454e+02,
    4.25778778e+02, 4.71951050e+02, 4.70801819e+02, 4.68772827e+02 ]
