%YAML:1.0
---
points: [ 8.89829712e+01, 2.44928040e+02, 1.03188820e+02, 2.44597015e+02,
    1.17688370e+02, 2.43919250e+02, 1.32488617e+02, 2.43289261e+02,
    1.47508545e+02, 2.42504501e+02, 1.62604721e+02, 2.41928391e+02,
    9.12540054e+01, 2.59773560e+02, 1.05496300e+02, 2.59308899e+02,
    1.19841202e+02, 2.58799713e+02, 1.34475937e+02, 2.58254852e+02,
    1.49297943e+02, 2.57705811e+02, 1.64319214e+02, 2.57146454e+02,
    9.34386139e+01, 2.74309296e+02, 1.07546097e+02, 2.74022095e+02,
    1.21771965e+02, 2.73580292e+02, 1.36320908e+02, 2.73155518e+02,
    1.51016647e+02, 2.72662292e+02, 1.65950714e+02, 2.72157379e+02,
    9.54007263e+01, 2.88899048e+02, 1.09366173e+02, 2.88598236e+02,
    1.23585457e+02, 2.88286285e+02, 1.38043823e+02, 2.87932159e+02,
    1.52722076e+02, 2.87453979e+02, 1.67533234e+02, 2.87118988e+02,
    9.73478851e+01, 3.03272369e+02, 1.11321098e+02, 3.03107269e+02,
    1.25453766e+02, 3.02805267e+02, 1.39753250e+02, 3.02555298e+02,
    1.54357193e+02, 3.02220062e+02, 1.69136887e+02, 3.01916260e+02,
    9.93873062e+01, 3.17568756e+02, 1.13128197e+02, 3.17392273e+02,
    1.27266693e+02, 3.17292511e+02, 1.41499435e+02, 3.17039703e+02,
    1.55982758e+02, 3.16854340e+02, 1.70692856e+02, 3.16618408e+02,
    1.01580772e+02, 3.31220062e+02, 1.15187042e+02, 3.31365326e+02,
    1.29125763e+02, 3.31425751e+02, 1.43254730e+02, 3.31295898e+02,
    1.57700272e+02, 3.31239624e+02, 1.72210129e+02, 3.31158081e+02,
    1.03732643e+02, 3.44878662e+02, 1.17405769e+02, 3.44971710e+02,
    1.31099533e+02, 3.45232422e+02, 1.45182709e+02, 3.45261292e+02,
    1.59395538e+02, 3.45301575e+02, 1.73865479e+02, 3.45330750e+02 ]
