%YAML:1.0
---
points: [ 3.87548737e+02, 6.51255737e+02, 4.28479065e+02, 6.50075562e+02,
    4.70251740e+02, 6.48588257e+02, 5.12363037e+02, 6.46994080e+02,
    5.54929016e+02, 6.45515320e+02, 5.98147034e+02, 6.44051147e+02,
    3.94411591e+02, 6.93778625e+02, 4.35210663e+02, 6.92666931e+02,
    4.76493866e+02, 6.91677124e+02, 5.18264587e+02, 6.90455322e+02,
    5.60472473e+02, 6.89093384e+02, 6.03185181e+02, 6.87815002e+02,
    4.00561432e+02, 7.35969666e+02, 4.41092377e+02, 7.35157532e+02,
    4.82090729e+02, 7.34288513e+02, 5.23450256e+02, 7.33350220e+02,
    5.65484131e+02, 7.32288330e+02, 6.07956848e+02, 7.31175415e+02,
    4.06093658e+02, 7.78098022e+02, 4.46358978e+02, 7.77458130e+02,
    4.87104492e+02, 7.76705139e+02, 5.28421204e+02, 7.75883423e+02,
    5.70291443e+02, 7.75121277e+02, 6.12639587e+02, 7.74293457e+02,
    4.11500793e+02, 8.19740540e+02, 4.51596802e+02, 8.19334717e+02,
    4.92279572e+02, 8.18749451e+02, 5.33370483e+02, 8.18251465e+02,
    5.75033447e+02, 8.17605835e+02, 6.17186646e+02, 8.16999084e+02,
    4.16768188e+02, 8.61128479e+02, 4.56626343e+02, 8.60919678e+02,
    4.97269440e+02, 8.60584045e+02, 5.38314087e+02, 8.60207886e+02,
    5.79682739e+02, 8.59779968e+02, 6.21616211e+02, 8.59467651e+02,
    4.22632080e+02, 9.01699707e+02, 4.62388824e+02, 9.01725464e+02,
    5.02433777e+02, 9.01762268e+02, 5.43119324e+02, 9.01679321e+02,
    5.84393188e+02, 9.01470825e+02, 6.26144104e+02, 9.01360718e+02,
    4.28580322e+02, 9.41351868e+02, 4.68128265e+02, 9.41607605e+02,
    5.07942688e+02, 9.42090820e+02, 5.48371826e+02, 9.42269226e+02,
    5.89350159e+02, 9.42400024e+02, 6.30644104e+02, 9.42506409e+02 ]
