%YAML:1.0
---
points: [ 1.67870630e+03, 3.88479431e+02, 1.69862976e+03, 3.76550934e+02,
    1.71852600e+03, 3.64475037e+02, 1.73841296e+03, 3.52581818e+02,
    1.75816870e+03, 3.40490234e+02, 1.77797717e+03, 3.28608368e+02,
    1.68919568e+03, 4.08036377e+02, 1.70895496e+03, 3.95971680e+02,
    1.72882300e+03, 3.84186737e+02, 1.74859546e+03, 3.72207703e+02,
    1.76838452e+03, 3.60257294e+02, 1.78819360e+03, 3.48180023e+02,
    1.69934961e+03, 4.27502502e+02, 1.71918762e+03, 4.15608734e+02,
    1.73896497e+03, 4.03615936e+02, 1.75874182e+03, 3.91751831e+02,
    1.77856970e+03, 3.79765076e+02, 1.79836804e+03, 3.67919525e+02,
    1.70947998e+03, 4.46929077e+02, 1.72929089e+03, 4.34917633e+02,
    1.74906128e+03, 4.23222595e+02, 1.76866577e+03, 4.11247314e+02,
    1.78842847e+03, 3.99439758e+02, 1.80825330e+03, 3.87386902e+02,
    1.71951355e+03, 4.66160828e+02, 1.73931860e+03, 4.54338867e+02,
    1.75913831e+03, 4.42428497e+02, 1.77861682e+03, 4.30695709e+02,
    1.79840442e+03, 4.18748749e+02, 1.81809448e+03, 4.07045532e+02,
    1.72966589e+03, 4.85334106e+02, 1.74932922e+03, 4.73443512e+02,
    1.76881262e+03, 4.61696869e+02, 1.78850598e+03, 4.49899200e+02,
    1.80828467e+03, 4.38142609e+02, 1.82773071e+03, 4.26325195e+02,
    1.73970642e+03, 5.04328430e+02, 1.75941357e+03, 4.92596710e+02,
    1.77896826e+03, 4.80698792e+02, 1.79852869e+03, 4.69179993e+02,
    1.81823975e+03, 4.57332520e+02, 1.83777405e+03, 4.45622192e+02,
    1.75002881e+03, 5.23439514e+02, 1.76967834e+03, 5.11566986e+02,
    1.78949072e+03, 5.00028503e+02, 1.80919299e+03, 4.88315613e+02,
    1.82884546e+03, 4.76609772e+02, 1.84823059e+03, 4.64709961e+02 ]
