%YAML:1.0
---
points: [ 8.93053436e+01, 2.79346619e+02, 1.03354195e+02, 2.79176300e+02,
    1.17623260e+02, 2.78852570e+02, 1.32176987e+02, 2.78383911e+02,
    1.46883499e+02, 2.77996185e+02, 1.61819290e+02, 2.77507050e+02,
    9.22952042e+01, 2.93158905e+02, 1.06179939e+02, 2.92866882e+02,
    1.20262070e+02, 2.92681702e+02, 1.34659256e+02, 2.92396820e+02,
    1.49125473e+02, 2.92116089e+02, 1.63929367e+02, 2.91728119e+02,
    9.49157104e+01, 3.06578339e+02, 1.08750587e+02, 3.06590790e+02,
    1.22728691e+02, 3.06400208e+02, 1.36890671e+02, 3.06296265e+02,
    1.51290237e+02, 3.06069183e+02, 1.65866699e+02, 3.05748138e+02,
    9.75627213e+01, 3.20090668e+02, 1.11166504e+02, 3.20002777e+02,
    1.25041809e+02, 3.20042969e+02, 1.39040283e+02, 3.19836517e+02,
    1.53350067e+02, 3.19729431e+02, 1.67839569e+02, 3.19649780e+02,
    1.00170135e+02, 3.33114746e+02, 1.13510460e+02, 3.33266876e+02,
    1.27327393e+02, 3.33405640e+02, 1.41233093e+02, 3.33339142e+02,
    1.55388962e+02, 3.33364258e+02, 1.69749359e+02, 3.33257874e+02,
    1.02559906e+02, 3.46145508e+02, 1.16053612e+02, 3.46368408e+02,
    1.29528076e+02, 3.46412537e+02, 1.43463531e+02, 3.46465332e+02,
    1.57352539e+02, 3.46460205e+02, 1.71656143e+02, 3.46572235e+02,
    1.05413658e+02, 3.58408051e+02, 1.18458771e+02, 3.58865143e+02,
    1.32053986e+02, 3.59191437e+02, 1.45527176e+02, 3.59345428e+02,
    1.59557541e+02, 3.59488525e+02, 1.73502792e+02, 3.59624329e+02,
    1.07974937e+02, 3.70655365e+02, 1.21238098e+02, 3.70918457e+02,
    1.34354523e+02, 3.71494843e+02, 1.47941147e+02, 3.71732269e+02,
    1.61519226e+02, 3.72096741e+02, 1.75627655e+02, 3.72349304e+02 ]
