%YAML:1.0
---
points: [ 1.65605823e+03, 2.26936401e+02, 1.67549158e+03, 2.14690857e+02,
    1.69489893e+03, 2.02335831e+02, 1.71435645e+03, 1.90150192e+02,
    1.73373486e+03, 1.77680222e+02, 1.75306091e+03, 1.65558807e+02,
    1.66628296e+03, 2.46905914e+02, 1.68572510e+03, 2.34546127e+02,
    1.70518250e+03, 2.22322495e+02, 1.72448022e+03, 2.09998077e+02,
    1.74372803e+03, 1.97888489e+02, 1.76317297e+03, 1.85506943e+02,
    1.67642505e+03, 2.66613129e+02, 1.69567578e+03, 2.54515121e+02,
    1.71520801e+03, 2.42155106e+02, 1.73452759e+03, 2.30075439e+02,
    1.75391272e+03, 2.17634995e+02, 1.77319873e+03, 2.05537796e+02,
    1.68645227e+03, 2.86506592e+02, 1.70567102e+03, 2.74179596e+02,
    1.72502466e+03, 2.62146057e+02, 1.74439075e+03, 2.49669846e+02,
    1.76358398e+03, 2.37675629e+02, 1.78287793e+03, 2.25399643e+02,
    1.69627185e+03, 3.05879700e+02, 1.71553943e+03, 2.93856812e+02,
    1.73496265e+03, 2.81574097e+02, 1.75419678e+03, 2.69558838e+02,
    1.77338489e+03, 2.57380280e+02, 1.79258557e+03, 2.45282730e+02,
    1.70626831e+03, 3.25526001e+02, 1.72544336e+03, 3.13218445e+02,
    1.74466528e+03, 3.01285400e+02, 1.76376025e+03, 2.89078796e+02,
    1.78295752e+03, 2.77138672e+02, 1.80221741e+03, 2.64787292e+02,
    1.71615173e+03, 3.44640350e+02, 1.73544202e+03, 3.32633881e+02,
    1.75462170e+03, 3.20503815e+02, 1.77363647e+03, 3.08578918e+02,
    1.79290869e+03, 2.96385925e+02, 1.81216650e+03, 2.84458618e+02,
    1.72629102e+03, 3.63944092e+02, 1.74554529e+03, 3.51787506e+02,
    1.76483582e+03, 3.39919556e+02, 1.78414062e+03, 3.27703094e+02,
    1.80339929e+03, 3.15746704e+02, 1.82226172e+03, 3.03715759e+02 ]
