%YAML:1.0
---
points: [ 1.93664795e+02, 2.65291718e+02, 1.95583176e+02, 2.79606537e+02,
    1.97389084e+02, 2.93453796e+02, 1.99307510e+02, 3.06906799e+02,
    2.01153427e+02, 3.20047913e+02, 2.03006744e+02, 3.33010040e+02,
    1.78718018e+02, 2.65293518e+02, 1.80726379e+02, 2.79490906e+02,
    1.82768692e+02, 2.93348450e+02, 1.84830872e+02, 3.06730713e+02,
    1.86794418e+02, 3.19912903e+02, 1.88692673e+02, 3.32738129e+02,
    1.63792572e+02, 2.65570374e+02, 1.66003311e+02, 2.79638062e+02,
    1.68265915e+02, 2.93383759e+02, 1.70361694e+02, 3.06716095e+02,
    1.72585876e+02, 3.19799225e+02, 1.74714142e+02, 3.32569824e+02,
    1.48974243e+02, 2.65945068e+02, 1.51480789e+02, 2.79949097e+02,
    1.53785690e+02, 2.93510193e+02, 1.56118591e+02, 3.06804047e+02,
    1.58467056e+02, 3.19779572e+02, 1.60708481e+02, 3.32492371e+02,
    1.34388168e+02, 2.66215424e+02, 1.36958282e+02, 2.80090851e+02,
    1.39557922e+02, 2.93652557e+02, 1.42004333e+02, 3.06780090e+02,
    1.44515594e+02, 3.19691498e+02, 1.46929993e+02, 3.32333160e+02,
    1.19769913e+02, 2.66491028e+02, 1.22671234e+02, 2.80360382e+02,
    1.25400970e+02, 2.93683838e+02, 1.28102768e+02, 3.06817139e+02,
    1.30667496e+02, 3.19601471e+02, 1.33340775e+02, 3.32153687e+02,
    1.05742905e+02, 2.66632660e+02, 1.08726982e+02, 2.80300385e+02,
    1.11608322e+02, 2.93727020e+02, 1.14323952e+02, 3.06723053e+02,
    1.17181213e+02, 3.19495911e+02, 1.19951553e+02, 3.31915833e+02,
    9.18885040e+01, 2.66783844e+02, 9.49763412e+01, 2.80422180e+02,
    9.79716873e+01, 2.93627869e+02, 1.01041138e+02, 3.06654419e+02,
    1.03921242e+02, 3.19182587e+02, 1.06748627e+02, 3.31721466e+02 ]
