%YAML:1.0
---
points: [ 6.87051697e+02, 7.12250366e+02, 6.93131042e+02, 7.53396240e+02,
    6.99276978e+02, 7.93194519e+02, 7.05424438e+02, 8.32184021e+02,
    7.11326660e+02, 8.70157959e+02, 7.17149841e+02, 9.07313232e+02,
    6.44486389e+02, 7.12061218e+02, 6.51139160e+02, 7.52717102e+02,
    6.57723877e+02, 7.92437439e+02, 6.64173401e+02, 8.31211365e+02,
    6.70339722e+02, 8.69208862e+02, 6.76351929e+02, 9.06455994e+02,
    6.02320557e+02, 7.12275024e+02, 6.09401245e+02, 7.52672363e+02,
    6.16375183e+02, 7.92257874e+02, 6.23002991e+02, 8.30796936e+02,
    6.29661011e+02, 8.68677002e+02, 6.36312561e+02, 9.05800049e+02,
    5.60160339e+02, 7.12733704e+02, 5.67654602e+02, 7.53180237e+02,
    5.75115112e+02, 7.92427979e+02, 5.82264160e+02, 8.30758118e+02,
    5.89479431e+02, 8.68335083e+02, 5.96411743e+02, 9.05282837e+02,
    5.18315186e+02, 7.13309937e+02, 5.26486145e+02, 7.53376892e+02,
    5.34210083e+02, 7.92463745e+02, 5.41966248e+02, 8.30469543e+02,
    5.49484680e+02, 8.67859436e+02, 5.56854126e+02, 9.04490234e+02,
    4.76930237e+02, 7.13801941e+02, 4.85594391e+02, 7.53805603e+02,
    4.93966827e+02, 7.92421082e+02, 5.02129425e+02, 8.30261658e+02,
    5.09996063e+02, 8.67388550e+02, 5.17824219e+02, 9.03872620e+02,
    4.36644958e+02, 7.13971558e+02, 4.45697479e+02, 7.53658142e+02,
    4.54376068e+02, 7.92276611e+02, 4.62758881e+02, 8.29883484e+02,
    4.71121582e+02, 8.66847595e+02, 4.79217285e+02, 9.03375488e+02,
    3.96736786e+02, 7.14121582e+02, 4.06279358e+02, 7.53595154e+02,
    4.15281738e+02, 7.91994568e+02, 4.24053406e+02, 8.29551758e+02,
    4.32599731e+02, 8.66390381e+02, 4.41137360e+02, 9.02672607e+02 ]
