%YAML:1.0
---
points: [ 2.03746338e+02, 1.83061371e+02, 2.05720154e+02, 1.98577591e+02,
    2.07687393e+02, 2.13735474e+02, 2.09595139e+02, 2.28381149e+02,
    2.11476166e+02, 2.42691177e+02, 2.13291565e+02, 2.56761322e+02,
    1.88677887e+02, 1.83512543e+02, 1.90774200e+02, 1.98986710e+02,
    1.92876434e+02, 2.14056534e+02, 1.94945465e+02, 2.28549896e+02,
    1.96943787e+02, 2.42840469e+02, 1.98874451e+02, 2.56805878e+02,
    1.73645981e+02, 1.84270462e+02, 1.75935822e+02, 1.99478424e+02,
    1.78211349e+02, 2.14408340e+02, 1.80441483e+02, 2.28919769e+02,
    1.82620682e+02, 2.43121841e+02, 1.84692062e+02, 2.56960938e+02,
    1.58711044e+02, 1.84852554e+02, 1.61196030e+02, 2.00083160e+02,
    1.63674530e+02, 2.14904846e+02, 1.66053604e+02, 2.29235901e+02,
    1.68368362e+02, 2.43322815e+02, 1.70622101e+02, 2.57128723e+02,
    1.44017349e+02, 1.85572006e+02, 1.46683914e+02, 2.00614166e+02,
    1.49292694e+02, 2.15332504e+02, 1.51458588e+02, 2.29551178e+02,
    1.54296829e+02, 2.43627518e+02, 1.56671555e+02, 2.57311035e+02,
    1.29454910e+02, 1.86281860e+02, 1.32309006e+02, 2.01269592e+02,
    1.35125626e+02, 2.15727676e+02, 1.37811111e+02, 2.29958771e+02,
    1.40418900e+02, 2.43854141e+02, 1.42924591e+02, 2.57472778e+02,
    1.15330833e+02, 1.86832718e+02, 1.18394615e+02, 2.01634766e+02,
    1.21213791e+02, 2.16174652e+02, 1.23971283e+02, 2.30260101e+02,
    1.26779533e+02, 2.44139801e+02, 1.29369888e+02, 2.57623016e+02,
    1.01523766e+02, 1.87459946e+02, 1.04584396e+02, 2.02218750e+02,
    1.07539261e+02, 2.16592880e+02, 1.10485550e+02, 2.30613373e+02,
    1.13350151e+02, 2.44274704e+02, 1.16084587e+02, 2.57818481e+02 ]
