%YAML:1.0
---
points: [ 1.55474841e+03, 2.50856659e+02, 1.57237048e+03, 2.50743912e+02,
    1.58983972e+03, 2.50586411e+02, 1.60721155e+03, 2.50553207e+02,
    1.62459253e+03, 2.50447205e+02, 1.64208276e+03, 2.50389114e+02,
    1.55340796e+03, 2.68985931e+02, 1.57076575e+03, 2.68821381e+02,
    1.58832263e+03, 2.68688629e+02, 1.60569666e+03, 2.68520813e+02,
    1.62292920e+03, 2.68410339e+02, 1.64053076e+03, 2.68287079e+02,
    1.55182812e+03, 2.86831848e+02, 1.56939441e+03, 2.86719818e+02,
    1.58673608e+03, 2.86590118e+02, 1.60423901e+03, 2.86473694e+02,
    1.62155737e+03, 2.86404846e+02, 1.63877673e+03, 2.86292633e+02,
    1.55033020e+03, 3.04650848e+02, 1.56779834e+03, 3.04482147e+02,
    1.58520361e+03, 3.04382843e+02, 1.60242993e+03, 3.04305664e+02,
    1.61978857e+03, 3.04158020e+02, 1.63733533e+03, 3.03973083e+02,
    1.54869104e+03, 3.22519806e+02, 1.56617065e+03, 3.22323883e+02,
    1.58361255e+03, 3.22197906e+02, 1.60092456e+03, 3.22050293e+02,
    1.61817188e+03, 3.21843689e+02, 1.63550305e+03, 3.21814514e+02,
    1.54751917e+03, 3.39841125e+02, 1.56473779e+03, 3.39757935e+02,
    1.58196057e+03, 3.39692444e+02, 1.59926404e+03, 3.39540771e+02,
    1.61652368e+03, 3.39464813e+02, 1.63378345e+03, 3.39382477e+02,
    1.54598767e+03, 3.57434265e+02, 1.56336780e+03, 3.57262177e+02,
    1.58049548e+03, 3.57164978e+02, 1.59764221e+03, 3.57019592e+02,
    1.61515613e+03, 3.56841187e+02, 1.63245032e+03, 3.56768311e+02,
    1.54460071e+03, 3.74883118e+02, 1.56200378e+03, 3.74761688e+02,
    1.57938757e+03, 3.74670166e+02, 1.59660876e+03, 3.74571350e+02,
    1.61390369e+03, 3.74440918e+02, 1.63108032e+03, 3.74308197e+02 ]
