%YAML:1.0
---
points: [ 7.16556152e+02, 4.75555603e+02, 7.22676880e+02, 5.20398071e+02,
    7.28904114e+02, 5.63849426e+02, 7.35085205e+02, 6.06318115e+02,
    7.41280212e+02, 6.47557739e+02, 7.47174133e+02, 6.87949646e+02,
    6.73638855e+02, 4.76697021e+02, 6.80526184e+02, 5.21095642e+02,
    6.87059204e+02, 5.64406738e+02, 6.93657959e+02, 6.06458618e+02,
    7.00098511e+02, 6.47579773e+02, 7.06362183e+02, 6.87856323e+02,
    6.31328491e+02, 4.78163757e+02, 6.38573853e+02, 5.22314758e+02,
    6.45531433e+02, 5.65168518e+02, 6.52526855e+02, 6.06933350e+02,
    6.59403931e+02, 6.47870239e+02, 6.65711060e+02, 6.87956421e+02,
    5.89107788e+02, 4.79876282e+02, 5.96734375e+02, 5.23591125e+02,
    6.04326782e+02, 5.66223755e+02, 6.11814270e+02, 6.07681885e+02,
    6.18882629e+02, 6.48370178e+02, 6.26027344e+02, 6.88093750e+02,
    5.47382874e+02, 4.81368256e+02, 5.55462769e+02, 5.24674255e+02,
    5.63689453e+02, 5.66961243e+02, 5.71331360e+02, 6.08301331e+02,
    5.79195190e+02, 6.48617188e+02, 5.86463806e+02, 6.88192444e+02,
    5.06073242e+02, 4.82862671e+02, 5.14669556e+02, 5.26008606e+02,
    5.23327454e+02, 5.67899109e+02, 5.31739563e+02, 6.08833618e+02,
    5.39583862e+02, 6.48925659e+02, 5.47615173e+02, 6.88302429e+02,
    4.65946533e+02, 4.84289490e+02, 4.75260559e+02, 5.27126526e+02,
    4.83971832e+02, 5.68804810e+02, 4.92531158e+02, 6.09437317e+02,
    5.00905731e+02, 6.49399841e+02, 5.08893372e+02, 6.88370789e+02,
    4.26552704e+02, 4.85682739e+02, 4.36066132e+02, 5.28128845e+02,
    4.45246338e+02, 5.69549683e+02, 4.54208466e+02, 6.09787598e+02,
    4.62730774e+02, 6.49590271e+02, 4.71099274e+02, 6.88483521e+02 ]
