%YAML:1.0
---
points: [ 7.19581909e+02, 7.21795105e+02, 7.22524414e+02, 7.66772583e+02,
    7.25654785e+02, 8.11643127e+02, 7.28644043e+02, 8.55861572e+02,
    7.32078613e+02, 9.00284241e+02, 7.35110718e+02, 9.44256226e+02,
    6.77269104e+02, 7.22270447e+02, 6.80431641e+02, 7.66789246e+02,
    6.83494507e+02, 8.11416443e+02, 6.86594971e+02, 8.55374573e+02,
    6.89707581e+02, 8.99399109e+02, 6.92824158e+02, 9.43336304e+02,
    6.35246704e+02, 7.22875732e+02, 6.38521667e+02, 7.67231445e+02,
    6.41733398e+02, 8.11491028e+02, 6.44656921e+02, 8.55234436e+02,
    6.48156860e+02, 8.98796082e+02, 6.51189209e+02, 9.42592224e+02,
    5.93482849e+02, 7.23719482e+02, 5.96728394e+02, 7.67757568e+02,
    6.00193420e+02, 8.11753906e+02, 6.03277405e+02, 8.55233032e+02,
    6.06712708e+02, 8.98504028e+02, 6.10060669e+02, 9.41883667e+02,
    5.52276428e+02, 7.24563538e+02, 5.55558411e+02, 7.68374817e+02,
    5.59104004e+02, 8.11940125e+02, 5.62456909e+02, 8.55047791e+02,
    5.65874512e+02, 8.98103821e+02, 5.69340942e+02, 9.41026978e+02,
    5.11433990e+02, 7.25440002e+02, 5.14848145e+02, 7.69078796e+02,
    5.18521912e+02, 8.12250549e+02, 5.22192505e+02, 8.54941956e+02,
    5.25651245e+02, 8.97632568e+02, 5.29095703e+02, 9.40345459e+02,
    4.71548187e+02, 7.26039368e+02, 4.75417023e+02, 7.69319214e+02,
    4.78942810e+02, 8.12272034e+02, 4.82492371e+02, 8.54777039e+02,
    4.86043976e+02, 8.97281372e+02, 4.89518921e+02, 9.39571960e+02,
    4.32533905e+02, 7.26735535e+02, 4.36295563e+02, 7.69612427e+02,
    4.39822174e+02, 8.12263611e+02, 4.43640991e+02, 8.54554504e+02,
    4.47226440e+02, 8.96795532e+02, 4.50574677e+02, 9.38911377e+02 ]
