%YAML:1.0
---
points: [ 2.05139465e+02, 2.68514771e+02, 2.06250076e+02, 2.84188538e+02,
    2.07385406e+02, 2.99725922e+02, 2.08545883e+02, 3.15085541e+02,
    2.09723389e+02, 3.30533691e+02, 2.10940582e+02, 3.45745483e+02,
    1.90234680e+02, 2.68777496e+02, 1.91341751e+02, 2.84309570e+02,
    1.92490540e+02, 2.99746643e+02, 1.93652039e+02, 3.15033112e+02,
    1.94863968e+02, 3.30375000e+02, 1.96082611e+02, 3.45503387e+02,
    1.75381302e+02, 2.69185974e+02, 1.76596558e+02, 2.84583771e+02,
    1.77805161e+02, 2.99914337e+02, 1.78944046e+02, 3.15121643e+02,
    1.80230621e+02, 3.30284241e+02, 1.81379898e+02, 3.45321655e+02,
    1.60714462e+02, 2.69614716e+02, 1.61928314e+02, 2.84929077e+02,
    1.63173676e+02, 3.00119293e+02, 1.64365616e+02, 3.15221313e+02,
    1.65677109e+02, 3.30241577e+02, 1.66990311e+02, 3.45157257e+02,
    1.46164520e+02, 2.70094086e+02, 1.47450684e+02, 2.85268066e+02,
    1.48748138e+02, 3.00324921e+02, 1.50076599e+02, 3.15290527e+02,
    1.51360138e+02, 3.30142975e+02, 1.52737000e+02, 3.44844025e+02,
    1.31761475e+02, 2.70484467e+02, 1.33178314e+02, 2.85544250e+02,
    1.34519394e+02, 3.00457001e+02, 1.35911469e+02, 3.15322815e+02,
    1.37292755e+02, 3.29987091e+02, 1.38711456e+02, 3.44629730e+02,
    1.17878014e+02, 2.70790680e+02, 1.19250557e+02, 2.85660950e+02,
    1.20662483e+02, 3.00604553e+02, 1.22081078e+02, 3.15206421e+02,
    1.23457253e+02, 3.29885773e+02, 1.24910538e+02, 3.44369202e+02,
    1.04113884e+02, 2.71066528e+02, 1.05629921e+02, 2.85924286e+02,
    1.07057030e+02, 3.00532043e+02, 1.08538223e+02, 3.15209900e+02,
    1.09898293e+02, 3.29593842e+02, 1.11357841e+02, 3.44073792e+02 ]
