%YAML:1.0
---
points: [ 1.55468872e+03, 2.50855118e+02, 1.57228406e+03, 2.50740585e+02,
    1.58976599e+03, 2.50606277e+02, 1.60715320e+03, 2.50556183e+02,
    1.62448303e+03, 2.50452240e+02, 1.64203772e+03, 2.50365143e+02,
    1.55332166e+03, 2.69050842e+02, 1.57068945e+03, 2.68800171e+02,
    1.58826660e+03, 2.68708038e+02, 1.60565356e+03, 2.68532623e+02,
    1.62288281e+03, 2.68447113e+02, 1.64042664e+03, 2.68293549e+02,
    1.55179419e+03, 2.86833801e+02, 1.56930530e+03, 2.86733978e+02,
    1.58665662e+03, 2.86578339e+02, 1.60413477e+03, 2.86481934e+02,
    1.62145190e+03, 2.86396790e+02, 1.63867395e+03, 2.86318176e+02,
    1.55027283e+03, 3.04644073e+02, 1.56768591e+03, 3.04482758e+02,
    1.58509509e+03, 3.04407440e+02, 1.60229578e+03, 3.04269897e+02,
    1.61971533e+03, 3.04143616e+02, 1.63725476e+03, 3.03970093e+02,
    1.54864734e+03, 3.22488922e+02, 1.56605725e+03, 3.22303223e+02,
    1.58357324e+03, 3.22231873e+02, 1.60085571e+03, 3.22020203e+02,
    1.61805933e+03, 3.21841644e+02, 1.63541626e+03, 3.21785889e+02,
    1.54746179e+03, 3.39829468e+02, 1.56463745e+03, 3.39762939e+02,
    1.58181311e+03, 3.39706512e+02, 1.59917017e+03, 3.39537415e+02,
    1.61646313e+03, 3.39484772e+02, 1.63370227e+03, 3.39360474e+02,
    1.54580933e+03, 3.57449677e+02, 1.56334033e+03, 3.57271820e+02,
    1.58042871e+03, 3.57157257e+02, 1.59761377e+03, 3.57044739e+02,
    1.61504956e+03, 3.56805267e+02, 1.63238342e+03, 3.56771576e+02,
    1.54453870e+03, 3.74869873e+02, 1.56194360e+03, 3.74781494e+02,
    1.57931970e+03, 3.74668549e+02, 1.59654712e+03, 3.74581451e+02,
    1.61379700e+03, 3.74393829e+02, 1.63096033e+03, 3.74317078e+02 ]
