%YAML:1.0
---
points: [ 1.89521774e+02, 7.32197495e+01, 1.92927277e+02, 9.12941971e+01,
    1.96284805e+02, 1.08444321e+02, 1.99537369e+02, 1.24828003e+02,
    2.02611084e+02, 1.40356155e+02, 2.05609604e+02, 1.55154510e+02,
    1.72895874e+02, 7.44149628e+01, 1.76743225e+02, 9.22131882e+01,
    1.80444839e+02, 1.09253540e+02, 1.83940689e+02, 1.25372757e+02,
    1.87393860e+02, 1.40918716e+02, 1.90625305e+02, 1.55597351e+02,
    1.56651093e+02, 7.57619858e+01, 1.60772766e+02, 9.32921982e+01,
    1.64793671e+02, 1.10211945e+02, 1.68643845e+02, 1.26190559e+02,
    1.72360641e+02, 1.41486847e+02, 1.75912460e+02, 1.56162476e+02,
    1.40407211e+02, 7.71261292e+01, 1.44954193e+02, 9.45154343e+01,
    1.49249573e+02, 1.11148415e+02, 1.53378952e+02, 1.27012337e+02,
    1.57551956e+02, 1.42155457e+02, 1.61377319e+02, 1.56693207e+02,
    1.24657570e+02, 7.85001984e+01, 1.29385803e+02, 9.56560974e+01,
    1.34128525e+02, 1.12108612e+02, 1.38435638e+02, 1.27791039e+02,
    1.42758286e+02, 1.42791382e+02, 1.46930984e+02, 1.57198257e+02,
    1.09090775e+02, 7.98494568e+01, 1.14142166e+02, 9.68559341e+01,
    1.19051704e+02, 1.13025764e+02, 1.23761620e+02, 1.28534195e+02,
    1.28320999e+02, 1.43435806e+02, 1.32767960e+02, 1.57769867e+02,
    9.41360703e+01, 8.12567062e+01, 9.93115540e+01, 9.79381409e+01,
    1.04414841e+02, 1.13968910e+02, 1.09326370e+02, 1.29406708e+02,
    1.14113350e+02, 1.44139374e+02, 1.18739555e+02, 1.58295288e+02,
    7.94871140e+01, 8.27048187e+01, 8.49348602e+01, 9.91670761e+01,
    9.01283951e+01, 1.14905327e+02, 9.52751160e+01, 1.30150284e+02,
    1.00206657e+02, 1.44654068e+02, 1.05005920e+02, 1.58840622e+02 ]
