%YAML:1.0
---
points: [ 3.97456604e+02, 5.49917641e+01, 3.95820282e+02, 7.45517960e+01,
    3.94294403e+02, 9.30043716e+01, 3.92701935e+02, 1.10705910e+02,
    3.91083435e+02, 1.27560455e+02, 3.89606567e+02, 1.43669296e+02,
    3.77992035e+02, 5.66570320e+01, 3.76914124e+02, 7.60461502e+01,
    3.75717590e+02, 9.45553894e+01, 3.74623901e+02, 1.12206818e+02,
    3.73525726e+02, 1.28948975e+02, 3.72387939e+02, 1.45024261e+02,
    3.58962982e+02, 5.82689705e+01, 3.58180206e+02, 7.77067566e+01,
    3.57472229e+02, 9.62016449e+01, 3.56789062e+02, 1.13730637e+02,
    3.56066742e+02, 1.30492203e+02, 3.55421112e+02, 1.46470947e+02,
    3.39769623e+02, 6.02593727e+01, 3.39562561e+02, 7.95591965e+01,
    3.39364258e+02, 9.80191116e+01, 3.39167908e+02, 1.15396828e+02,
    3.38838745e+02, 1.32104675e+02, 3.38553345e+02, 1.47893707e+02,
    3.20946228e+02, 6.21312103e+01, 3.21207458e+02, 8.13590622e+01,
    3.21339233e+02, 9.97214279e+01, 3.21492310e+02, 1.17116112e+02,
    3.21638641e+02, 1.33578552e+02, 3.21847809e+02, 1.49322266e+02,
    3.02189880e+02, 6.41206360e+01, 3.02877960e+02, 8.32551804e+01,
    3.03463348e+02, 1.01392593e+02, 3.04128418e+02, 1.18691307e+02,
    3.04681427e+02, 1.35134964e+02, 3.05239380e+02, 1.50757385e+02,
    2.83527588e+02, 6.58983612e+01, 2.84742065e+02, 8.50127258e+01,
    2.85774445e+02, 1.03074944e+02, 2.86812134e+02, 1.20234283e+02,
    2.87867432e+02, 1.36607758e+02, 2.88772980e+02, 1.52187881e+02,
    2.65043976e+02, 6.77838974e+01, 2.66741180e+02, 8.67033081e+01,
    2.68277466e+02, 1.04741310e+02, 2.69704315e+02, 1.21756096e+02,
    2.71147369e+02, 1.38057831e+02, 2.72524994e+02, 1.53551743e+02 ]
