%YAML:1.0
---
points: [ 1.25734387e+03, 6.67401917e+02, 1.25885986e+03, 7.14824219e+02,
    1.26038171e+03, 7.61670898e+02, 1.26177612e+03, 8.08052063e+02,
    1.26339441e+03, 8.54155396e+02, 1.26475146e+03, 8.99713623e+02,
    1.20774170e+03, 6.69166931e+02, 1.20956860e+03, 7.16336609e+02,
    1.21132935e+03, 7.62813232e+02, 1.21298779e+03, 8.08994019e+02,
    1.21474060e+03, 8.54936646e+02, 1.21663257e+03, 9.00657104e+02,
    1.15904712e+03, 6.70821777e+02, 1.16088135e+03, 7.17862244e+02,
    1.16314209e+03, 7.64487122e+02, 1.16495166e+03, 8.10365051e+02,
    1.16707654e+03, 8.56165649e+02, 1.16912329e+03, 9.01798401e+02,
    1.11088403e+03, 6.72974304e+02, 1.11302222e+03, 7.19686279e+02,
    1.11538879e+03, 7.66138184e+02, 1.11746741e+03, 8.12050537e+02,
    1.11959143e+03, 8.57545959e+02, 1.12195837e+03, 9.02816162e+02,
    1.06303625e+03, 6.75226501e+02, 1.06534473e+03, 7.21672546e+02,
    1.06780383e+03, 7.67687988e+02, 1.07002185e+03, 8.13396912e+02,
    1.07249780e+03, 8.58962585e+02, 1.07480908e+03, 9.04078430e+02,
    1.01538245e+03, 6.77229126e+02, 1.01790436e+03, 7.23631042e+02,
    1.02049756e+03, 7.69546082e+02, 1.02292755e+03, 8.14875793e+02,
    1.02554236e+03, 8.60312439e+02, 1.02811792e+03, 9.05360840e+02,
    9.68053467e+02, 6.79244202e+02, 9.70678467e+02, 7.25241943e+02,
    9.73598511e+02, 7.71077209e+02, 9.76225586e+02, 8.16526245e+02,
    9.79083130e+02, 8.61559326e+02, 9.81566162e+02, 9.06674500e+02,
    9.21176819e+02, 6.81073425e+02, 9.24015259e+02, 7.27071472e+02,
    9.26992554e+02, 7.72686951e+02, 9.29849792e+02, 8.17819336e+02,
    9.32694641e+02, 8.62941162e+02, 9.35654175e+02, 9.07921814e+02 ]
