%YAML:1.0
---
points: [ 1.14398853e+03, 6.81885193e+02, 1.15942810e+03, 6.82391174e+02,
    1.17471338e+03, 6.82737610e+02, 1.19018750e+03, 6.83224365e+02,
    1.20550659e+03, 6.83578918e+02, 1.22070667e+03, 6.84058594e+02,
    1.14373792e+03, 6.97799866e+02, 1.15933179e+03, 6.98247192e+02,
    1.17463330e+03, 6.98542725e+02, 1.19000452e+03, 6.98872559e+02,
    1.20541431e+03, 6.99429871e+02, 1.22065735e+03, 6.99854126e+02,
    1.14358447e+03, 7.13730652e+02, 1.15920874e+03, 7.14157654e+02,
    1.17452869e+03, 7.14554749e+02, 1.18982361e+03, 7.14926331e+02,
    1.20539954e+03, 7.15336792e+02, 1.22065808e+03, 7.15708252e+02,
    1.14344189e+03, 7.29718994e+02, 1.15889917e+03, 7.30203674e+02,
    1.17440637e+03, 7.30435608e+02, 1.18976721e+03, 7.30746643e+02,
    1.20520605e+03, 7.31195251e+02, 1.22051990e+03, 7.31655396e+02,
    1.14326282e+03, 7.45694641e+02, 1.15872620e+03, 7.46097656e+02,
    1.17426135e+03, 7.46455994e+02, 1.18960022e+03, 7.46760071e+02,
    1.20512500e+03, 7.47225830e+02, 1.22048450e+03, 7.47528870e+02,
    1.14302417e+03, 7.61756592e+02, 1.15857776e+03, 7.62225952e+02,
    1.17407434e+03, 7.62425903e+02, 1.18945422e+03, 7.62759460e+02,
    1.20488953e+03, 7.63222961e+02, 1.22032910e+03, 7.63599426e+02,
    1.14280286e+03, 7.77786194e+02, 1.15853003e+03, 7.78228271e+02,
    1.17395325e+03, 7.78575928e+02, 1.18941980e+03, 7.78866333e+02,
    1.20486414e+03, 7.79272949e+02, 1.22043311e+03, 7.79566589e+02,
    1.14268359e+03, 7.94033691e+02, 1.15846716e+03, 7.94455505e+02,
    1.17398474e+03, 7.94777649e+02, 1.18948389e+03, 7.95235962e+02,
    1.20507617e+03, 7.95517334e+02, 1.22047668e+03, 7.95833191e+02 ]
