%YAML:1.0
---
points: [ 1.17381421e+03, 5.76744629e+02, 1.18924573e+03, 5.77194275e+02,
    1.20465320e+03, 5.77417175e+02, 1.22011951e+03, 5.77773071e+02,
    1.23538220e+03, 5.78210205e+02, 1.25070654e+03, 5.78484070e+02,
    1.17368591e+03, 5.92503174e+02, 1.18915881e+03, 5.92730835e+02,
    1.20456897e+03, 5.93159363e+02, 1.21987463e+03, 5.93412170e+02,
    1.23532019e+03, 5.93746826e+02, 1.25067029e+03, 5.94139221e+02,
    1.17360413e+03, 6.08234009e+02, 1.18905688e+03, 6.08494995e+02,
    1.20443579e+03, 6.08794067e+02, 1.21982568e+03, 6.09117554e+02,
    1.23530273e+03, 6.09381104e+02, 1.25064380e+03, 6.09636230e+02,
    1.17338574e+03, 6.23839966e+02, 1.18882495e+03, 6.24184509e+02,
    1.20431360e+03, 6.24482605e+02, 1.21960974e+03, 6.24704651e+02,
    1.23509375e+03, 6.25120117e+02, 1.25049402e+03, 6.25333130e+02,
    1.17332593e+03, 6.39621460e+02, 1.18869312e+03, 6.39892517e+02,
    1.20411414e+03, 6.40235474e+02, 1.21949768e+03, 6.40469238e+02,
    1.23494299e+03, 6.40747498e+02, 1.25039758e+03, 6.41186707e+02,
    1.17307593e+03, 6.55344971e+02, 1.18853052e+03, 6.55562439e+02,
    1.20406665e+03, 6.55857483e+02, 1.21939355e+03, 6.56217102e+02,
    1.23475745e+03, 6.56458191e+02, 1.25030615e+03, 6.56699341e+02,
    1.17290112e+03, 6.70995361e+02, 1.18846326e+03, 6.71388733e+02,
    1.20388306e+03, 6.71566467e+02, 1.21928125e+03, 6.71801025e+02,
    1.23472852e+03, 6.72151062e+02, 1.25034119e+03, 6.72422729e+02,
    1.17281067e+03, 6.86808838e+02, 1.18841638e+03, 6.87226624e+02,
    1.20393542e+03, 6.87447083e+02, 1.21937512e+03, 6.87711975e+02,
    1.23487695e+03, 6.88140320e+02, 1.25041589e+03, 6.88313904e+02 ]
