%YAML:1.0
---
points: [ 3.96351227e+02, 2.88318970e+02, 3.96201996e+02, 3.03740692e+02,
    3.95900085e+02, 3.18745239e+02, 3.95709656e+02, 3.33354370e+02,
    3.95272308e+02, 3.47504333e+02, 3.95012268e+02, 3.61201935e+02,
    3.78990326e+02, 2.88747131e+02, 3.79110382e+02, 3.04117004e+02,
    3.79081696e+02, 3.19124634e+02, 3.79101013e+02, 3.33695404e+02,
    3.79028809e+02, 3.47877686e+02, 3.78827057e+02, 3.61736877e+02,
    3.61928345e+02, 2.89260834e+02, 3.62226501e+02, 3.04591339e+02,
    3.62426270e+02, 3.19541107e+02, 3.62724152e+02, 3.34137360e+02,
    3.62824677e+02, 3.48418823e+02, 3.63057678e+02, 3.62237396e+02,
    3.45112579e+02, 2.90008179e+02, 3.45541138e+02, 3.05228973e+02,
    3.46009064e+02, 3.20109253e+02, 3.46360687e+02, 3.34652771e+02,
    3.46785950e+02, 3.48893158e+02, 3.46976990e+02, 3.62788574e+02,
    3.28293549e+02, 2.90571442e+02, 3.28995087e+02, 3.05716400e+02,
    3.29520966e+02, 3.20579865e+02, 3.30144196e+02, 3.35152954e+02,
    3.30656281e+02, 3.49281128e+02, 3.31197144e+02, 3.63207153e+02,
    3.11744446e+02, 2.91234375e+02, 3.12479340e+02, 3.06310791e+02,
    3.13244415e+02, 3.21148651e+02, 3.13971527e+02, 3.35549713e+02,
    3.14678467e+02, 3.49728455e+02, 3.15312134e+02, 3.63661133e+02,
    2.95175903e+02, 2.91711761e+02, 2.96148132e+02, 3.06723785e+02,
    2.97069977e+02, 3.21543488e+02, 2.97942108e+02, 3.35962372e+02,
    2.98765900e+02, 3.50198822e+02, 2.99642670e+02, 3.64088226e+02,
    2.78878265e+02, 2.92225006e+02, 2.79974274e+02, 3.07214447e+02,
    2.81006439e+02, 3.21875946e+02, 2.81999847e+02, 3.36308197e+02,
    2.83036591e+02, 3.50468323e+02, 2.83966034e+02, 3.64404755e+02 ]
