%YAML:1.0
---
points: [ 1.22607788e+03, 7.77906738e+02, 1.22581714e+03, 8.17363647e+02,
    1.22553821e+03, 8.54890320e+02, 1.22521106e+03, 8.91435730e+02,
    1.22480786e+03, 9.26909607e+02, 1.22444666e+03, 9.61239441e+02,
    1.17957812e+03, 7.79164062e+02, 1.17997217e+03, 8.17842346e+02,
    1.18041321e+03, 8.55473633e+02, 1.18066699e+03, 8.91949463e+02,
    1.18101855e+03, 9.27564453e+02, 1.18140479e+03, 9.62156006e+02,
    1.13367395e+03, 7.80539368e+02, 1.13476550e+03, 8.19138245e+02,
    1.13583386e+03, 8.56671875e+02, 1.13693982e+03, 8.93190918e+02,
    1.13790515e+03, 9.28688782e+02, 1.13880994e+03, 9.63367493e+02,
    1.08836987e+03, 7.82413269e+02, 1.09012134e+03, 8.20996582e+02,
    1.09165588e+03, 8.58456421e+02, 1.09332703e+03, 8.94635071e+02,
    1.09488696e+03, 9.29899414e+02, 1.09646301e+03, 9.64531067e+02,
    1.04324194e+03, 7.84443787e+02, 1.04538550e+03, 8.22686951e+02,
    1.04784656e+03, 8.59952576e+02, 1.04975854e+03, 8.96107910e+02,
    1.05213660e+03, 9.31262878e+02, 1.05422827e+03, 9.65598999e+02,
    9.98210632e+02, 7.86511475e+02, 1.00113171e+03, 8.24547180e+02,
    1.00392517e+03, 8.61464844e+02, 1.00682434e+03, 8.97385071e+02,
    1.00952991e+03, 9.32575317e+02, 1.01217096e+03, 9.66746826e+02,
    9.53555115e+02, 7.87838989e+02, 9.57120300e+02, 8.25773621e+02,
    9.60481628e+02, 8.62786011e+02, 9.63874390e+02, 8.98645447e+02,
    9.67163818e+02, 9.33871765e+02, 9.70352356e+02, 9.68164856e+02,
    9.09144165e+02, 7.89526611e+02, 9.13310974e+02, 8.27460205e+02,
    9.17389404e+02, 8.64297607e+02, 9.21432861e+02, 9.00124573e+02,
    9.24996765e+02, 9.35098938e+02, 9.28667053e+02, 9.69545105e+02 ]
