%YAML:1.0
---
points: [ 1.48038501e+03, 7.08423157e+02, 1.47527307e+03, 7.44509583e+02,
    1.46990247e+03, 7.79291443e+02, 1.46456299e+03, 8.12880005e+02,
    1.45934583e+03, 8.45527405e+02, 1.45418127e+03, 8.77451172e+02,
    1.44172107e+03, 7.12833496e+02, 1.43686462e+03, 7.48858887e+02,
    1.43221448e+03, 7.83702148e+02, 1.42751221e+03, 8.17580261e+02,
    1.42292041e+03, 8.50588196e+02, 1.41838257e+03, 8.82842773e+02,
    1.40285889e+03, 7.17639709e+02, 1.39864734e+03, 7.53765015e+02,
    1.39463757e+03, 7.88627441e+02, 1.39051648e+03, 8.22895813e+02,
    1.38646411e+03, 8.56027405e+02, 1.38261353e+03, 8.88376282e+02,
    1.36427954e+03, 7.22808350e+02, 1.36045496e+03, 7.59202576e+02,
    1.35686401e+03, 7.94136475e+02, 1.35338025e+03, 8.28437561e+02,
    1.34973279e+03, 8.61535156e+02, 1.34648291e+03, 8.94115295e+02,
    1.32514795e+03, 7.28031128e+02, 1.32178503e+03, 7.64362732e+02,
    1.31852026e+03, 7.99559631e+02, 1.31561304e+03, 8.33831543e+02,
    1.31254578e+03, 8.67261902e+02, 1.30969287e+03, 8.99791077e+02,
    1.28551941e+03, 7.33434082e+02, 1.28272266e+03, 7.69800354e+02,
    1.28004565e+03, 8.05045837e+02, 1.27752856e+03, 8.39290100e+02,
    1.27493884e+03, 8.72749146e+02, 1.27259619e+03, 9.05597046e+02,
    1.24515625e+03, 7.38346069e+02, 1.24290735e+03, 7.74766479e+02,
    1.24097937e+03, 8.10332031e+02, 1.23888953e+03, 8.44819641e+02,
    1.23704602e+03, 8.78531921e+02, 1.23503796e+03, 9.11613159e+02,
    1.20462891e+03, 7.43406311e+02, 1.20289697e+03, 7.80105408e+02,
    1.20141479e+03, 8.15651489e+02, 1.20011401e+03, 8.50314697e+02,
    1.19862476e+03, 8.84329712e+02, 1.19729028e+03, 9.17555542e+02 ]
