%YAML:1.0
---
points: [ 1.07552991e+03, 6.53750671e+02, 1.09185315e+03, 6.54210327e+02,
    1.10824243e+03, 6.54718567e+02, 1.12436523e+03, 6.55145508e+02,
    1.14061792e+03, 6.55597473e+02, 1.15716809e+03, 6.56105835e+02,
    1.07534192e+03, 6.70096863e+02, 1.09159180e+03, 6.70513062e+02,
    1.10783728e+03, 6.70870056e+02, 1.12415686e+03, 6.71391174e+02,
    1.14039319e+03, 6.71809387e+02, 1.15684741e+03, 6.72313293e+02,
    1.07500818e+03, 6.86397766e+02, 1.09133801e+03, 6.86790771e+02,
    1.10752686e+03, 6.87284302e+02, 1.12379773e+03, 6.87711304e+02,
    1.14028894e+03, 6.88285889e+02, 1.15664758e+03, 6.88737854e+02,
    1.07469641e+03, 7.02602173e+02, 1.09101270e+03, 7.03158630e+02,
    1.10736731e+03, 7.03542725e+02, 1.12351184e+03, 7.04174316e+02,
    1.13993262e+03, 7.04627563e+02, 1.15640076e+03, 7.05230835e+02,
    1.07442334e+03, 7.18837524e+02, 1.09065930e+03, 7.19462952e+02,
    1.10700366e+03, 7.20025635e+02, 1.12330261e+03, 7.20502869e+02,
    1.13963770e+03, 7.21165955e+02, 1.15608374e+03, 7.21684937e+02,
    1.07409851e+03, 7.35383850e+02, 1.09046252e+03, 7.35793457e+02,
    1.10667871e+03, 7.36449036e+02, 1.12309277e+03, 7.37151733e+02,
    1.13945984e+03, 7.37562317e+02, 1.15578821e+03, 7.38160339e+02,
    1.07367859e+03, 7.51735413e+02, 1.09017871e+03, 7.52302917e+02,
    1.10652722e+03, 7.52991089e+02, 1.12271887e+03, 7.53597595e+02,
    1.13932324e+03, 7.54108887e+02, 1.15564148e+03, 7.54599182e+02,
    1.07342944e+03, 7.68374939e+02, 1.08985205e+03, 7.68939514e+02,
    1.10632092e+03, 7.69526306e+02, 1.12255139e+03, 7.70190063e+02,
    1.13911292e+03, 7.70687988e+02, 1.15547461e+03, 7.71290222e+02 ]
