%YAML:1.0
---
points: [ 4.61858368e+02, 2.22041367e+02, 4.59882172e+02, 2.35383530e+02,
    4.57796722e+02, 2.47942169e+02, 4.55666077e+02, 2.60512787e+02,
    4.53644257e+02, 2.72269409e+02, 4.51523438e+02, 2.84183716e+02,
    4.48828766e+02, 2.23805267e+02, 4.46970398e+02, 2.36919189e+02,
    4.45079803e+02, 2.49855713e+02, 4.43234497e+02, 2.62169525e+02,
    4.41350250e+02, 2.74376038e+02, 4.39533661e+02, 2.86034943e+02,
    4.35706635e+02, 2.25410522e+02, 4.34003357e+02, 2.38855225e+02,
    4.32373535e+02, 2.51674210e+02, 4.30768005e+02, 2.64230469e+02,
    4.29062347e+02, 2.76314270e+02, 4.27450775e+02, 2.88296967e+02,
    4.22482483e+02, 2.27400650e+02, 4.20933594e+02, 2.40679047e+02,
    4.19417084e+02, 2.53775040e+02, 4.17931183e+02, 2.66203827e+02,
    4.16490021e+02, 2.78497314e+02, 4.15092499e+02, 2.90341919e+02,
    4.08958740e+02, 2.29247391e+02, 4.07621246e+02, 2.42684418e+02,
    4.06325928e+02, 2.55671982e+02, 4.05011993e+02, 2.68290833e+02,
    4.03724792e+02, 2.80512665e+02, 4.02462250e+02, 2.92482635e+02,
    3.95214691e+02, 2.31227951e+02, 3.94059479e+02, 2.44644302e+02,
    3.92919525e+02, 2.57662018e+02, 3.91796051e+02, 2.70307465e+02,
    3.90715637e+02, 2.82594147e+02, 3.89603027e+02, 2.94609192e+02,
    3.81129486e+02, 2.33014847e+02, 3.80091553e+02, 2.46499817e+02,
    3.79226715e+02, 2.59615784e+02, 3.78318085e+02, 2.72391266e+02,
    3.77467773e+02, 2.84773102e+02, 3.76597198e+02, 2.96868652e+02,
    3.66834686e+02, 2.34870880e+02, 3.66061005e+02, 2.48341080e+02,
    3.65393372e+02, 2.61573273e+02, 3.64763153e+02, 2.74270233e+02,
    3.64071594e+02, 2.86839966e+02, 3.63468567e+02, 2.98978821e+02 ]
