%YAML:1.0
---
points: [ 1.46891443e+03, 5.94893616e+02, 1.46387170e+03, 6.33140686e+02,
    1.45856848e+03, 6.69869507e+02, 1.45348657e+03, 7.05366760e+02,
    1.44855371e+03, 7.39903503e+02, 1.44346082e+03, 7.73784973e+02,
    1.42946045e+03, 5.99165161e+02, 1.42482581e+03, 6.37304443e+02,
    1.42041260e+03, 6.74287598e+02, 1.41608240e+03, 7.09856812e+02,
    1.41151733e+03, 7.44838745e+02, 1.40718103e+03, 7.79102539e+02,
    1.39038110e+03, 6.03639282e+02, 1.38622424e+03, 6.41959351e+02,
    1.38225952e+03, 6.79157654e+02, 1.37856396e+03, 7.15000122e+02,
    1.37467102e+03, 7.50170959e+02, 1.37091040e+03, 7.84479675e+02,
    1.35108350e+03, 6.08644043e+02, 1.34762195e+03, 6.47121521e+02,
    1.34402393e+03, 6.84347656e+02, 1.34072021e+03, 7.20379944e+02,
    1.33744141e+03, 7.55515442e+02, 1.33427466e+03, 7.89953003e+02,
    1.31145728e+03, 6.13630188e+02, 1.30818677e+03, 6.52099182e+02,
    1.30546399e+03, 6.89454651e+02, 1.30246436e+03, 7.25621887e+02,
    1.29978113e+03, 7.61043579e+02, 1.29687830e+03, 7.95598938e+02,
    1.27111426e+03, 6.18805298e+02, 1.26864941e+03, 6.57410706e+02,
    1.26608923e+03, 6.94823975e+02, 1.26381604e+03, 7.31080566e+02,
    1.26150085e+03, 7.66470764e+02, 1.25950952e+03, 8.01302368e+02,
    1.23031714e+03, 6.23623352e+02, 1.22822412e+03, 6.62213135e+02,
    1.22649268e+03, 6.99841797e+02, 1.22460876e+03, 7.36416016e+02,
    1.22299561e+03, 7.72050537e+02, 1.22145117e+03, 8.07003906e+02,
    1.18906641e+03, 6.28556030e+02, 1.18765576e+03, 6.67400879e+02,
    1.18640576e+03, 7.05155701e+02, 1.18530347e+03, 7.41741089e+02,
    1.18422583e+03, 7.77536377e+02, 1.18317505e+03, 8.12746582e+02 ]
