%YAML:1.0
---
points: [ 7.12773743e+02, 6.33783752e+02, 7.29539795e+02, 6.34092102e+02,
    7.46247437e+02, 6.34439453e+02, 7.62896484e+02, 6.34656311e+02,
    7.79465210e+02, 6.35060913e+02, 7.95821350e+02, 6.35369141e+02,
    7.12198853e+02, 6.50206299e+02, 7.29004211e+02, 6.50491760e+02,
    7.45574768e+02, 6.50687988e+02, 7.62183411e+02, 6.51039795e+02,
    7.78805176e+02, 6.51339966e+02, 7.95312927e+02, 6.51631531e+02,
    7.11486023e+02, 6.66674316e+02, 7.28294983e+02, 6.66905884e+02,
    7.44976440e+02, 6.67215942e+02, 7.61513367e+02, 6.67445801e+02,
    7.78071960e+02, 6.67693298e+02, 7.94681091e+02, 6.67978088e+02,
    7.10837341e+02, 6.83240295e+02, 7.27621399e+02, 6.83437500e+02,
    7.44339844e+02, 6.83598938e+02, 7.60910583e+02, 6.83862244e+02,
    7.77504883e+02, 6.84173645e+02, 7.94151245e+02, 6.84407227e+02,
    7.10208801e+02, 6.99775574e+02, 7.27112061e+02, 7.00024963e+02,
    7.43722656e+02, 7.00197327e+02, 7.60284729e+02, 7.00415466e+02,
    7.76870422e+02, 7.00563171e+02, 7.93426331e+02, 7.00750427e+02,
    7.09412964e+02, 7.16434021e+02, 7.26363159e+02, 7.16563049e+02,
    7.43098328e+02, 7.16730042e+02, 7.59605713e+02, 7.16869141e+02,
    7.76299744e+02, 7.17077332e+02, 7.92817078e+02, 7.17207275e+02,
    7.08704956e+02, 7.32956604e+02, 7.25657104e+02, 7.33119141e+02,
    7.42505554e+02, 7.33282715e+02, 7.59138062e+02, 7.33392517e+02,
    7.75668213e+02, 7.33530518e+02, 7.92275208e+02, 7.33618103e+02,
    7.07883789e+02, 7.49620789e+02, 7.24773682e+02, 7.49711487e+02,
    7.41694336e+02, 7.49816772e+02, 7.58365601e+02, 7.49935669e+02,
    7.75017334e+02, 7.50083313e+02, 7.91553162e+02, 7.50225525e+02 ]
