%YAML:1.0
---
points: [ 1.48439587e+03, 1.13793472e+02, 1.47414282e+03, 1.62814072e+02,
    1.46374207e+03, 2.09490952e+02, 1.45373254e+03, 2.53974182e+02,
    1.44422986e+03, 2.96670837e+02, 1.43479700e+03, 3.37539215e+02,
    1.44096851e+03, 1.16935555e+02, 1.43142236e+03, 1.66141373e+02,
    1.42214893e+03, 2.13021805e+02, 1.41315051e+03, 2.57675018e+02,
    1.40454236e+03, 3.00623566e+02, 1.39637183e+03, 3.41666534e+02,
    1.39755298e+03, 1.20116013e+02, 1.38887036e+03, 1.69584106e+02,
    1.38052161e+03, 2.16748276e+02, 1.37261243e+03, 2.61677185e+02,
    1.36484839e+03, 3.04757599e+02, 1.35758521e+03, 3.46043060e+02,
    1.35410437e+03, 1.23602600e+02, 1.34641516e+03, 1.73289581e+02,
    1.33876794e+03, 2.20625320e+02, 1.33175220e+03, 2.65853302e+02,
    1.32470032e+03, 3.09101318e+02, 1.31826660e+03, 3.50579407e+02,
    1.30978479e+03, 1.27214333e+02, 1.30288831e+03, 1.77063599e+02,
    1.29640930e+03, 2.24646713e+02, 1.29019873e+03, 2.70154633e+02,
    1.28424866e+03, 3.13496582e+02, 1.27838025e+03, 3.55166687e+02,
    1.26504956e+03, 1.30676086e+02, 1.25919397e+03, 1.81100647e+02,
    1.25347583e+03, 2.28804596e+02, 1.24819128e+03, 2.74380951e+02,
    1.24292786e+03, 3.17894684e+02, 1.23820789e+03, 3.59705353e+02,
    1.21917322e+03, 1.34253799e+02, 1.21423950e+03, 1.84713974e+02,
    1.20975977e+03, 2.32848953e+02, 1.20550818e+03, 2.78502075e+02,
    1.20137781e+03, 3.22475250e+02, 1.19730603e+03, 3.64432922e+02,
    1.17295508e+03, 1.37732193e+02, 1.16930542e+03, 1.88406158e+02,
    1.16557690e+03, 2.36761597e+02, 1.16241187e+03, 2.82711060e+02,
    1.15922290e+03, 3.26828125e+02, 1.15638501e+03, 3.69070801e+02 ]
