%YAML:1.0
---
points: [ 4.30663544e+02, 3.02478851e+02, 4.30859924e+02, 3.16828156e+02,
    4.30772339e+02, 3.30912231e+02, 4.30732544e+02, 3.45055145e+02,
    4.30365021e+02, 3.58976715e+02, 4.30097870e+02, 3.72898712e+02,
    4.18207153e+02, 3.03337585e+02, 4.18330048e+02, 3.17649048e+02,
    4.18530273e+02, 3.32107727e+02, 4.18417816e+02, 3.46302246e+02,
    4.18455994e+02, 3.60576508e+02, 4.17938110e+02, 3.74614929e+02,
    4.05650208e+02, 3.03957916e+02, 4.05899384e+02, 3.18773743e+02,
    4.05926941e+02, 3.33203491e+02, 4.06190247e+02, 3.47797180e+02,
    4.05989197e+02, 3.62094757e+02, 4.06066742e+02, 3.76520874e+02,
    3.93091248e+02, 3.04920563e+02, 3.93293060e+02, 3.19695953e+02,
    3.93523315e+02, 3.34562531e+02, 3.93488495e+02, 3.49133057e+02,
    3.93656982e+02, 3.63826965e+02, 3.93456146e+02, 3.78255371e+02,
    3.80172119e+02, 3.05872314e+02, 3.80279999e+02, 3.20746368e+02,
    3.80430725e+02, 3.35730072e+02, 3.80716827e+02, 3.50522705e+02,
    3.80630951e+02, 3.65347992e+02, 3.80760620e+02, 3.80084961e+02,
    3.66815613e+02, 3.06740021e+02, 3.67093414e+02, 3.21732666e+02,
    3.67279236e+02, 3.36867859e+02, 3.67307373e+02, 3.51921631e+02,
    3.67514954e+02, 3.66938263e+02, 3.67407501e+02, 3.81821075e+02,
    3.53176117e+02, 3.07447021e+02, 3.53389160e+02, 3.22707306e+02,
    3.53660156e+02, 3.38107574e+02, 3.53819733e+02, 3.53296509e+02,
    3.53823364e+02, 3.68413452e+02, 3.54032562e+02, 3.83612610e+02,
    3.39272186e+02, 3.08288757e+02, 3.39477539e+02, 3.23712219e+02,
    3.39800537e+02, 3.39197357e+02, 3.39953308e+02, 3.54598175e+02,
    3.40141998e+02, 3.69903137e+02, 3.40168213e+02, 3.85352478e+02 ]
