%YAML:1.0
---
points: [ 6.86577209e+02, 5.72666992e+02, 7.03544067e+02, 5.73158936e+02,
    7.20407654e+02, 5.73613220e+02, 7.37116821e+02, 5.74136902e+02,
    7.53615540e+02, 5.74540771e+02, 7.70130066e+02, 5.74893799e+02,
    6.85900757e+02, 5.89082458e+02, 7.02911926e+02, 5.89532715e+02,
    7.19660278e+02, 5.89928528e+02, 7.36449829e+02, 5.90374939e+02,
    7.53057007e+02, 5.90764160e+02, 7.69591003e+02, 5.91172302e+02,
    6.85423584e+02, 6.05601257e+02, 7.02272217e+02, 6.05989014e+02,
    7.19028137e+02, 6.06344971e+02, 7.35792603e+02, 6.06640686e+02,
    7.52521057e+02, 6.07047302e+02, 7.69106323e+02, 6.07453979e+02,
    6.84737366e+02, 6.22139832e+02, 7.01646729e+02, 6.22440735e+02,
    7.18424744e+02, 6.22627869e+02, 7.35076843e+02, 6.22933533e+02,
    7.51869995e+02, 6.23323425e+02, 7.68461243e+02, 6.23586975e+02,
    6.84084106e+02, 6.38590637e+02, 7.00972168e+02, 6.38830750e+02,
    7.17792419e+02, 6.39141846e+02, 7.34419922e+02, 6.39427368e+02,
    7.51189148e+02, 6.39665161e+02, 7.67983582e+02, 6.39897705e+02,
    6.83377869e+02, 6.54995972e+02, 7.00455750e+02, 6.55234314e+02,
    7.17216736e+02, 6.55502197e+02, 7.33864624e+02, 6.55719604e+02,
    7.50604553e+02, 6.55920044e+02, 7.67216125e+02, 6.56203369e+02,
    6.82545837e+02, 6.71499207e+02, 6.99664856e+02, 6.71628906e+02,
    7.16565613e+02, 6.71813232e+02, 7.33312744e+02, 6.72161987e+02,
    7.49964905e+02, 6.72306152e+02, 7.66552856e+02, 6.72516541e+02,
    6.81899658e+02, 6.88185852e+02, 6.98860474e+02, 6.88320984e+02,
    7.15848572e+02, 6.88492065e+02, 7.32639282e+02, 6.88632568e+02,
    7.49350769e+02, 6.88779175e+02, 7.66020569e+02, 6.88967346e+02 ]
