%YAML:1.0
---
points: [ 1.50517456e+03, 5.84487427e+02, 1.50284961e+03, 6.60102905e+02,
    1.50063806e+03, 7.33060669e+02, 1.49819421e+03, 8.03385254e+02,
    1.49579260e+03, 8.71707764e+02, 1.49330017e+03, 9.38227051e+02,
    1.42426587e+03, 5.89683594e+02, 1.42327051e+03, 6.64737549e+02,
    1.42240808e+03, 7.37426453e+02, 1.42156152e+03, 8.07710388e+02,
    1.42051587e+03, 8.76142822e+02, 1.41952966e+03, 9.42817505e+02,
    1.34461890e+03, 5.95180542e+02, 1.34486121e+03, 6.69900879e+02,
    1.34527112e+03, 7.42410706e+02, 1.34572437e+03, 8.12635742e+02,
    1.34610681e+03, 8.80961609e+02, 1.34652246e+03, 9.47738098e+02,
    1.26604077e+03, 6.00989929e+02, 1.26757849e+03, 6.75482300e+02,
    1.26912402e+03, 7.47616760e+02, 1.27054944e+03, 8.17652222e+02,
    1.27192615e+03, 8.85906555e+02, 1.27357507e+03, 9.52506348e+02,
    1.18781396e+03, 6.06855957e+02, 1.19046802e+03, 6.80861694e+02,
    1.19287280e+03, 7.52851807e+02, 1.19556494e+03, 8.22766663e+02,
    1.19799744e+03, 8.90921082e+02, 1.20061121e+03, 9.57388184e+02,
    1.11016101e+03, 6.12704895e+02, 1.11369812e+03, 6.86696655e+02,
    1.11734448e+03, 7.58261353e+02, 1.12088770e+03, 8.27828796e+02,
    1.12436292e+03, 8.95848816e+02, 1.12800842e+03, 9.62174866e+02,
    1.03228357e+03, 6.18255249e+02, 1.03714258e+03, 6.91880249e+02,
    1.04188062e+03, 7.63484192e+02, 1.04636401e+03, 8.32983948e+02,
    1.05092712e+03, 9.00956787e+02, 1.05533667e+03, 9.67247253e+02,
    9.54622009e+02, 6.23739624e+02, 9.60709595e+02, 6.97279236e+02,
    9.66485901e+02, 7.68594727e+02, 9.72262817e+02, 8.38067322e+02,
    9.77730103e+02, 9.05965454e+02, 9.83198120e+02, 9.72404053e+02 ]
