%YAML:1.0
---
points: [ 7.34432434e+02, 4.69359283e+02, 7.51053223e+02, 4.69637268e+02,
    7.67629395e+02, 4.69989258e+02, 7.83981506e+02, 4.70353699e+02,
    8.00419006e+02, 4.70620789e+02, 8.16725647e+02, 4.70886902e+02,
    7.34150452e+02, 4.85534576e+02, 7.50737427e+02, 4.85795593e+02,
    7.67275146e+02, 4.86230103e+02, 7.83659729e+02, 4.86405212e+02,
    8.00186951e+02, 4.86687805e+02, 8.16503052e+02, 4.86981903e+02,
    7.33780457e+02, 5.01870880e+02, 7.50477661e+02, 5.02195953e+02,
    7.66959106e+02, 5.02348053e+02, 7.83410461e+02, 5.02565582e+02,
    7.99818970e+02, 5.02780396e+02, 8.16226196e+02, 5.03134460e+02,
    7.33621216e+02, 5.18095398e+02, 7.50253479e+02, 5.18308105e+02,
    7.66663879e+02, 5.18549744e+02, 7.83152710e+02, 5.18754578e+02,
    7.99602417e+02, 5.19032227e+02, 8.15987732e+02, 5.19222473e+02,
    7.33404602e+02, 5.34289062e+02, 7.49921875e+02, 5.34500061e+02,
    7.66344604e+02, 5.34721985e+02, 7.82804626e+02, 5.34894043e+02,
    7.99353943e+02, 5.35164246e+02, 8.15717590e+02, 5.35390381e+02,
    7.33135925e+02, 5.50557251e+02, 7.49586731e+02, 5.50745972e+02,
    7.66174866e+02, 5.50846069e+02, 7.82534241e+02, 5.51052429e+02,
    7.99033691e+02, 5.51290283e+02, 8.15444092e+02, 5.51464661e+02,
    7.32707214e+02, 5.66810791e+02, 7.49328308e+02, 5.66986267e+02,
    7.65754883e+02, 5.67165833e+02, 7.82263062e+02, 5.67360413e+02,
    7.98653931e+02, 5.67567444e+02, 8.15186218e+02, 5.67679138e+02,
    7.32425903e+02, 5.83156006e+02, 7.48941101e+02, 5.83344238e+02,
    7.65481445e+02, 5.83484253e+02, 7.81816223e+02, 5.83640503e+02,
    7.98365601e+02, 5.83721863e+02, 8.14722290e+02, 5.83919678e+02 ]
