%YAML:1.0
---
points: [ 1.25396228e+03, 6.10400269e+02, 1.25415283e+03, 6.77462646e+02,
    1.25416248e+03, 7.42857849e+02, 1.25405286e+03, 8.06535034e+02,
    1.25391785e+03, 8.68625488e+02, 1.25364587e+03, 9.29384460e+02,
    1.18609705e+03, 6.15727417e+02, 1.18690283e+03, 6.82967224e+02,
    1.18768628e+03, 7.48794739e+02, 1.18865405e+03, 8.12801514e+02,
    1.18946887e+03, 8.75555298e+02, 1.19035486e+03, 9.37114258e+02,
    1.11782031e+03, 6.21576111e+02, 1.11950134e+03, 6.89267944e+02,
    1.12142175e+03, 7.55323242e+02, 1.12288123e+03, 8.19716797e+02,
    1.12461792e+03, 8.83155518e+02, 1.12647522e+03, 9.45150452e+02,
    1.04902319e+03, 6.27841431e+02, 1.05161816e+03, 6.96128113e+02,
    1.05412500e+03, 7.62511536e+02, 1.05659387e+03, 8.27537598e+02,
    1.05905286e+03, 8.91106506e+02, 1.06148059e+03, 9.53554504e+02,
    9.78761353e+02, 6.34133545e+02, 9.82171814e+02, 7.02771912e+02,
    9.85609009e+02, 7.69836304e+02, 9.88787415e+02, 8.34951355e+02,
    9.92129456e+02, 8.99196899e+02, 9.95393188e+02, 9.61925232e+02,
    9.07192993e+02, 6.40607910e+02, 9.11613586e+02, 7.09800964e+02,
    9.15765137e+02, 7.77226257e+02, 9.19960083e+02, 8.43031616e+02,
    9.23834106e+02, 9.07616028e+02, 9.27961731e+02, 9.70858276e+02,
    8.34105042e+02, 6.46828613e+02, 8.39432068e+02, 7.16643677e+02,
    8.44672791e+02, 7.84702942e+02, 8.49580139e+02, 8.50876648e+02,
    8.54573303e+02, 9.16233765e+02, 8.59402771e+02, 9.80195557e+02,
    7.60028564e+02, 6.53472717e+02, 7.66347412e+02, 7.23659485e+02,
    7.72476807e+02, 7.92301514e+02, 7.78427673e+02, 8.59343811e+02,
    7.84086792e+02, 9.24776489e+02, 7.89780090e+02, 9.89498169e+02 ]
