%YAML:1.0
---
points: [ 1.97040466e+02, 2.47541718e+02, 1.99595398e+02, 2.72789978e+02,
    2.01989441e+02, 2.97227112e+02, 2.04253555e+02, 3.21081543e+02,
    2.06724075e+02, 3.44272034e+02, 2.08961334e+02, 3.66833740e+02,
    1.70537659e+02, 2.48897186e+02, 1.73418777e+02, 2.74078522e+02,
    1.76193909e+02, 2.98583405e+02, 1.78950180e+02, 3.22261597e+02,
    1.81498627e+02, 3.45556885e+02, 1.84247345e+02, 3.68036865e+02,
    1.44367126e+02, 2.50438202e+02, 1.47411652e+02, 2.75654938e+02,
    1.50684601e+02, 2.99997681e+02, 1.53518021e+02, 3.23785767e+02,
    1.56734512e+02, 3.46852051e+02, 1.59729950e+02, 3.69307159e+02,
    1.17748032e+02, 2.52313965e+02, 1.21287781e+02, 2.77345795e+02,
    1.24793541e+02, 3.01777832e+02, 1.28414093e+02, 3.25275208e+02,
    1.31847733e+02, 3.48327057e+02, 1.35346741e+02, 3.70404724e+02,
    9.13320160e+01, 2.53879868e+02, 9.53872452e+01, 2.79046783e+02,
    9.93651886e+01, 3.03156158e+02, 1.03327171e+02, 3.26745361e+02,
    1.07312950e+02, 3.49475555e+02, 1.11390816e+02, 3.71391937e+02,
    6.52875366e+01, 2.55724060e+02, 6.97488785e+01, 2.80515930e+02,
    7.42687836e+01, 3.04666534e+02, 7.87273636e+01, 3.27747284e+02,
    8.31757965e+01, 3.50333496e+02, 8.75991211e+01, 3.72050079e+02,
    4.02134209e+01, 2.56850891e+02, 4.50829964e+01, 2.81714020e+02,
    4.99232597e+01, 3.05597778e+02, 5.48355293e+01, 3.28695129e+02,
    5.96809921e+01, 3.50932800e+02, 6.46918488e+01, 3.72478607e+02,
    1.61427288e+01, 2.58022736e+02, 2.12799969e+01, 2.82519104e+02,
    2.66093063e+01, 3.06227539e+02, 3.17257099e+01, 3.29041290e+02,
    3.70982170e+01, 3.51082458e+02, 4.24880905e+01, 3.72391754e+02 ]
