%YAML:1.0
---
points: [ 6.36341431e+02, 6.60940491e+02, 6.44404602e+02, 7.34086792e+02,
    6.52844116e+02, 8.04778442e+02, 6.60806335e+02, 8.73510803e+02,
    6.68889954e+02, 9.40356934e+02, 6.76643127e+02, 1.00549829e+03,
    5.60067200e+02, 6.64716370e+02, 5.69599792e+02, 7.37427734e+02,
    5.78750305e+02, 8.07939514e+02, 5.87690491e+02, 8.76647034e+02,
    5.96561035e+02, 9.43573181e+02, 6.05458740e+02, 1.00874005e+03,
    4.84101807e+02, 6.68631714e+02, 4.94620575e+02, 7.41101318e+02,
    5.04818665e+02, 8.11982056e+02, 5.14688782e+02, 8.80502563e+02,
    5.24577698e+02, 9.47335815e+02, 5.34089844e+02, 1.01259937e+03,
    4.07491852e+02, 6.72855347e+02, 4.19281281e+02, 7.45510437e+02,
    4.30549774e+02, 8.16095703e+02, 4.41916412e+02, 8.84402649e+02,
    4.52677277e+02, 9.50945496e+02, 4.63534698e+02, 1.01623096e+03,
    3.31201477e+02, 6.77123230e+02, 3.43925232e+02, 7.49617371e+02,
    3.56601440e+02, 8.19811707e+02, 3.68731079e+02, 8.88196716e+02,
    3.80893951e+02, 9.54688171e+02, 3.92469666e+02, 1.01967236e+03,
    2.54555466e+02, 6.81471008e+02, 2.68873077e+02, 7.53783447e+02,
    2.82547363e+02, 8.23814514e+02, 2.96355316e+02, 8.91706055e+02,
    3.09134949e+02, 9.58332092e+02, 3.22248108e+02, 1.02281604e+03,
    1.80001862e+02, 6.85140991e+02, 1.95047623e+02, 7.57269714e+02,
    2.09773544e+02, 8.27199890e+02, 2.23888046e+02, 8.95330200e+02,
    2.38236649e+02, 9.61220581e+02, 2.51574448e+02, 1.02621838e+03,
    1.05569351e+02, 6.88654236e+02, 1.22085823e+02, 7.60483154e+02,
    1.37307037e+02, 8.30416626e+02, 1.52930634e+02, 8.98000427e+02,
    1.67371124e+02, 9.64467834e+02, 1.82030029e+02, 1.02888013e+03 ]
