%YAML:1.0
---
points: [ 6.42650879e+02, 6.54657410e+02, 6.58638000e+02, 6.54985840e+02,
    6.74415588e+02, 6.55318054e+02, 6.90295166e+02, 6.55789917e+02,
    7.06150818e+02, 6.56243896e+02, 7.22146362e+02, 6.56631287e+02,
    6.41706238e+02, 6.70589783e+02, 6.57712158e+02, 6.71128174e+02,
    6.73597656e+02, 6.71487061e+02, 6.89435364e+02, 6.71834412e+02,
    7.05457947e+02, 6.72313599e+02, 7.21293335e+02, 6.72717651e+02,
    6.40872803e+02, 6.86821411e+02, 6.56763550e+02, 6.87198059e+02,
    6.72720581e+02, 6.87658203e+02, 6.88603882e+02, 6.88126709e+02,
    7.04538635e+02, 6.88527649e+02, 7.20553040e+02, 6.88963867e+02,
    6.40073792e+02, 7.03017090e+02, 6.55983032e+02, 7.03416016e+02,
    6.71898621e+02, 7.03821594e+02, 6.87756714e+02, 7.04234436e+02,
    7.03817871e+02, 7.04752747e+02, 7.19755249e+02, 7.05281067e+02,
    6.39225525e+02, 7.19139954e+02, 6.55255493e+02, 7.19618713e+02,
    6.71125671e+02, 7.20092896e+02, 6.87034912e+02, 7.20551697e+02,
    7.02978516e+02, 7.21062134e+02, 7.19027649e+02, 7.21595703e+02,
    6.38469116e+02, 7.35417664e+02, 6.54453674e+02, 7.35784912e+02,
    6.70373352e+02, 7.36323181e+02, 6.86363708e+02, 7.36857422e+02,
    7.02370605e+02, 7.37404175e+02, 7.18289490e+02, 7.37860168e+02,
    6.37680298e+02, 7.51619019e+02, 6.53632507e+02, 7.52155823e+02,
    6.69577209e+02, 7.52639221e+02, 6.85564331e+02, 7.53221924e+02,
    7.01569580e+02, 7.53748962e+02, 7.17524658e+02, 7.54252197e+02,
    6.36672546e+02, 7.68034119e+02, 6.52630493e+02, 7.68627869e+02,
    6.68608887e+02, 7.69164307e+02, 6.84572876e+02, 7.69657837e+02,
    7.00569885e+02, 7.70254883e+02, 7.16624146e+02, 7.70704041e+02 ]
