%YAML:1.0
---
points: [ 7.21712036e+02, 5.24797852e+02, 7.22933594e+02, 6.02549133e+02,
    7.24330872e+02, 6.76958923e+02, 7.25734314e+02, 7.48536133e+02,
    7.27365845e+02, 8.17246704e+02, 7.28583069e+02, 8.83383972e+02,
    6.38898682e+02, 5.23415649e+02, 6.41852966e+02, 6.01500427e+02,
    6.44450500e+02, 6.76633545e+02, 6.47441833e+02, 7.48859131e+02,
    6.50136108e+02, 8.18183594e+02, 6.52914734e+02, 8.85304016e+02,
    5.55115356e+02, 5.22006226e+02, 5.59448364e+02, 6.00749084e+02,
    5.63640320e+02, 6.76620483e+02, 5.67712708e+02, 7.49451782e+02,
    5.72034302e+02, 8.19436279e+02, 5.76334290e+02, 8.86833618e+02,
    4.69599701e+02, 5.20770386e+02, 4.75590576e+02, 6.00351807e+02,
    4.81383881e+02, 6.76642334e+02, 4.87237396e+02, 7.50005798e+02,
    4.93090881e+02, 8.20580994e+02, 4.98725372e+02, 8.88669434e+02,
    3.82752777e+02, 5.19471130e+02, 3.90652557e+02, 5.99487000e+02,
    3.98195038e+02, 6.76442810e+02, 4.05719818e+02, 7.50234802e+02,
    4.13050232e+02, 8.21453064e+02, 4.20224548e+02, 8.90178162e+02,
    2.94539307e+02, 5.18450562e+02, 3.04237823e+02, 5.98816040e+02,
    3.13881378e+02, 6.76207642e+02, 3.23242432e+02, 7.50413269e+02,
    3.31983948e+02, 8.22257690e+02, 3.40646790e+02, 8.91413269e+02,
    2.06287674e+02, 5.16923706e+02, 2.17726898e+02, 5.97801453e+02,
    2.28828156e+02, 6.75757751e+02, 2.39241119e+02, 7.50649353e+02,
    2.50019012e+02, 8.22978088e+02, 2.59790405e+02, 8.92780945e+02,
    1.17088654e+02, 5.15607178e+02, 1.30427475e+02, 5.96998108e+02,
    1.43067947e+02, 6.75517639e+02, 1.55528351e+02, 7.50700500e+02,
    1.67171387e+02, 8.23565430e+02, 1.78936798e+02, 8.93836487e+02 ]
