%YAML:1.0
---
points: [ 5.27743713e+02, 4.23637878e+02, 5.68322388e+02, 3.82237396e+02,
    6.09924194e+02, 3.39650818e+02, 6.52515259e+02, 2.96086670e+02,
    6.96498657e+02, 2.50940720e+02, 7.41682983e+02, 2.04307068e+02,
    5.76802612e+02, 4.66710632e+02, 6.17332153e+02, 4.26721283e+02,
    6.58747131e+02, 3.85618652e+02, 7.01292175e+02, 3.43546204e+02,
    7.45136353e+02, 3.00056580e+02, 7.90199768e+02, 2.55183334e+02,
    6.24312378e+02, 5.08286743e+02, 6.64552429e+02, 4.69562347e+02,
    7.05847290e+02, 4.29987549e+02, 7.48179749e+02, 3.89352081e+02,
    7.91722717e+02, 3.47393707e+02, 8.36736389e+02, 3.04145355e+02,
    6.69895081e+02, 5.48104797e+02, 7.10072876e+02, 5.10698090e+02,
    7.51209167e+02, 4.72480194e+02, 7.93300781e+02, 4.33046387e+02,
    8.36741821e+02, 3.92485291e+02, 8.81671387e+02, 3.50723541e+02,
    7.13854797e+02, 5.86489441e+02, 7.53820557e+02, 5.50246826e+02,
    7.94746765e+02, 5.13183044e+02, 8.36653503e+02, 4.75123444e+02,
    8.80089844e+02, 4.35876465e+02, 9.24756531e+02, 3.95468292e+02,
    7.56123047e+02, 6.23438843e+02, 7.95883118e+02, 5.88332947e+02,
    8.36691101e+02, 5.52324646e+02, 8.78567444e+02, 5.15566345e+02,
    9.21752441e+02, 4.77563354e+02, 9.66292786e+02, 4.38428711e+02,
    7.96785583e+02, 6.59501099e+02, 8.36436096e+02, 6.25545532e+02,
    8.77278503e+02, 5.90754578e+02, 9.18989380e+02, 5.55134155e+02,
    9.61987732e+02, 5.18455627e+02, 1.00635486e+03, 4.80522186e+02,
    8.36130188e+02, 6.95048462e+02, 8.75752136e+02, 6.62527710e+02,
    9.16429443e+02, 6.28878906e+02, 9.58179016e+02, 5.94540405e+02,
    1.00105847e+03, 5.58855347e+02, 1.04535974e+03, 5.21968689e+02 ]
