%YAML:1.0
---
points: [ 2.57806122e+02, 8.54986496e+01, 2.77579041e+02, 9.85418091e+01,
    2.96620972e+02, 1.11257584e+02, 3.15134033e+02, 1.23415230e+02,
    3.33223083e+02, 1.35331970e+02, 3.51025238e+02, 1.46867584e+02,
    2.45571274e+02, 1.06121773e+02, 2.65096649e+02, 1.18582527e+02,
    2.83916992e+02, 1.30621445e+02, 3.02147583e+02, 1.42338242e+02,
    3.19962311e+02, 1.53714111e+02, 3.37578766e+02, 1.64856186e+02,
    2.33977844e+02, 1.25661858e+02, 2.53174286e+02, 1.37589539e+02,
    2.71652649e+02, 1.49191925e+02, 2.89750549e+02, 1.60388123e+02,
    3.07418945e+02, 1.71460571e+02, 3.24729126e+02, 1.82099731e+02,
    2.22830185e+02, 1.44305740e+02, 2.41656815e+02, 1.55766479e+02,
    2.59988647e+02, 1.66888550e+02, 2.77797852e+02, 1.77667435e+02,
    2.95252045e+02, 1.88183121e+02, 3.12287018e+02, 1.98472763e+02,
    2.12097305e+02, 1.62170486e+02, 2.30746765e+02, 1.73117477e+02,
    2.48789566e+02, 1.83841400e+02, 2.66375427e+02, 1.94193100e+02,
    2.83626953e+02, 2.04304199e+02, 3.00467590e+02, 2.14187042e+02,
    2.01835342e+02, 1.79287292e+02, 2.20188950e+02, 1.89791107e+02,
    2.38059891e+02, 2.00012924e+02, 2.55429367e+02, 2.09919144e+02,
    2.72454041e+02, 2.19784180e+02, 2.89128937e+02, 2.29327042e+02,
    1.91892990e+02, 1.95728241e+02, 2.10064835e+02, 2.05851120e+02,
    2.27781555e+02, 2.15822525e+02, 2.44915451e+02, 2.25393661e+02,
    2.61736481e+02, 2.34836716e+02, 2.78228363e+02, 2.44095047e+02,
    1.82206070e+02, 2.11801880e+02, 2.00154251e+02, 2.21657913e+02,
    2.17663742e+02, 2.31260895e+02, 2.34598175e+02, 2.40596085e+02,
    2.51311020e+02, 2.49791000e+02, 2.67645966e+02, 2.58593140e+02 ]
