%YAML:1.0
---
points: [ 8.92740417e+02, 2.62160706e+02, 9.31587341e+02, 2.97993439e+02,
    9.68341980e+02, 3.31649841e+02, 1.00296826e+03, 3.63464325e+02,
    1.03574744e+03, 3.93678223e+02, 1.06712390e+03, 4.22360474e+02,
    8.56739807e+02, 3.06525604e+02, 8.96557373e+02, 3.40918610e+02,
    9.34068970e+02, 3.73374908e+02, 9.69450867e+02, 4.03886780e+02,
    1.00309467e+03, 4.32731506e+02, 1.03507629e+03, 4.60350647e+02,
    8.20911377e+02, 3.50610687e+02, 8.61603638e+02, 3.83512177e+02,
    8.99948059e+02, 4.14520996e+02, 9.36206055e+02, 4.43851318e+02,
    9.70636414e+02, 4.71766296e+02, 1.00340222e+03, 4.98273102e+02,
    7.85436523e+02, 3.93996307e+02, 8.26881531e+02, 4.25579956e+02,
    8.66166504e+02, 4.55341858e+02, 9.03006348e+02, 4.83447784e+02,
    9.38183105e+02, 5.10095673e+02, 9.71490051e+02, 5.35492065e+02,
    7.50249634e+02, 4.36862305e+02, 7.92586975e+02, 4.67168854e+02,
    8.32374146e+02, 4.95707672e+02, 8.70208313e+02, 5.22643433e+02,
    9.05839050e+02, 5.48241394e+02, 9.39975769e+02, 5.72455750e+02,
    7.15484436e+02, 4.79453949e+02, 7.58588318e+02, 5.08274536e+02,
    7.99321655e+02, 5.35575684e+02, 8.37522766e+02, 5.61320312e+02,
    8.74119263e+02, 5.85707947e+02, 9.08643616e+02, 6.08929565e+02,
    6.81181580e+02, 5.21669067e+02, 7.25204102e+02, 5.49355469e+02,
    7.66516174e+02, 5.75457397e+02, 8.05649719e+02, 6.00102478e+02,
    8.42758789e+02, 6.23511475e+02, 8.78233398e+02, 6.45807800e+02,
    6.46993164e+02, 5.64228333e+02, 6.91850037e+02, 5.90675598e+02,
    7.34324402e+02, 6.15810547e+02, 7.74184143e+02, 6.39445007e+02,
    8.12148987e+02, 6.61900269e+02, 8.47878052e+02, 6.82974854e+02 ]
