%YAML:1.0
---
points: [ 1.97485840e+02, 1.24297455e+02, 2.12517960e+02, 1.31904968e+02,
    2.27635529e+02, 1.39562363e+02, 2.42803711e+02, 1.47335815e+02,
    2.58246674e+02, 1.55118118e+02, 2.73831299e+02, 1.62963257e+02,
    1.93116409e+02, 1.39663116e+02, 2.07804565e+02, 1.47121460e+02,
    2.22504715e+02, 1.54672241e+02, 2.37338531e+02, 1.62277756e+02,
    2.52322510e+02, 1.69936752e+02, 2.67554321e+02, 1.77739090e+02,
    1.89022217e+02, 1.54200867e+02, 2.03307358e+02, 1.61633835e+02,
    2.17615692e+02, 1.69055328e+02, 2.32014313e+02, 1.76525192e+02,
    2.46737823e+02, 1.84170517e+02, 2.61445679e+02, 1.91868835e+02,
    1.85124771e+02, 1.68095795e+02, 1.99047806e+02, 1.75406616e+02,
    2.13025314e+02, 1.82800232e+02, 2.27098831e+02, 1.90145096e+02,
    2.41346375e+02, 1.97618958e+02, 2.55835648e+02, 2.05222290e+02,
    1.81448517e+02, 1.81299820e+02, 1.94992508e+02, 1.88537201e+02,
    2.08655319e+02, 1.95769531e+02, 2.22353363e+02, 2.03111801e+02,
    2.36278473e+02, 2.10530136e+02, 2.50427124e+02, 2.18072937e+02,
    1.77828384e+02, 1.94016373e+02, 1.91146606e+02, 2.01122253e+02,
    2.04436386e+02, 2.08262207e+02, 2.17827713e+02, 2.15453964e+02,
    2.31513641e+02, 2.22825424e+02, 2.45167160e+02, 2.30166458e+02,
    1.73294418e+02, 2.04843628e+02, 1.87253235e+02, 2.13210068e+02,
    2.00277573e+02, 2.20354568e+02, 2.13394913e+02, 2.27520096e+02,
    2.26651947e+02, 2.34706360e+02, 2.40085861e+02, 2.42068954e+02,
    1.70747849e+02, 2.18089783e+02, 1.83321960e+02, 2.25021301e+02,
    1.96015198e+02, 2.32169617e+02, 2.08870697e+02, 2.39209946e+02,
    2.21818375e+02, 2.46398148e+02, 2.35043625e+02, 2.53655045e+02 ]
