%YAML:1.0
---
points: [ 6.94060669e+02, 3.06748322e+02, 7.36475647e+02, 3.28810089e+02,
    7.79239563e+02, 3.51309418e+02, 8.22134521e+02, 3.73599457e+02,
    8.65640259e+02, 3.96436829e+02, 9.09842651e+02, 4.19579926e+02,
    6.83337830e+02, 3.50488403e+02, 7.24539978e+02, 3.72368958e+02,
    7.66193848e+02, 3.94399902e+02, 8.07968140e+02, 4.16514526e+02,
    8.50618774e+02, 4.38997864e+02, 8.93535217e+02, 4.61913879e+02,
    6.73101318e+02, 3.92345215e+02, 7.13342102e+02, 4.13735016e+02,
    7.53857666e+02, 4.35629547e+02, 7.94570984e+02, 4.57558289e+02,
    8.35813049e+02, 4.79838654e+02, 8.77828186e+02, 5.02474854e+02,
    6.63532532e+02, 4.32103668e+02, 7.02640320e+02, 4.53322266e+02,
    7.42231812e+02, 4.74914398e+02, 7.81864624e+02, 4.96605865e+02,
    8.22428345e+02, 5.18575378e+02, 8.63315002e+02, 5.40889038e+02,
    6.54314575e+02, 4.70136078e+02, 6.92592163e+02, 4.91105988e+02,
    7.31200195e+02, 5.12447632e+02, 7.69935669e+02, 5.33845825e+02,
    8.09268127e+02, 5.55529541e+02, 8.49391357e+02, 5.77501221e+02,
    6.45388123e+02, 5.06383820e+02, 6.82831299e+02, 5.27197144e+02,
    7.20490723e+02, 5.48329712e+02, 7.58460144e+02, 5.69459595e+02,
    7.97123779e+02, 5.90788025e+02, 8.36052979e+02, 6.12504700e+02,
    6.36592224e+02, 5.41495605e+02, 6.73250488e+02, 5.62042908e+02,
    7.10004639e+02, 5.82930969e+02, 7.47124084e+02, 6.03783508e+02,
    7.84601868e+02, 6.25122559e+02, 8.22777954e+02, 6.46578857e+02,
    6.27581909e+02, 5.75429626e+02, 6.63184937e+02, 5.96089111e+02,
    6.99170898e+02, 6.16712891e+02, 7.35299194e+02, 6.37541321e+02,
    7.72169373e+02, 6.58612732e+02, 8.09466370e+02, 6.79767334e+02 ]
