%YAML:1.0
---
cameraMatrix: !!opencv-matrix
   rows: 3
   cols: 3
   dt: d
   data: [ 3.6808789183335637e+02, 0., 2.5783487272567749e+02, 0.,
       3.6828309927962687e+02, 2.0600765127203252e+02, 0., 0., 1. ]
distortionCoefficients: !!opencv-matrix
   rows: 1
   cols: 5
   dt: d
   data: [ 9.7849154411314060e-02, -2.7872179743354070e-01,
       9.6554132695407004e-04, 2.0397852918460697e-05,
       1.0219417210921693e-01 ]
rotation: !!opencv-matrix
   rows: 3
   cols: 3
   dt: d
   data: [ 1., 0., 0., 0., 1., 0., 0., 0., 1. ]
projection: !!opencv-matrix
   rows: 4
   cols: 4
   dt: d
   data: [ 3.6808789183335637e+02, 0., 2.5783487272567749e+02, 0., 0.,
       3.6828309927962687e+02, 2.0600765127203252e+02, 0., 0., 0., 1.,
       0., 0., 0., 0., 1. ]
