%YAML:1.0
---
rotation: !!opencv-matrix
   rows: 3
   cols: 3
   dt: d
   data: [ 9.9992760140484094e-01, -1.0238173705190338e-02,
       -6.3223214046740674e-03, 1.0207198102051234e-02,
       9.9993583871735359e-01, -4.9123879659735675e-03,
       6.3722096377263390e-03, 4.8474991289436404e-03,
       9.9996794783459320e-01 ]
translation: !!opencv-matrix
   rows: 3
   cols: 1
   dt: d
   data: [ -4.6640881258468679e-02, 2.4398263551460807e-04,
       3.0361336901248439e-03 ]
essential: !!opencv-matrix
   rows: 3
   cols: 3
   dt: d
   data: [ -2.9435709537952059e-05, -3.0347561822798648e-03,
       2.5888948194527437e-04, 3.3331193513782276e-03,
       1.9500716716191200e-04, 4.6620190904211337e-02,
       -7.2003768617399206e-04, -4.6635390783099924e-02,
       2.3066064045538644e-04 ]
fundamental: !!opencv-matrix
   rows: 3
   cols: 3
   dt: d
   data: [ -3.2659537786651744e-08, -3.3653409685217780e-06,
       8.0743754307369261e-04, 3.7018156330001221e-06,
       2.1646328050869462e-07, 1.8059484100714625e-02,
       -2.8502108167172209e-03, -5.2021439723789253e-02, 1. ]
