%YAML:1.0
---
depthShift: -1.4028634034404513e+01
