%YAML:1.0
---
points: [ 2.92903168e+02, 1.54331390e+02, 2.93241638e+02, 1.70729416e+02,
    2.93592560e+02, 1.87245987e+02, 2.94034119e+02, 2.04062576e+02,
    2.94410431e+02, 2.21043839e+02, 2.94819275e+02, 2.38513916e+02,
    2.76055695e+02, 1.54864090e+02, 2.76301086e+02, 1.71151794e+02,
    2.76527527e+02, 1.87531021e+02, 2.76831635e+02, 2.04287079e+02,
    2.77041901e+02, 2.21319626e+02, 2.77318024e+02, 2.38614685e+02,
    2.59332489e+02, 1.55299255e+02, 2.59454376e+02, 1.71513046e+02,
    2.59566498e+02, 1.87982071e+02, 2.59667206e+02, 2.04525253e+02,
    2.59876099e+02, 2.21567581e+02, 2.59605774e+02, 2.38525375e+02,
    2.42837341e+02, 1.55922897e+02, 2.42860870e+02, 1.72067627e+02,
    2.42829239e+02, 1.88335556e+02, 2.42792053e+02, 2.04898666e+02,
    2.42714798e+02, 2.21839066e+02, 2.42756134e+02, 2.38981369e+02,
    2.26403259e+02, 1.56387650e+02, 2.26310181e+02, 1.72397781e+02,
    2.26202698e+02, 1.88753784e+02, 2.26046295e+02, 2.05234497e+02,
    2.25813202e+02, 2.22119858e+02, 2.25552551e+02, 2.39153168e+02,
    2.10184326e+02, 1.56908798e+02, 2.09942459e+02, 1.72903168e+02,
    2.09591507e+02, 1.89194092e+02, 2.09330505e+02, 2.05583817e+02,
    2.09069107e+02, 2.22366455e+02, 2.08665588e+02, 2.39468399e+02,
    1.94038193e+02, 1.57247665e+02, 1.93479019e+02, 1.73273193e+02,
    1.93171524e+02, 1.89488678e+02, 1.92713760e+02, 2.05831390e+02,
    1.92227203e+02, 2.22625381e+02, 1.91663589e+02, 2.39669662e+02,
    1.77553146e+02, 1.57554337e+02, 1.77116409e+02, 1.73462311e+02,
    1.76475571e+02, 1.89684967e+02, 1.75858795e+02, 2.06078110e+02,
    1.75248657e+02, 2.22781189e+02, 1.74589737e+02, 2.39854599e+02 ]
