%YAML:1.0
---
points: [ 9.70237244e+02, 3.95377563e+02, 9.70132446e+02, 4.42326355e+02,
    9.69936951e+02, 4.90007477e+02, 9.69770142e+02, 5.38352783e+02,
    9.69673706e+02, 5.87515381e+02, 9.69560974e+02, 6.37668945e+02,
    9.22211731e+02, 3.96273529e+02, 9.21662842e+02, 4.43117554e+02,
    9.21160706e+02, 4.90500946e+02, 9.20498108e+02, 5.38662537e+02,
    9.19917847e+02, 5.87683594e+02, 9.19340637e+02, 6.37702515e+02,
    8.74351807e+02, 3.97071075e+02, 8.73506958e+02, 4.43808228e+02,
    8.72400940e+02, 4.91091217e+02, 8.71434021e+02, 5.39044495e+02,
    8.70452454e+02, 5.87790466e+02, 8.69515015e+02, 6.37768005e+02,
    8.27059082e+02, 3.98278870e+02, 8.25670959e+02, 4.44724426e+02,
    8.24338501e+02, 4.91832642e+02, 8.23020569e+02, 5.39561157e+02,
    8.21624146e+02, 5.88276794e+02, 8.20274597e+02, 6.37938171e+02,
    7.80089966e+02, 3.99289185e+02, 7.78465576e+02, 4.45568939e+02,
    7.76608276e+02, 4.92537964e+02, 7.75033508e+02, 5.40166199e+02,
    7.73286133e+02, 5.88573730e+02, 7.71287781e+02, 6.38080200e+02,
    7.33502441e+02, 4.00351044e+02, 7.31510132e+02, 4.46398346e+02,
    7.29432190e+02, 4.93331604e+02, 7.27408508e+02, 5.40690796e+02,
    7.25126038e+02, 5.88968323e+02, 7.22756836e+02, 6.38315979e+02,
    6.86876892e+02, 4.01272308e+02, 6.84879150e+02, 4.47127380e+02,
    6.82236206e+02, 4.93728302e+02, 6.79728760e+02, 5.40939514e+02,
    6.76693359e+02, 5.89237671e+02, 6.74046387e+02, 6.38420898e+02,
    6.40251526e+02, 4.01722473e+02, 6.37561768e+02, 4.47372650e+02,
    6.34455139e+02, 4.93925934e+02, 6.31470215e+02, 5.41032654e+02,
    6.28103760e+02, 5.89197205e+02, 6.24821045e+02, 6.38453003e+02 ]
