%YAML:1.0
---
points: [ 2.35414486e+01, 1.07775513e+02, 3.65339165e+01, 1.06994308e+02,
    5.00223312e+01, 1.06174873e+02, 6.40154648e+01, 1.05532555e+02,
    7.85753708e+01, 1.04829788e+02, 9.33561859e+01, 1.04425476e+02,
    2.38271389e+01, 1.23592026e+02, 3.68318825e+01, 1.22775581e+02,
    5.05757523e+01, 1.22191826e+02, 6.45119934e+01, 1.21599831e+02,
    7.88779984e+01, 1.21169350e+02, 9.36770401e+01, 1.20563599e+02,
    2.38683109e+01, 1.38779495e+02, 3.69422913e+01, 1.38564224e+02,
    5.06667175e+01, 1.37808380e+02, 6.45934143e+01, 1.37625748e+02,
    7.88919907e+01, 1.37105515e+02, 9.36515121e+01, 1.36744598e+02,
    2.35445232e+01, 1.54541473e+02, 3.67479362e+01, 1.53733536e+02,
    5.03424873e+01, 1.53663589e+02, 6.43279190e+01, 1.53465042e+02,
    7.87995529e+01, 1.53007706e+02, 9.36444321e+01, 1.52721024e+02,
    2.30277538e+01, 1.69635498e+02, 3.63248177e+01, 1.69726257e+02,
    4.99355888e+01, 1.69338318e+02, 6.40248184e+01, 1.69152374e+02,
    7.86030350e+01, 1.69018280e+02, 9.34456253e+01, 1.68964050e+02,
    2.27721577e+01, 1.85367401e+02, 3.60964279e+01, 1.85148483e+02,
    4.98558693e+01, 1.85209976e+02, 6.38993492e+01, 1.85104675e+02,
    7.84936142e+01, 1.85133728e+02, 9.32925949e+01, 1.85042679e+02,
    2.30852337e+01, 2.00651352e+02, 3.63559418e+01, 2.00800674e+02,
    5.00021553e+01, 2.00784714e+02, 6.40492401e+01, 2.00955276e+02,
    7.86626511e+01, 2.01034958e+02, 9.34285583e+01, 2.01348236e+02,
    2.36648083e+01, 2.16320694e+02, 3.67524910e+01, 2.16481491e+02,
    5.05731544e+01, 2.16774948e+02, 6.45069580e+01, 2.16873322e+02,
    7.90117569e+01, 2.17139069e+02, 9.37504654e+01, 2.17303085e+02 ]
