%YAML:1.0
---
points: [ 1.88534149e+02, 2.48809021e+02, 2.29085510e+02, 2.47810883e+02,
    2.70599182e+02, 2.46984772e+02, 3.12686371e+02, 2.46302185e+02,
    3.55383575e+02, 2.45586014e+02, 3.98699280e+02, 2.45195206e+02,
    1.90828171e+02, 2.94969116e+02, 2.31486664e+02, 2.94393982e+02,
    2.72833435e+02, 2.93761627e+02, 3.14550964e+02, 2.93409790e+02,
    3.56778381e+02, 2.92775269e+02, 3.99768433e+02, 2.92330414e+02,
    1.91619614e+02, 3.40530609e+02, 2.32485733e+02, 3.40176270e+02,
    2.73560547e+02, 3.39872192e+02, 3.15134064e+02, 3.39603729e+02,
    3.57280518e+02, 3.39429413e+02, 3.99959839e+02, 3.39146759e+02,
    1.90841812e+02, 3.85745667e+02, 2.31456970e+02, 3.85685760e+02,
    2.72625397e+02, 3.85690979e+02, 3.14361755e+02, 3.85679230e+02,
    3.56575500e+02, 3.85621368e+02, 3.99461823e+02, 3.85619110e+02,
    1.89730255e+02, 4.30848663e+02, 2.30467072e+02, 4.31042206e+02,
    2.71599243e+02, 4.31362732e+02, 3.13375610e+02, 4.31520050e+02,
    3.55638855e+02, 4.31894562e+02, 3.98625397e+02, 4.32162384e+02,
    1.88971710e+02, 4.76272949e+02, 2.29522415e+02, 4.76684753e+02,
    2.70855865e+02, 4.77149200e+02, 3.12723572e+02, 4.77617401e+02,
    3.55070618e+02, 4.78121887e+02, 3.97833160e+02, 4.78625366e+02,
    1.89723373e+02, 5.21501404e+02, 2.30239777e+02, 5.22320068e+02,
    2.71259644e+02, 5.22926270e+02, 3.12835052e+02, 5.23701111e+02,
    3.55067627e+02, 5.24412109e+02, 3.97858063e+02, 5.25238159e+02,
    1.91003876e+02, 5.66418274e+02, 2.31415604e+02, 5.67431396e+02,
    2.72242035e+02, 5.68468689e+02, 3.13676392e+02, 5.69556213e+02,
    3.55786316e+02, 5.70493774e+02, 3.98458282e+02, 5.71427856e+02 ]
