%YAML:1.0
---
points: [ 5.17060364e+02, 2.57311523e+02, 5.60820435e+02, 2.55912766e+02,
    6.05375732e+02, 2.54860687e+02, 6.49975464e+02, 2.53698044e+02,
    6.94900818e+02, 2.52229462e+02, 7.39643860e+02, 2.50734650e+02,
    5.18334290e+02, 3.03013428e+02, 5.62329773e+02, 3.01961029e+02,
    6.06571838e+02, 3.00818420e+02, 6.50866943e+02, 2.99477386e+02,
    6.95540405e+02, 2.98276672e+02, 7.40234680e+02, 2.96802032e+02,
    5.19038696e+02, 3.48409424e+02, 5.63154419e+02, 3.47199615e+02,
    6.07171082e+02, 3.46006866e+02, 6.51397034e+02, 3.45033386e+02,
    6.95907166e+02, 3.43821472e+02, 7.40626526e+02, 3.42585327e+02,
    5.19117004e+02, 3.93182892e+02, 5.63226807e+02, 3.92372986e+02,
    6.07247375e+02, 3.91353821e+02, 6.51519470e+02, 3.90365265e+02,
    6.96269470e+02, 3.89229553e+02, 7.41026123e+02, 3.88225372e+02,
    5.19077209e+02, 4.38465149e+02, 5.63236816e+02, 4.37603882e+02,
    6.07366821e+02, 4.36654022e+02, 6.51677734e+02, 4.35721039e+02,
    6.96443542e+02, 4.34803894e+02, 7.41392578e+02, 4.33962341e+02,
    5.19266846e+02, 4.83627808e+02, 5.63415649e+02, 4.82770721e+02,
    6.07614502e+02, 4.82172241e+02, 6.52109619e+02, 4.81526855e+02,
    6.96770447e+02, 4.80754486e+02, 7.41777710e+02, 4.80038483e+02,
    5.20467590e+02, 5.28892456e+02, 5.64457092e+02, 5.28431946e+02,
    6.08376587e+02, 5.27795959e+02, 6.52857178e+02, 5.27252930e+02,
    6.97410706e+02, 5.26579529e+02, 7.42521667e+02, 5.25953186e+02,
    5.21589661e+02, 5.74197021e+02, 5.65441467e+02, 5.73649414e+02,
    6.09565979e+02, 5.73174133e+02, 6.53815979e+02, 5.72659302e+02,
    6.98393799e+02, 5.72293640e+02, 7.43306824e+02, 5.71705994e+02 ]
