%YAML:1.0
---
points: [ 1.32932739e+02, 1.07787262e+02, 1.48238068e+02, 1.07197235e+02,
    1.63689224e+02, 1.06540665e+02, 1.79310791e+02, 1.06112511e+02,
    1.94930893e+02, 1.05377998e+02, 2.10646393e+02, 1.04751045e+02,
    1.33485229e+02, 1.23739601e+02, 1.48850632e+02, 1.23114159e+02,
    1.64256683e+02, 1.22533066e+02, 1.79743042e+02, 1.22057838e+02,
    1.95380676e+02, 1.21383720e+02, 2.11039001e+02, 1.20807060e+02,
    1.33955475e+02, 1.39366638e+02, 1.49254349e+02, 1.38943909e+02,
    1.64600571e+02, 1.38322266e+02, 1.80106873e+02, 1.37843338e+02,
    1.95638885e+02, 1.37283401e+02, 2.11335052e+02, 1.36682983e+02,
    1.34235550e+02, 1.55194565e+02, 1.49365540e+02, 1.54571869e+02,
    1.64895737e+02, 1.54156494e+02, 1.80326950e+02, 1.53604034e+02,
    1.96088577e+02, 1.53210419e+02, 2.11654877e+02, 1.52599243e+02,
    1.34305954e+02, 1.70689209e+02, 1.49621887e+02, 1.70307739e+02,
    1.65186966e+02, 1.69896622e+02, 1.80610550e+02, 1.69439224e+02,
    1.96296524e+02, 1.69035950e+02, 2.12082397e+02, 1.68525650e+02,
    1.34581116e+02, 1.86534821e+02, 1.49973068e+02, 1.86057419e+02,
    1.65418777e+02, 1.85651550e+02, 1.81010864e+02, 1.85291870e+02,
    1.96580383e+02, 1.84937866e+02, 2.12321564e+02, 1.84490829e+02,
    1.35246155e+02, 2.02134079e+02, 1.50386063e+02, 2.01835815e+02,
    1.65849609e+02, 2.01518158e+02, 1.81372086e+02, 2.01206802e+02,
    1.97033035e+02, 2.00818817e+02, 2.12713379e+02, 2.00459549e+02,
    1.35538269e+02, 2.17834869e+02, 1.51002350e+02, 2.17518295e+02,
    1.66352402e+02, 2.17283203e+02, 1.81862930e+02, 2.17048767e+02,
    1.97417511e+02, 2.16705627e+02, 2.13195847e+02, 2.16381531e+02 ]
