%YAML:1.0
---
points: [ 7.33984253e+02, 2.33432312e+02, 7.88119385e+02, 2.31398224e+02,
    8.42701477e+02, 2.29289505e+02, 8.97540894e+02, 2.27320374e+02,
    9.53143860e+02, 2.24943817e+02, 1.00925500e+03, 2.22791733e+02,
    7.40584473e+02, 2.89548981e+02, 7.93744507e+02, 2.87828217e+02,
    8.47400879e+02, 2.86180878e+02, 9.01260925e+02, 2.84322937e+02,
    9.55499878e+02, 2.82442291e+02, 1.01074274e+03, 2.80580841e+02,
    7.46748901e+02, 3.43893127e+02, 7.98782898e+02, 3.42337677e+02,
    8.51444885e+02, 3.40689911e+02, 9.04261108e+02, 3.39301239e+02,
    9.57894958e+02, 3.37660645e+02, 1.01210675e+03, 3.35982178e+02,
    7.52057800e+02, 3.96603607e+02, 8.03321899e+02, 3.95296509e+02,
    8.54971985e+02, 3.93959839e+02, 9.07225220e+02, 3.92592712e+02,
    9.60015137e+02, 3.91327759e+02, 1.01330078e+03, 3.90008118e+02,
    7.56992065e+02, 4.47772736e+02, 8.07518921e+02, 4.46655090e+02,
    8.58571777e+02, 4.45595123e+02, 9.10100098e+02, 4.44732666e+02,
    9.62069214e+02, 4.43587189e+02, 1.01465540e+03, 4.42480988e+02,
    7.61886841e+02, 4.97561829e+02, 8.11770813e+02, 4.96812714e+02,
    8.62110901e+02, 4.95961426e+02, 9.12813965e+02, 4.95076965e+02,
    9.64203796e+02, 4.94138000e+02, 1.01603857e+03, 4.93331848e+02,
    7.67147461e+02, 5.45302490e+02, 8.16414673e+02, 5.44717957e+02,
    8.65622742e+02, 5.44385803e+02, 9.15760376e+02, 5.43823303e+02,
    9.66178223e+02, 5.43237061e+02, 1.01736237e+03, 5.42619385e+02,
    7.72356934e+02, 5.91487427e+02, 8.20779419e+02, 5.91230286e+02,
    8.69549744e+02, 5.90907288e+02, 9.18522949e+02, 5.90554382e+02,
    9.68395996e+02, 5.90270813e+02, 1.01848468e+03, 5.89862488e+02 ]
