%YAML:1.0
---
points: [ 2.14701385e+02, 9.85410538e+01, 2.33675446e+02, 9.77817154e+01,
    2.52985214e+02, 9.70231628e+01, 2.71414093e+02, 9.64726715e+01,
    2.91520721e+02, 9.52010117e+01, 3.11426453e+02, 9.36846390e+01,
    2.16481384e+02, 1.18222588e+02, 2.35023605e+02, 1.17360634e+02,
    2.53823288e+02, 1.16758209e+02, 2.72888885e+02, 1.15931557e+02,
    2.91942810e+02, 1.14887581e+02, 3.11450378e+02, 1.14088600e+02,
    2.18160446e+02, 1.37189209e+02, 2.36463333e+02, 1.36459122e+02,
    2.54919067e+02, 1.35762283e+02, 2.73482117e+02, 1.34985764e+02,
    2.92247681e+02, 1.34237579e+02, 3.11460022e+02, 1.33363007e+02,
    2.19730560e+02, 1.55500351e+02, 2.37747192e+02, 1.54923676e+02,
    2.55778397e+02, 1.54307632e+02, 2.74147003e+02, 1.53633118e+02,
    2.92640961e+02, 1.52949661e+02, 3.11425018e+02, 1.52281754e+02,
    2.21171234e+02, 1.73270905e+02, 2.38900955e+02, 1.72750946e+02,
    2.56767487e+02, 1.72242020e+02, 2.74730530e+02, 1.71713654e+02,
    2.92969330e+02, 1.71200409e+02, 3.11463959e+02, 1.70550995e+02,
    2.22559082e+02, 1.90533615e+02, 2.40028366e+02, 1.90165695e+02,
    2.57640198e+02, 1.89647598e+02, 2.75358734e+02, 1.89229599e+02,
    2.93309631e+02, 1.88707077e+02, 3.11542206e+02, 1.88244293e+02,
    2.24044739e+02, 2.07100266e+02, 2.41217819e+02, 2.06748657e+02,
    2.58575409e+02, 2.06393921e+02, 2.76043579e+02, 2.06040588e+02,
    2.93697815e+02, 2.05719376e+02, 3.11562225e+02, 2.05315689e+02,
    2.25471924e+02, 2.23065140e+02, 2.42386520e+02, 2.22805542e+02,
    2.59425385e+02, 2.22563431e+02, 2.76666382e+02, 2.22317474e+02,
    2.94065460e+02, 2.22060547e+02, 3.11678070e+02, 2.21805359e+02 ]
