%YAML:1.0
---
points: [ 2.15254639e+02, 9.91749115e+01, 2.34620972e+02, 9.84474792e+01,
    2.54198212e+02, 9.76334686e+01, 2.73580536e+02, 9.65365295e+01,
    2.93473785e+02, 9.57041702e+01, 3.13624146e+02, 9.45589523e+01,
    2.17163116e+02, 1.19145309e+02, 2.35973694e+02, 1.18293533e+02,
    2.55083466e+02, 1.17670570e+02, 2.74319427e+02, 1.16764336e+02,
    2.93798218e+02, 1.15793365e+02, 3.13497559e+02, 1.15108620e+02,
    2.18846695e+02, 1.38152817e+02, 2.37438812e+02, 1.37599060e+02,
    2.56129333e+02, 1.36903625e+02, 2.74935425e+02, 1.36157608e+02,
    2.94024048e+02, 1.35390778e+02, 3.13307983e+02, 1.34641449e+02,
    2.20414566e+02, 1.56654541e+02, 2.38741135e+02, 1.56142517e+02,
    2.57047455e+02, 1.55539688e+02, 2.75619537e+02, 1.54953308e+02,
    2.94268921e+02, 1.54244186e+02, 3.13259888e+02, 1.53558533e+02,
    2.21899445e+02, 1.74470657e+02, 2.39888611e+02, 1.74033722e+02,
    2.57914307e+02, 1.73476440e+02, 2.76145325e+02, 1.73043869e+02,
    2.94551483e+02, 1.72481339e+02, 3.13161438e+02, 1.71911133e+02,
    2.23346954e+02, 1.91771851e+02, 2.40990753e+02, 1.91376495e+02,
    2.58811279e+02, 1.90940399e+02, 2.76660553e+02, 1.90509293e+02,
    2.94789215e+02, 1.90013031e+02, 3.13147278e+02, 1.89618607e+02,
    2.24849289e+02, 2.08296066e+02, 2.42207214e+02, 2.07971771e+02,
    2.59667114e+02, 2.07588760e+02, 2.77232849e+02, 2.07290375e+02,
    2.95047150e+02, 2.06957108e+02, 3.13103668e+02, 2.06572693e+02,
    2.26322281e+02, 2.24164886e+02, 2.43394653e+02, 2.23916428e+02,
    2.60510376e+02, 2.23672440e+02, 2.77864563e+02, 2.23380875e+02,
    2.95286407e+02, 2.23108810e+02, 3.13051758e+02, 2.22885757e+02 ]
