%YAML:1.0
---
points: [ 7.33767944e+02, 2.35184204e+02, 7.88958740e+02, 2.33470322e+02,
    8.44480957e+02, 2.31408615e+02, 9.00457092e+02, 2.29409561e+02,
    9.56828552e+02, 2.27450439e+02, 1.01380377e+03, 2.25183517e+02,
    7.40741394e+02, 2.92136719e+02, 7.94952515e+02, 2.90567505e+02,
    8.49222168e+02, 2.88796356e+02, 9.03853271e+02, 2.87152313e+02,
    9.59249207e+02, 2.85539581e+02, 1.01512848e+03, 2.83592133e+02,
    7.47281067e+02, 3.46750824e+02, 8.00330200e+02, 3.45435089e+02,
    8.53538635e+02, 3.44049866e+02, 9.07118225e+02, 3.42655701e+02,
    9.61401306e+02, 3.41052216e+02, 1.01644550e+03, 3.39643066e+02,
    7.52890564e+02, 3.99888550e+02, 8.04949280e+02, 3.98654297e+02,
    8.57384827e+02, 3.97634521e+02, 9.10248169e+02, 3.96366119e+02,
    9.63684265e+02, 3.95015869e+02, 1.01757349e+03, 3.93730743e+02,
    7.58159546e+02, 4.51447601e+02, 8.09343811e+02, 4.50378021e+02,
    8.60885925e+02, 4.49530334e+02, 9.12948242e+02, 4.48583252e+02,
    9.65578735e+02, 4.47442596e+02, 1.01862408e+03, 4.46366089e+02,
    7.63411377e+02, 5.01235565e+02, 8.13590271e+02, 5.00539520e+02,
    8.64689697e+02, 4.99655457e+02, 9.15845520e+02, 4.98702515e+02,
    9.67636475e+02, 4.98037292e+02, 1.01979047e+03, 4.97324432e+02,
    7.68865540e+02, 5.48848877e+02, 8.18375305e+02, 5.48388123e+02,
    8.68450928e+02, 5.47951050e+02, 9.18613159e+02, 5.47389587e+02,
    9.69601318e+02, 5.46681885e+02, 1.02107886e+03, 5.46164795e+02,
    7.74294434e+02, 5.94601318e+02, 8.22956238e+02, 5.94386780e+02,
    8.72010986e+02, 5.94041809e+02, 9.21632141e+02, 5.93679321e+02,
    9.71502197e+02, 5.93407959e+02, 1.02210779e+03, 5.93027344e+02 ]
