%YAML:1.0
---
points: [ 8.95287537e+02, 2.32947662e+02, 9.52408081e+02, 2.30891617e+02,
    1.01014252e+03, 2.28870911e+02, 1.06830713e+03, 2.26762421e+02,
    1.12713806e+03, 2.24528458e+02, 1.18659888e+03, 2.22339752e+02,
    8.98957092e+02, 2.91066101e+02, 9.54950928e+02, 2.89337708e+02,
    1.01148169e+03, 2.87590485e+02, 1.06836096e+03, 2.85894470e+02,
    1.12587231e+03, 2.84047119e+02, 1.18425012e+03, 2.82249939e+02,
    9.02468506e+02, 3.46478363e+02, 9.57535095e+02, 3.45255859e+02,
    1.01273322e+03, 3.43927032e+02, 1.06853247e+03, 3.42503876e+02,
    1.12474109e+03, 3.40857666e+02, 1.18189343e+03, 3.39513489e+02,
    9.05852356e+02, 4.00612396e+02, 9.59624329e+02, 3.99430847e+02,
    1.01396240e+03, 3.98283783e+02, 1.06868420e+03, 3.97226532e+02,
    1.12399670e+03, 3.95974335e+02, 1.18012683e+03, 3.94755371e+02,
    9.08646729e+02, 4.52775116e+02, 9.61711731e+02, 4.51842438e+02,
    1.01513794e+03, 4.50983002e+02, 1.06893738e+03, 4.50147461e+02,
    1.12322192e+03, 4.49336090e+02, 1.17828992e+03, 4.48345520e+02,
    9.11762634e+02, 5.03201691e+02, 9.63812622e+02, 5.02556824e+02,
    1.01640790e+03, 5.01969116e+02, 1.06919531e+03, 5.01290283e+02,
    1.12250806e+03, 5.00538910e+02, 1.17644885e+03, 4.99722168e+02,
    9.14659729e+02, 5.51297791e+02, 9.65903564e+02, 5.50871765e+02,
    1.01746490e+03, 5.50540649e+02, 1.06940417e+03, 5.50182556e+02,
    1.12171338e+03, 5.49618347e+02, 1.17471021e+03, 5.49226135e+02,
    9.17785522e+02, 5.97525513e+02, 9.68131470e+02, 5.97315857e+02,
    1.01856555e+03, 5.97115723e+02, 1.06951160e+03, 5.96791199e+02,
    1.12096130e+03, 5.96579285e+02, 1.17297180e+03, 5.96344604e+02 ]
