%YAML:1.0
---
points: [ 2.72409637e+02, 9.79314651e+01, 2.92423492e+02, 9.68292160e+01,
    3.12854095e+02, 9.58870392e+01, 3.33243073e+02, 9.48726578e+01,
    3.54024811e+02, 9.38392639e+01, 3.75003326e+02, 9.30184708e+01,
    2.73025635e+02, 1.18095428e+02, 2.92738861e+02, 1.17268074e+02,
    3.12639191e+02, 1.16431137e+02, 3.32596466e+02, 1.15532585e+02,
    3.52958832e+02, 1.14675201e+02, 3.73493713e+02, 1.13808945e+02,
    2.73707825e+02, 1.37526794e+02, 2.92977966e+02, 1.36744781e+02,
    3.12411713e+02, 1.36149750e+02, 3.32067596e+02, 1.35308975e+02,
    3.52038116e+02, 1.34574936e+02, 3.72196350e+02, 1.33872940e+02,
    2.74278839e+02, 1.56340485e+02, 2.93205200e+02, 1.55808929e+02,
    3.12308411e+02, 1.55111160e+02, 3.31559540e+02, 1.54482513e+02,
    3.51148224e+02, 1.53826050e+02, 3.71021484e+02, 1.53134430e+02,
    2.74896698e+02, 1.74522766e+02, 2.93468842e+02, 1.74033432e+02,
    3.12202850e+02, 1.73529648e+02, 3.31157074e+02, 1.72989182e+02,
    3.50354340e+02, 1.72437943e+02, 3.69850647e+02, 1.71869614e+02,
    2.75422272e+02, 1.92023315e+02, 2.93678497e+02, 1.91604416e+02,
    3.12149170e+02, 1.91158188e+02, 3.30722595e+02, 1.90748352e+02,
    3.49652588e+02, 1.90302780e+02, 3.68753998e+02, 1.89843521e+02,
    2.76076447e+02, 2.08682098e+02, 2.93999695e+02, 2.08339218e+02,
    3.12038177e+02, 2.08097443e+02, 3.30337128e+02, 2.07800980e+02,
    3.48829071e+02, 2.07457382e+02, 3.67643097e+02, 2.07113480e+02,
    2.76648743e+02, 2.24636887e+02, 2.94252075e+02, 2.24429611e+02,
    3.12012512e+02, 2.24291321e+02, 3.29864532e+02, 2.24084167e+02,
    3.47996490e+02, 2.23830872e+02, 3.66448608e+02, 2.23591965e+02 ]
