%YAML:1.0
---
points: [ 1.04217920e+03, 2.42207123e+02, 1.08992517e+03, 2.39887650e+02,
    1.13810986e+03, 2.37684586e+02, 1.18642554e+03, 2.35331696e+02,
    1.23546375e+03, 2.33023575e+02, 1.28500793e+03, 2.30356277e+02,
    1.04323718e+03, 2.90434418e+02, 1.09068555e+03, 2.88250763e+02,
    1.13862354e+03, 2.86265228e+02, 1.18684119e+03, 2.83949615e+02,
    1.23584460e+03, 2.81770264e+02, 1.28537805e+03, 2.79287323e+02,
    1.04420508e+03, 3.37859741e+02, 1.09158606e+03, 3.35790405e+02,
    1.13942517e+03, 3.33961853e+02, 1.18759888e+03, 3.31940521e+02,
    1.23659827e+03, 3.29634277e+02, 1.28625635e+03, 3.27573853e+02,
    1.04520032e+03, 3.84605591e+02, 1.09263318e+03, 3.82752228e+02,
    1.14052393e+03, 3.81198456e+02, 1.18876733e+03, 3.79394196e+02,
    1.23756287e+03, 3.77466492e+02, 1.28705176e+03, 3.75559021e+02,
    1.04607080e+03, 4.31465546e+02, 1.09367175e+03, 4.29903442e+02,
    1.14161768e+03, 4.28524109e+02, 1.18977954e+03, 4.26919464e+02,
    1.23864087e+03, 4.25223724e+02, 1.28830481e+03, 4.23604156e+02,
    1.04724377e+03, 4.78455658e+02, 1.09479041e+03, 4.77218048e+02,
    1.14269214e+03, 4.75892242e+02, 1.19090430e+03, 4.74575836e+02,
    1.23969775e+03, 4.73135284e+02, 1.28943726e+03, 4.71624237e+02,
    1.04826965e+03, 5.25541748e+02, 1.09571606e+03, 5.24507812e+02,
    1.14368457e+03, 5.23524353e+02, 1.19178882e+03, 5.22344727e+02,
    1.24078259e+03, 5.21173157e+02, 1.29041443e+03, 5.19919678e+02,
    1.04932019e+03, 5.72576965e+02, 1.09671667e+03, 5.71653625e+02,
    1.14457739e+03, 5.70817322e+02, 1.19272241e+03, 5.69915100e+02,
    1.24165698e+03, 5.69068787e+02, 1.29113782e+03, 5.67959473e+02 ]
