%YAML:1.0
---
points: [ 3.16864349e+02, 1.00466751e+02, 3.33687897e+02, 9.94433289e+01,
    3.50553497e+02, 9.85029449e+01, 3.67492340e+02, 9.75253143e+01,
    3.84688019e+02, 9.66683197e+01, 4.02309845e+02, 9.65325241e+01,
    3.17275757e+02, 1.17298355e+02, 3.34023651e+02, 1.16359558e+02,
    3.50920532e+02, 1.15401817e+02, 3.67778687e+02, 1.14573128e+02,
    3.85047150e+02, 1.13527878e+02, 4.02254211e+02, 1.12754189e+02,
    3.17649658e+02, 1.33930557e+02, 3.34316589e+02, 1.33070282e+02,
    3.51304443e+02, 1.32134720e+02, 3.68211212e+02, 1.31180603e+02,
    3.85457916e+02, 1.30341644e+02, 4.02825958e+02, 1.29416733e+02,
    3.18173645e+02, 1.50248642e+02, 3.34845703e+02, 1.49409042e+02,
    3.51766449e+02, 1.48615509e+02, 3.68733032e+02, 1.47850159e+02,
    3.86075745e+02, 1.46939606e+02, 4.03405212e+02, 1.46158661e+02,
    3.18573029e+02, 1.66565506e+02, 3.35364960e+02, 1.65867905e+02,
    3.52274384e+02, 1.65158157e+02, 3.69347412e+02, 1.64380417e+02,
    3.86585663e+02, 1.63688354e+02, 4.04106598e+02, 1.62914719e+02,
    3.19227295e+02, 1.82851044e+02, 3.35873077e+02, 1.82322678e+02,
    3.52890503e+02, 1.81668777e+02, 3.69969269e+02, 1.80990631e+02,
    3.87165070e+02, 1.80350357e+02, 4.04515259e+02, 1.79764679e+02,
    3.19652557e+02, 1.99456696e+02, 3.36344543e+02, 1.98753754e+02,
    3.53254700e+02, 1.98270157e+02, 3.70387207e+02, 1.97664841e+02,
    3.87549713e+02, 1.97231674e+02, 4.05143158e+02, 1.96537460e+02,
    3.20111725e+02, 2.15706238e+02, 3.36861786e+02, 2.15280701e+02,
    3.53725952e+02, 2.14804291e+02, 3.70775970e+02, 2.14362976e+02,
    3.88062805e+02, 2.13918350e+02, 4.05529785e+02, 2.13368454e+02 ]
