%YAML:1.0
---
points: [ 3.50665833e+02, 9.91924438e+01, 3.67664734e+02, 9.83112946e+01,
    3.84793854e+02, 9.77125854e+01, 4.02418762e+02, 9.75561066e+01,
    4.19088135e+02, 9.65377121e+01, 4.36313568e+02, 9.58140793e+01,
    3.50878632e+02, 1.15944138e+02, 3.67823883e+02, 1.15263733e+02,
    3.85120422e+02, 1.14478271e+02, 4.02282318e+02, 1.13875008e+02,
    4.19585541e+02, 1.13146812e+02, 4.36820923e+02, 1.12724045e+02,
    3.51219025e+02, 1.32495712e+02, 3.68184052e+02, 1.31764114e+02,
    3.85462524e+02, 1.31166565e+02, 4.02712830e+02, 1.30478073e+02,
    4.20110321e+02, 1.29905594e+02, 4.37389282e+02, 1.29331558e+02,
    3.51471710e+02, 1.48983597e+02, 3.68606598e+02, 1.48439896e+02,
    3.86063293e+02, 1.47724594e+02, 4.03318970e+02, 1.47186417e+02,
    4.20667938e+02, 1.46557022e+02, 4.38185211e+02, 1.46050461e+02,
    3.51890778e+02, 1.65477371e+02, 3.69137604e+02, 1.64969086e+02,
    3.86411163e+02, 1.64450958e+02, 4.03904449e+02, 1.63895691e+02,
    4.21301880e+02, 1.63502487e+02, 4.38934967e+02, 1.62836975e+02,
    3.52346130e+02, 1.82056473e+02, 3.69582611e+02, 1.81658798e+02,
    3.87004181e+02, 1.81170029e+02, 4.04349274e+02, 1.80728134e+02,
    4.21884857e+02, 1.80267105e+02, 4.39462280e+02, 1.79898300e+02,
    3.52698090e+02, 1.98751526e+02, 3.69907959e+02, 1.98364014e+02,
    3.87367493e+02, 1.98014816e+02, 4.04870087e+02, 1.97576996e+02,
    4.22342621e+02, 1.97379974e+02, 4.39999237e+02, 1.96790115e+02,
    3.53029724e+02, 2.15348145e+02, 3.70300446e+02, 2.15172348e+02,
    3.87725189e+02, 2.14852112e+02, 4.05316803e+02, 2.14634277e+02,
    4.22740082e+02, 2.14291519e+02, 4.40574982e+02, 2.14008438e+02 ]
