%YAML:1.0
---
points: [ 1.13838257e+03, 2.39557953e+02, 1.18682068e+03, 2.37706650e+02,
    1.23580249e+03, 2.35763901e+02, 1.28514148e+03, 2.34119278e+02,
    1.33496387e+03, 2.32263565e+02, 1.38552576e+03, 2.30294220e+02,
    1.13853662e+03, 2.87487244e+02, 1.18696411e+03, 2.86019043e+02,
    1.23600769e+03, 2.84293457e+02, 1.28519275e+03, 2.82583466e+02,
    1.33525427e+03, 2.80875641e+02, 1.38582971e+03, 2.79047119e+02,
    1.13885168e+03, 3.34979462e+02, 1.18740051e+03, 3.33730255e+02,
    1.23634851e+03, 3.32268158e+02, 1.28561340e+03, 3.30617188e+02,
    1.33580042e+03, 3.29120056e+02, 1.38645825e+03, 3.27523865e+02,
    1.13946619e+03, 3.82232605e+02, 1.18802808e+03, 3.81128143e+02,
    1.23716467e+03, 3.79778900e+02, 1.28639893e+03, 3.78406586e+02,
    1.33665332e+03, 3.77129028e+02, 1.38730676e+03, 3.75700287e+02,
    1.14002502e+03, 4.29535278e+02, 1.18868323e+03, 4.28586945e+02,
    1.23775037e+03, 4.27515686e+02, 1.28735266e+03, 4.26437439e+02,
    1.33760815e+03, 4.25314697e+02, 1.38852820e+03, 4.24261475e+02,
    1.14067078e+03, 4.76943237e+02, 1.18951575e+03, 4.76341431e+02,
    1.23854785e+03, 4.75519165e+02, 1.28821240e+03, 4.74694183e+02,
    1.33846753e+03, 4.73823700e+02, 1.38958374e+03, 4.72834137e+02,
    1.14127966e+03, 5.24695679e+02, 1.19002722e+03, 5.24253174e+02,
    1.23918140e+03, 5.23691406e+02, 1.28893982e+03, 5.23196045e+02,
    1.33925806e+03, 5.22580933e+02, 1.39049634e+03, 5.22021667e+02,
    1.14177222e+03, 5.72568665e+02, 1.19059167e+03, 5.72326355e+02,
    1.23975574e+03, 5.71874023e+02, 1.28961792e+03, 5.71574280e+02,
    1.33994019e+03, 5.71319031e+02, 1.39110291e+03, 5.70917847e+02 ]
