%YAML:1.0
---
points: [ 1.22769092e+03, 2.36559433e+02, 1.27735303e+03, 2.34626190e+02,
    1.32738306e+03, 2.32798431e+02, 1.37765125e+03, 2.30841965e+02,
    1.42862659e+03, 2.28957901e+02, 1.48014917e+03, 2.27124680e+02,
    1.22779993e+03, 2.85090973e+02, 1.27740674e+03, 2.83294739e+02,
    1.32746704e+03, 2.81630005e+02, 1.37794666e+03, 2.79849091e+02,
    1.42907947e+03, 2.77904144e+02, 1.48080310e+03, 2.76153473e+02,
    1.22824768e+03, 3.32874664e+02, 1.27789661e+03, 3.31262695e+02,
    1.32809961e+03, 3.29656677e+02, 1.37874622e+03, 3.28159729e+02,
    1.42985474e+03, 3.26447113e+02, 1.48184412e+03, 3.24737732e+02,
    1.22915210e+03, 3.80365662e+02, 1.27889758e+03, 3.78969360e+02,
    1.32919189e+03, 3.77619385e+02, 1.38003955e+03, 3.76368347e+02,
    1.43141064e+03, 3.74917786e+02, 1.48345264e+03, 3.73426453e+02,
    1.22990881e+03, 4.28056305e+02, 1.27990955e+03, 4.27010193e+02,
    1.33035779e+03, 4.25743561e+02, 1.38128076e+03, 4.24702667e+02,
    1.43280054e+03, 4.23614929e+02, 1.48514844e+03, 4.22629303e+02,
    1.23108276e+03, 4.75976929e+02, 1.28107910e+03, 4.75270233e+02,
    1.33165662e+03, 4.74397797e+02, 1.38261072e+03, 4.73521118e+02,
    1.43435266e+03, 4.72662140e+02, 1.48665344e+03, 4.71708496e+02,
    1.23173914e+03, 5.24391296e+02, 1.28170251e+03, 5.23836670e+02,
    1.33255359e+03, 5.23402161e+02, 1.38375989e+03, 5.22808655e+02,
    1.43565320e+03, 5.22321838e+02, 1.48818152e+03, 5.21727966e+02,
    1.23247656e+03, 5.72802856e+02, 1.28254712e+03, 5.72533875e+02,
    1.33340796e+03, 5.72350098e+02, 1.38467944e+03, 5.72080200e+02,
    1.43667505e+03, 5.71761597e+02, 1.48938025e+03, 5.71469055e+02 ]
