%YAML:1.0
---
points: [ 3.82147858e+02, 9.79041748e+01, 4.00551727e+02, 9.76880798e+01,
    4.16626648e+02, 9.66973419e+01, 4.33782593e+02, 9.60689392e+01,
    4.50750244e+02, 9.57404480e+01, 4.67692657e+02, 9.54608231e+01,
    3.82350616e+02, 1.14643501e+02, 3.99682312e+02, 1.14060959e+02,
    4.17038300e+02, 1.13421837e+02, 4.34200439e+02, 1.12895386e+02,
    4.51513855e+02, 1.12383522e+02, 4.68584137e+02, 1.12159157e+02,
    3.82692688e+02, 1.31416016e+02, 4.00155762e+02, 1.30678970e+02,
    4.17579681e+02, 1.30199371e+02, 4.34930511e+02, 1.29590622e+02,
    4.52323578e+02, 1.29123184e+02, 4.69499664e+02, 1.28579544e+02,
    3.83287201e+02, 1.47913559e+02, 4.00838318e+02, 1.47343246e+02,
    4.18313873e+02, 1.46722290e+02, 4.35824432e+02, 1.46259399e+02,
    4.53188934e+02, 1.45679749e+02, 4.70597015e+02, 1.45560593e+02,
    3.83815430e+02, 1.64666641e+02, 4.01480164e+02, 1.64054245e+02,
    4.19107513e+02, 1.63672241e+02, 4.36666443e+02, 1.63098450e+02,
    4.54143951e+02, 1.62726456e+02, 4.71563904e+02, 1.62191940e+02,
    3.84443787e+02, 1.81288483e+02, 4.02169220e+02, 1.80894241e+02,
    4.19768158e+02, 1.80484985e+02, 4.37366943e+02, 1.80118652e+02,
    4.55019501e+02, 1.79638641e+02, 4.72559479e+02, 1.79447998e+02,
    3.84872772e+02, 1.98371994e+02, 4.02599579e+02, 1.97850723e+02,
    4.20350952e+02, 1.97617981e+02, 4.38036560e+02, 1.97154312e+02,
    4.55694946e+02, 1.96873734e+02, 4.73240448e+02, 1.96468933e+02,
    3.85274475e+02, 2.15106033e+02, 4.03122192e+02, 2.14867874e+02,
    4.20786072e+02, 2.14637314e+02, 4.38668182e+02, 2.14482666e+02,
    4.56202972e+02, 2.14009567e+02, 4.73845642e+02, 2.13868134e+02 ]
