%YAML:1.0
---
points: [ 4.02493317e+02, 9.73342972e+01, 4.19920471e+02, 9.65538788e+01,
    4.37030762e+02, 9.61579132e+01, 4.54058167e+02, 9.56442261e+01,
    4.70779694e+02, 9.55759735e+01, 4.87393707e+02, 9.54003677e+01,
    4.02841644e+02, 1.13942764e+02, 4.20299255e+02, 1.13512901e+02,
    4.37543396e+02, 1.12739182e+02, 4.54762726e+02, 1.12589706e+02,
    4.71774658e+02, 1.12050430e+02, 4.88506714e+02, 1.11954773e+02,
    4.03318542e+02, 1.30790100e+02, 4.20824188e+02, 1.30184479e+02,
    4.38329987e+02, 1.29689896e+02, 4.55622650e+02, 1.28991318e+02,
    4.72795929e+02, 1.28810486e+02, 4.89717377e+02, 1.28432465e+02,
    4.04079681e+02, 1.47341721e+02, 4.21683472e+02, 1.46795425e+02,
    4.39244659e+02, 1.46190399e+02, 4.56716522e+02, 1.45790039e+02,
    4.73951477e+02, 1.45473206e+02, 4.90938110e+02, 1.45203156e+02,
    4.04808258e+02, 1.64159241e+02, 4.22531097e+02, 1.63595245e+02,
    4.40198578e+02, 1.63165421e+02, 4.57744507e+02, 1.62639557e+02,
    4.75144897e+02, 1.62495178e+02, 4.92204315e+02, 1.61842194e+02,
    4.05473633e+02, 1.80884949e+02, 4.23358643e+02, 1.80620728e+02,
    4.41102112e+02, 1.80043259e+02, 4.58670380e+02, 1.79758942e+02,
    4.76152954e+02, 1.79410355e+02, 4.93387512e+02, 1.79186707e+02,
    4.06091003e+02, 1.98003479e+02, 4.23885437e+02, 1.97624313e+02,
    4.41727295e+02, 1.97349472e+02, 4.59433472e+02, 1.96840057e+02,
    4.76917114e+02, 1.96732040e+02, 4.94240417e+02, 1.96339737e+02,
    4.06496887e+02, 2.15036972e+02, 4.24400360e+02, 2.14835739e+02,
    4.42326050e+02, 2.14624390e+02, 4.60072968e+02, 2.14323914e+02,
    4.77535187e+02, 2.13848312e+02, 4.94943512e+02, 2.13704971e+02 ]
