%YAML:1.0
---
points: [ 1.28652869e+03, 2.34690231e+02, 1.33713062e+03, 2.32719559e+02,
    1.38764258e+03, 2.30664322e+02, 1.43864917e+03, 2.28864868e+02,
    1.49034216e+03, 2.27077240e+02, 1.54236194e+03, 2.25052017e+02,
    1.28668091e+03, 2.83233856e+02, 1.33718787e+03, 2.81584778e+02,
    1.38786621e+03, 2.79901398e+02, 1.43902625e+03, 2.78016144e+02,
    1.49084070e+03, 2.76193146e+02, 1.54332141e+03, 2.74367828e+02,
    1.28723840e+03, 3.31369293e+02, 1.33770923e+03, 3.29784119e+02,
    1.38876685e+03, 3.28321960e+02, 1.44002783e+03, 3.26588837e+02,
    1.49205188e+03, 3.24805695e+02, 1.54459106e+03, 3.23290710e+02,
    1.28839648e+03, 3.79051117e+02, 1.33890527e+03, 3.77645752e+02,
    1.39025110e+03, 3.76387878e+02, 1.44169409e+03, 3.75044189e+02,
    1.49385632e+03, 3.73565643e+02, 1.54663013e+03, 3.72232697e+02,
    1.28969312e+03, 4.27105103e+02, 1.34031702e+03, 4.25904541e+02,
    1.39171606e+03, 4.24708496e+02, 1.44342188e+03, 4.23712219e+02,
    1.49577209e+03, 4.22682556e+02, 1.54869275e+03, 4.21581879e+02,
    1.29074377e+03, 4.75386963e+02, 1.34182703e+03, 4.74548615e+02,
    1.39332751e+03, 4.73702545e+02, 1.44508813e+03, 4.72822021e+02,
    1.49762122e+03, 4.72062073e+02, 1.55067859e+03, 4.71332947e+02,
    1.29155713e+03, 5.24254395e+02, 1.34269238e+03, 5.23686035e+02,
    1.39449182e+03, 5.23190002e+02, 1.44652332e+03, 5.22641418e+02,
    1.49936938e+03, 5.22164734e+02, 1.55254077e+03, 5.21521912e+02,
    1.29239038e+03, 5.73064880e+02, 1.34362915e+03, 5.72830872e+02,
    1.39552673e+03, 5.72569519e+02, 1.44773022e+03, 5.72411621e+02,
    1.50049866e+03, 5.72118042e+02, 1.55386694e+03, 5.71773926e+02 ]
