%YAML:1.0
---
points: [ 2.03488579e+01, 2.31869766e+02, 2.16740685e+01, 2.14756027e+02,
    2.29460888e+01, 1.98242050e+02, 2.44746189e+01, 1.81492020e+02,
    2.59597378e+01, 1.64982788e+02, 2.75367756e+01, 1.48551102e+02,
    3.68398514e+01, 2.32756592e+02, 3.81060486e+01, 2.15897629e+02,
    3.95132675e+01, 1.99004013e+02, 4.08488159e+01, 1.82583847e+02,
    4.23349609e+01, 1.65823868e+02, 4.38866348e+01, 1.49492920e+02,
    5.37123260e+01, 2.33780930e+02, 5.50537796e+01, 2.16808105e+02,
    5.63755074e+01, 2.00112534e+02, 5.77657204e+01, 1.83532730e+02,
    5.91245461e+01, 1.66868805e+02, 6.05348511e+01, 1.50355347e+02,
    7.09508743e+01, 2.34624771e+02, 7.22835464e+01, 2.17806839e+02,
    7.35251236e+01, 2.01001495e+02, 7.48563538e+01, 1.84564880e+02,
    7.62426071e+01, 1.67882248e+02, 7.75723724e+01, 1.51528458e+02,
    8.81461792e+01, 2.35596008e+02, 8.94797058e+01, 2.18786301e+02,
    9.07972946e+01, 2.02176102e+02, 9.20319138e+01, 1.85610794e+02,
    9.32853851e+01, 1.69103012e+02, 9.45678253e+01, 1.52622940e+02,
    1.05337021e+02, 2.36349380e+02, 1.06624420e+02, 2.19733307e+02,
    1.07862892e+02, 2.03094437e+02, 1.09126328e+02, 1.86618622e+02,
    1.10371193e+02, 1.70144318e+02, 1.11480385e+02, 1.53784363e+02,
    1.22430641e+02, 2.37208954e+02, 1.23645462e+02, 2.20619217e+02,
    1.24892387e+02, 2.04043320e+02, 1.26017570e+02, 1.87636597e+02,
    1.27110260e+02, 1.71209839e+02, 1.28218613e+02, 1.54822510e+02,
    1.39379684e+02, 2.38055725e+02, 1.40532196e+02, 2.21527023e+02,
    1.41690399e+02, 2.05008820e+02, 1.42759964e+02, 1.88622604e+02,
    1.43832077e+02, 1.72229477e+02, 1.44902069e+02, 1.55913727e+02 ]
