%YAML:1.0
---
points: [ 1.72244293e+02, 6.11979187e+02, 1.77394730e+02, 5.62675537e+02,
    1.82427933e+02, 5.13873230e+02, 1.87343933e+02, 4.65500854e+02,
    1.92512589e+02, 4.17185547e+02, 1.97505951e+02, 3.69186432e+02,
    2.23651138e+02, 6.14890015e+02, 2.28757812e+02, 5.65938538e+02,
    2.33571976e+02, 5.17430908e+02, 2.38491562e+02, 4.69036194e+02,
    2.43538071e+02, 4.20838379e+02, 2.48429214e+02, 3.72818176e+02,
    2.75531067e+02, 6.17989624e+02, 2.80339722e+02, 5.69365906e+02,
    2.85133911e+02, 5.20666016e+02, 2.89741669e+02, 4.72555634e+02,
    2.94363983e+02, 4.24595490e+02, 2.99041290e+02, 3.76741150e+02,
    3.27127991e+02, 6.20906006e+02, 3.31834930e+02, 5.72307556e+02,
    3.36428528e+02, 5.24265808e+02, 3.40879517e+02, 4.76381439e+02,
    3.45446320e+02, 4.28540924e+02, 3.49994446e+02, 3.80984924e+02,
    3.78311890e+02, 6.23742981e+02, 3.82824524e+02, 5.75507812e+02,
    3.87242584e+02, 5.27619690e+02, 3.91685211e+02, 4.80013031e+02,
    3.96206970e+02, 4.32495453e+02, 4.00436951e+02, 3.85127930e+02,
    4.28699493e+02, 6.26547791e+02, 4.33293732e+02, 5.78522217e+02,
    4.37599945e+02, 5.30708435e+02, 4.41878906e+02, 4.83429688e+02,
    4.45909454e+02, 4.36176422e+02, 4.49843384e+02, 3.88817047e+02,
    4.78366608e+02, 6.29409668e+02, 4.82576538e+02, 5.81535156e+02,
    4.86748840e+02, 5.34029480e+02, 4.90871429e+02, 4.86823090e+02,
    4.94697693e+02, 4.39690277e+02, 4.98433746e+02, 3.92467163e+02,
    5.27563538e+02, 6.32386902e+02, 5.31628723e+02, 5.84648926e+02,
    5.35439758e+02, 5.37396973e+02, 5.39295654e+02, 4.90162689e+02,
    5.42923645e+02, 4.43219482e+02, 5.46695984e+02, 3.96176453e+02 ]
