%YAML:1.0
---
points: [ 2.80766388e+02, 1.56303665e+02, 2.81375519e+02, 1.72195587e+02,
    2.82113495e+02, 1.88331238e+02, 2.82732605e+02, 2.04636902e+02,
    2.83361664e+02, 2.21192276e+02, 2.84167664e+02, 2.38087631e+02,
    2.64346222e+02, 1.56640106e+02, 2.65000488e+02, 1.72587204e+02,
    2.65510895e+02, 1.88741608e+02, 2.66128113e+02, 2.04983505e+02,
    2.66659973e+02, 2.21650452e+02, 2.67343567e+02, 2.38456833e+02,
    2.48148697e+02, 1.56980820e+02, 2.48553162e+02, 1.72980637e+02,
    2.49068909e+02, 1.89115906e+02, 2.49474625e+02, 2.05373657e+02,
    2.50015182e+02, 2.22052856e+02, 2.50446304e+02, 2.38935425e+02,
    2.31684830e+02, 1.57187546e+02, 2.32145264e+02, 1.73148117e+02,
    2.32423416e+02, 1.89361435e+02, 2.32844177e+02, 2.05715195e+02,
    2.33113815e+02, 2.22457138e+02, 2.33643051e+02, 2.39368347e+02,
    2.15218002e+02, 1.57223602e+02, 2.15478134e+02, 1.73330719e+02,
    2.15756836e+02, 1.89568176e+02, 2.16006668e+02, 2.06098236e+02,
    2.16238068e+02, 2.22808884e+02, 2.16347626e+02, 2.39820618e+02,
    1.98463974e+02, 1.57302933e+02, 1.98662186e+02, 1.73424225e+02,
    1.98833969e+02, 1.89865417e+02, 1.98950073e+02, 2.06350754e+02,
    1.99047577e+02, 2.23228790e+02, 1.99295700e+02, 2.40139969e+02,
    1.81703537e+02, 1.57504272e+02, 1.81679779e+02, 1.73745285e+02,
    1.81693512e+02, 1.90137894e+02, 1.81761185e+02, 2.06711884e+02,
    1.81715729e+02, 2.23646774e+02, 1.81607239e+02, 2.40811584e+02,
    1.64839630e+02, 1.57732285e+02, 1.64709396e+02, 1.74040817e+02,
    1.64538315e+02, 1.90423279e+02, 1.64414337e+02, 2.07169174e+02,
    1.64283630e+02, 2.24108582e+02, 1.64088547e+02, 2.41382324e+02 ]
