%YAML:1.0
---
points: [ 9.37826477e+02, 4.00631775e+02, 9.38677856e+02, 4.46301971e+02,
    9.39455444e+02, 4.92717316e+02, 9.40295776e+02, 5.39792480e+02,
    9.41278687e+02, 5.87609253e+02, 9.42096313e+02, 6.36093018e+02,
    8.90728088e+02, 4.01293335e+02, 8.91286133e+02, 4.46961884e+02,
    8.91677979e+02, 4.93487061e+02, 8.92258118e+02, 5.40541748e+02,
    8.92678589e+02, 5.88356567e+02, 8.93366943e+02, 6.37024963e+02,
    8.43567932e+02, 4.01713898e+02, 8.43719971e+02, 4.47586578e+02,
    8.43923340e+02, 4.94099365e+02, 8.44149963e+02, 5.41210449e+02,
    8.44394287e+02, 5.89098694e+02, 8.44484131e+02, 6.37871887e+02,
    7.96179810e+02, 4.01748413e+02, 7.96025513e+02, 4.47801849e+02,
    7.95818298e+02, 4.94425415e+02, 7.95732544e+02, 5.41657593e+02,
    7.95557190e+02, 5.89810730e+02, 7.95383484e+02, 6.38743347e+02,
    7.48214600e+02, 4.01619568e+02, 7.47747253e+02, 4.47862274e+02,
    7.47310486e+02, 4.94688049e+02, 7.46729370e+02, 5.42221191e+02,
    7.46130371e+02, 5.90589417e+02, 7.45537781e+02, 6.39583130e+02,
    6.99797424e+02, 4.01583588e+02, 6.98922607e+02, 4.47856842e+02,
    6.98088379e+02, 4.95075623e+02, 6.97211914e+02, 5.42737122e+02,
    6.96395020e+02, 5.91278931e+02, 6.95377319e+02, 6.40418762e+02,
    6.51112183e+02, 4.01716675e+02, 6.49900879e+02, 4.48331268e+02,
    6.48675781e+02, 4.95483887e+02, 6.47461609e+02, 5.43369751e+02,
    6.46088501e+02, 5.91915344e+02, 6.44546448e+02, 6.41448303e+02, 614.,
    410., 6.00700500e+02, 4.48690399e+02, 5.98991638e+02, 4.96041901e+02,
    5.97276489e+02, 5.44054443e+02, 5.95579651e+02, 5.92712830e+02,
    5.93616882e+02, 6.42598267e+02 ]
