%YAML:1.0
---
points: [ 3.58970428e+02, 1.55249573e+02, 3.59639221e+02, 1.71068695e+02,
    3.60121979e+02, 1.86796432e+02, 3.60760010e+02, 2.02596817e+02,
    3.61310730e+02, 2.18520355e+02, 3.61986053e+02, 2.34527954e+02,
    3.43284088e+02, 1.55542023e+02, 3.43761597e+02, 1.71337357e+02,
    3.44334015e+02, 1.87173553e+02, 3.44904175e+02, 2.02939728e+02,
    3.45541382e+02, 2.18908142e+02, 3.46282135e+02, 2.34989761e+02,
    3.27635712e+02, 1.55934265e+02, 3.28080658e+02, 1.71694214e+02,
    3.28673065e+02, 1.87478668e+02, 3.29211304e+02, 2.03299271e+02,
    3.29877228e+02, 2.19261063e+02, 3.30517914e+02, 2.35286621e+02,
    3.12067810e+02, 1.56083237e+02, 3.12534485e+02, 1.71961914e+02,
    3.13057922e+02, 1.87735519e+02, 3.13608398e+02, 2.03602219e+02,
    3.14182892e+02, 2.19652817e+02, 3.14789764e+02, 2.35730087e+02,
    2.96326202e+02, 1.56219879e+02, 2.96809174e+02, 1.72150345e+02,
    2.97352509e+02, 1.88053207e+02, 2.97862671e+02, 2.03963348e+02,
    2.98360718e+02, 2.20003342e+02, 2.98934052e+02, 2.36170334e+02,
    2.80516388e+02, 1.56343155e+02, 2.81100281e+02, 1.72305954e+02,
    2.81471039e+02, 1.88314117e+02, 2.82038330e+02, 2.04270950e+02,
    2.82495483e+02, 2.20358200e+02, 2.83044617e+02, 2.36563141e+02,
    2.64633759e+02, 1.56581314e+02, 2.65108276e+02, 1.72579895e+02,
    2.65498962e+02, 1.88533295e+02, 2.65977448e+02, 2.04637131e+02,
    2.66420990e+02, 2.20735138e+02, 2.67020294e+02, 2.37078705e+02,
    2.48626114e+02, 1.56856125e+02, 2.49113541e+02, 1.72838882e+02,
    2.49465698e+02, 1.88907837e+02, 2.49909561e+02, 2.04937408e+02,
    2.50351654e+02, 2.21316071e+02, 2.50851013e+02, 2.37351868e+02 ]
