%YAML:1.0
---
points: [ 1.16521423e+03, 4.00450043e+02, 1.16626709e+03, 4.45510620e+02,
    1.16737964e+03, 4.90828247e+02, 1.16851587e+03, 5.36102661e+02,
    1.16956384e+03, 5.81738281e+02, 1.17067700e+03, 6.27738403e+02,
    1.12023096e+03, 4.00813293e+02, 1.12127039e+03, 4.45898926e+02,
    1.12222729e+03, 4.91382782e+02, 1.12328101e+03, 5.36711975e+02,
    1.12430579e+03, 5.82415771e+02, 1.12550598e+03, 6.28455811e+02,
    1.07527222e+03, 4.01073303e+02, 1.07620044e+03, 4.46325378e+02,
    1.07722729e+03, 4.91774506e+02, 1.07829468e+03, 5.37311646e+02,
    1.07943726e+03, 5.82978333e+02, 1.08042468e+03, 6.29269470e+02,
    1.03027954e+03, 4.01124023e+02, 1.03136804e+03, 4.46370880e+02,
    1.03227576e+03, 4.92000641e+02, 1.03319373e+03, 5.37811829e+02,
    1.03406665e+03, 5.83702087e+02, 1.03502844e+03, 6.29993042e+02,
    9.85108093e+02, 4.00964844e+02, 9.85866455e+02, 4.46449219e+02,
    9.86609436e+02, 4.92296875e+02, 9.87437622e+02, 5.38311890e+02,
    9.88348999e+02, 5.84471252e+02, 9.89229614e+02, 6.30851501e+02,
    9.39298645e+02, 4.00902527e+02, 9.39971008e+02, 4.46577515e+02,
    9.40675232e+02, 4.92539398e+02, 9.41468201e+02, 5.38766113e+02,
    9.42287292e+02, 5.85236694e+02, 9.43075806e+02, 6.31798767e+02,
    8.93210449e+02, 4.01104553e+02, 8.93817993e+02, 4.46863770e+02,
    8.94450623e+02, 4.92932129e+02, 8.95015625e+02, 5.39313232e+02,
    8.95631714e+02, 5.85907227e+02, 8.96309448e+02, 6.32756897e+02,
    8.46925232e+02, 4.01370728e+02, 8.47487183e+02, 4.47297302e+02,
    8.47897339e+02, 4.93443298e+02, 8.48430969e+02, 5.39827759e+02,
    8.48846741e+02, 5.86545471e+02, 8.49416748e+02, 6.33610657e+02 ]
