%YAML:1.0
---
points: [ 1.32626465e+03, 3.99925659e+02, 1.32728540e+03, 4.44936310e+02,
    1.32821301e+03, 4.90062836e+02, 1.32909546e+03, 5.35061768e+02,
    1.33022852e+03, 5.80401611e+02, 1.33140027e+03, 6.25728882e+02,
    1.28102991e+03, 4.00506683e+02, 1.28180713e+03, 4.45458313e+02,
    1.28290356e+03, 4.90579773e+02, 1.28397083e+03, 5.35472961e+02,
    1.28501904e+03, 5.80817139e+02, 1.28625281e+03, 6.26330139e+02,
    1.23638123e+03, 4.00907928e+02, 1.23724609e+03, 4.45846466e+02,
    1.23824609e+03, 4.90944916e+02, 1.23920667e+03, 5.35921692e+02,
    1.24040332e+03, 5.81377747e+02, 1.24163672e+03, 6.26955261e+02,
    1.19193811e+03, 4.01186646e+02, 1.19278076e+03, 4.46124817e+02,
    1.19389661e+03, 4.91422882e+02, 1.19484314e+03, 5.36443542e+02,
    1.19583716e+03, 5.81818115e+02, 1.19694946e+03, 6.27694824e+02,
    1.14748010e+03, 4.01256256e+02, 1.14836755e+03, 4.46338196e+02,
    1.14931702e+03, 4.91623688e+02, 1.15012585e+03, 5.36929749e+02,
    1.15114368e+03, 5.82438049e+02, 1.15223218e+03, 6.28311340e+02,
    1.10259021e+03, 4.01349274e+02, 1.10347217e+03, 4.46484772e+02,
    1.10437317e+03, 4.91913605e+02, 1.10536853e+03, 5.37423035e+02,
    1.10619739e+03, 5.82985962e+02, 1.10712622e+03, 6.28879822e+02,
    1.05750720e+03, 4.01601410e+02, 1.05830566e+03, 4.46825226e+02,
    1.05917883e+03, 4.92350372e+02, 1.05987695e+03, 5.37872192e+02,
    1.06065710e+03, 5.83644043e+02, 1.06153015e+03, 6.29559021e+02,
    1.01207776e+03, 4.01950958e+02, 1.01272913e+03, 4.47291595e+02,
    1.01355878e+03, 4.92673004e+02, 1.01436798e+03, 5.38484131e+02,
    1.01520648e+03, 5.84322754e+02, 1.01599371e+03, 6.30234680e+02 ]
