%YAML:1.0
---
points: [ 4.15002136e+02, 1.54571884e+02, 4.15566956e+02, 1.70335419e+02,
    4.16082581e+02, 1.85901154e+02, 4.16620392e+02, 2.01747284e+02,
    4.17289215e+02, 2.17543274e+02, 4.17643890e+02, 2.33509674e+02,
    3.99348419e+02, 1.54885178e+02, 3.99865753e+02, 1.70527512e+02,
    4.00460205e+02, 1.86371429e+02, 4.00983795e+02, 2.01952499e+02,
    4.01409180e+02, 2.17900467e+02, 4.02059204e+02, 2.33692535e+02,
    3.83832947e+02, 1.55181519e+02, 3.84320007e+02, 1.70868958e+02,
    3.84822784e+02, 1.86584366e+02, 3.85466614e+02, 2.02332657e+02,
    3.86057007e+02, 2.18205536e+02, 3.86605774e+02, 2.34117294e+02,
    3.68289795e+02, 1.55482544e+02, 3.68949890e+02, 1.71142914e+02,
    3.69388214e+02, 1.86892990e+02, 3.69943420e+02, 2.02660904e+02,
    3.70481049e+02, 2.18536987e+02, 3.71017426e+02, 2.34440521e+02,
    3.52893188e+02, 1.55544250e+02, 3.53315887e+02, 1.71368973e+02,
    3.53865875e+02, 1.87152405e+02, 3.54333893e+02, 2.02992371e+02,
    3.54820251e+02, 2.18818756e+02, 3.55487732e+02, 2.34845200e+02,
    3.37250549e+02, 1.55863968e+02, 3.37751221e+02, 1.71598206e+02,
    3.38190125e+02, 1.87412811e+02, 3.38678619e+02, 2.03253998e+02,
    3.39111023e+02, 2.19216827e+02, 3.39721649e+02, 2.35147797e+02,
    3.21526398e+02, 1.56127426e+02, 3.21912506e+02, 1.72017319e+02,
    3.22392975e+02, 1.87744003e+02, 3.22841736e+02, 2.03620605e+02,
    3.23346802e+02, 2.19440781e+02, 3.23865540e+02, 2.35495132e+02,
    3.05733246e+02, 1.56441177e+02, 3.06148315e+02, 1.72244308e+02,
    3.06543335e+02, 1.88161606e+02, 3.07053345e+02, 2.03940323e+02,
    3.07476440e+02, 2.19899887e+02, 3.08029724e+02, 2.35865189e+02 ]
