%YAML:1.0
---
points: [ 4.45231506e+02, 1.54654892e+02, 4.45769592e+02, 1.70207092e+02,
    4.46311768e+02, 1.85704102e+02, 4.46784302e+02, 2.01382187e+02,
    4.47213013e+02, 2.16842529e+02, 4.47648010e+02, 2.32714722e+02,
    4.29970306e+02, 1.54883835e+02, 4.30529877e+02, 1.70498520e+02,
    4.31041534e+02, 1.85988266e+02, 4.31512054e+02, 2.01577133e+02,
    4.32007721e+02, 2.17323959e+02, 4.32545380e+02, 2.32862610e+02,
    4.14840179e+02, 1.55058624e+02, 4.15346710e+02, 1.70727509e+02,
    4.15819153e+02, 1.86300232e+02, 4.16361206e+02, 2.01922821e+02,
    4.16883301e+02, 2.17611404e+02, 4.17437897e+02, 2.33480957e+02,
    3.99704987e+02, 1.55309250e+02, 4.00231049e+02, 1.70788406e+02,
    4.00662933e+02, 1.86619308e+02, 4.01187714e+02, 2.02177536e+02,
    4.01582672e+02, 2.17980972e+02, 4.02196747e+02, 2.33757080e+02,
    3.84333679e+02, 1.55338196e+02, 3.84941315e+02, 1.71137054e+02,
    3.85376984e+02, 1.86799332e+02, 3.85935822e+02, 2.02484573e+02,
    3.86428192e+02, 2.18285187e+02, 3.86906738e+02, 2.34126099e+02,
    3.69031158e+02, 1.55629120e+02, 3.69485870e+02, 1.71277466e+02,
    3.69932770e+02, 1.87117569e+02, 3.70418396e+02, 2.02833099e+02,
    3.70951721e+02, 2.18615509e+02, 3.71395630e+02, 2.34430664e+02,
    3.53473236e+02, 1.55937668e+02, 3.53809753e+02, 1.71689423e+02,
    3.54316650e+02, 1.87399643e+02, 3.54825317e+02, 2.03170471e+02,
    3.55214294e+02, 2.18904938e+02, 3.55819031e+02, 2.34814713e+02,
    3.37805115e+02, 1.56162613e+02, 3.38267456e+02, 1.71952591e+02,
    3.38673645e+02, 1.87664902e+02, 3.39058929e+02, 2.03411133e+02,
    3.39598907e+02, 2.19322495e+02, 3.40028931e+02, 2.35078308e+02 ]
