%YAML:1.0
---
points: [ 1.41582495e+03, 4.00603271e+02, 1.41684473e+03, 4.45289703e+02,
    1.41751489e+03, 4.90071991e+02, 1.41823474e+03, 5.34624634e+02,
    1.41922729e+03, 5.79684326e+02, 1.42022717e+03, 6.24557861e+02,
    1.37102637e+03, 4.01114349e+02, 1.37174487e+03, 4.45650391e+02,
    1.37264758e+03, 4.90562988e+02, 1.37356836e+03, 5.35144409e+02,
    1.37455933e+03, 5.80141479e+02, 1.37555920e+03, 6.25047607e+02,
    1.32665784e+03, 4.01461243e+02, 1.32747339e+03, 4.46179932e+02,
    1.32840552e+03, 4.90910706e+02, 1.32923450e+03, 5.35554749e+02,
    1.33033679e+03, 5.80659912e+02, 1.33155298e+03, 6.25590271e+02,
    1.28270801e+03, 4.01594452e+02, 1.28358215e+03, 4.46326599e+02,
    1.28455005e+03, 4.91288940e+02, 1.28534961e+03, 5.35929321e+02,
    1.28627173e+03, 5.81184631e+02, 1.28728992e+03, 6.26291748e+02,
    1.23855579e+03, 4.01650238e+02, 1.23939990e+03, 4.46516418e+02,
    1.24034546e+03, 4.91582031e+02, 1.24120679e+03, 5.36415405e+02,
    1.24219958e+03, 5.81581909e+02, 1.24300952e+03, 6.27001343e+02,
    1.19449548e+03, 4.01748810e+02, 1.19536340e+03, 4.46678589e+02,
    1.19594666e+03, 4.91830109e+02, 1.19670337e+03, 5.36965759e+02,
    1.19760986e+03, 5.82196411e+02, 1.19856543e+03, 6.27688293e+02,
    1.14964111e+03, 4.02034058e+02, 1.15034351e+03, 4.47061462e+02,
    1.15133374e+03, 4.92220581e+02, 1.15216870e+03, 5.37403564e+02,
    1.15297192e+03, 5.82634155e+02, 1.15377722e+03, 6.28318970e+02,
    1.10499158e+03, 4.02385284e+02, 1.10567529e+03, 4.47428162e+02,
    1.10650342e+03, 4.92555054e+02, 1.10727686e+03, 5.37860474e+02,
    1.10790857e+03, 5.83265686e+02, 1.10870581e+03, 6.28800110e+02 ]
