%YAML:1.0
---
points: [ 4.61490631e+02, 1.55722031e+02, 4.62336487e+02, 1.70908188e+02,
    4.63029053e+02, 1.85870956e+02, 4.63791138e+02, 2.01213425e+02,
    4.64510101e+02, 2.16373276e+02, 4.65076324e+02, 2.31754807e+02,
    4.47371002e+02, 1.55900177e+02, 4.48085693e+02, 1.70904526e+02,
    4.48890747e+02, 1.86234207e+02, 4.49623932e+02, 2.01400986e+02,
    4.50335083e+02, 2.16766449e+02, 4.51088348e+02, 2.32082245e+02,
    4.33202515e+02, 1.55861145e+02, 4.33865143e+02, 1.71201462e+02,
    4.34674500e+02, 1.86477493e+02, 4.35499603e+02, 2.01738373e+02,
    4.36288666e+02, 2.17022278e+02, 4.36918304e+02, 2.32666428e+02,
    4.18893097e+02, 1.55989609e+02, 4.19635468e+02, 1.71166275e+02,
    4.20429535e+02, 1.86673660e+02, 4.21145477e+02, 2.01916260e+02,
    4.21813751e+02, 2.17512192e+02, 4.22570099e+02, 2.32923584e+02,
    4.04464966e+02, 1.55867950e+02, 4.05240936e+02, 1.71461456e+02,
    4.05906555e+02, 1.86652496e+02, 4.06625671e+02, 2.02265503e+02,
    4.07406494e+02, 2.17763290e+02, 4.08114777e+02, 2.33389908e+02,
    3.89919128e+02, 1.56086685e+02, 3.90544098e+02, 1.71503952e+02,
    3.91274872e+02, 1.86970642e+02, 3.91900513e+02, 2.02489578e+02,
    3.92547424e+02, 2.18114899e+02, 3.93306732e+02, 2.33819214e+02,
    3.74895355e+02, 1.56177551e+02, 3.75547882e+02, 1.71691696e+02,
    3.76151031e+02, 1.87237671e+02, 3.76852692e+02, 2.02771133e+02,
    3.77499268e+02, 2.18452225e+02, 3.78156006e+02, 2.34246979e+02,
    3.59731598e+02, 1.56349197e+02, 3.60325378e+02, 1.71858398e+02,
    3.60906769e+02, 1.87495575e+02, 3.61585205e+02, 2.03095444e+02,
    3.62144196e+02, 2.18885254e+02, 3.62952637e+02, 2.34659378e+02 ]
