%YAML:1.0
---
points: [ 1.46661841e+03, 4.03855621e+02, 1.46843567e+03, 4.47421722e+02,
    1.46968408e+03, 4.91064850e+02, 1.47110071e+03, 5.34587158e+02,
    1.47268738e+03, 5.78591187e+02, 1.47434229e+03, 6.22742676e+02,
    1.42418701e+03, 4.04109650e+02, 1.42567456e+03, 4.47704712e+02,
    1.42718445e+03, 4.91467987e+02, 1.42847827e+03, 5.35091003e+02,
    1.43020850e+03, 5.79218018e+02, 1.43194409e+03, 6.23433777e+02,
    1.38185107e+03, 4.04196716e+02, 1.38338538e+03, 4.47919556e+02,
    1.38483264e+03, 4.91718689e+02, 1.38633167e+03, 5.35467651e+02,
    1.38799731e+03, 5.79744690e+02, 1.38978088e+03, 6.24166565e+02,
    1.34010168e+03, 4.03965302e+02, 1.34156567e+03, 4.47926605e+02,
    1.34287842e+03, 4.91818909e+02, 1.34432825e+03, 5.35821716e+02,
    1.34578455e+03, 5.80332947e+02, 1.34755884e+03, 6.24753967e+02,
    1.29782092e+03, 4.03638458e+02, 1.29922058e+03, 4.47863678e+02,
    1.30061328e+03, 4.91992218e+02, 1.30187378e+03, 5.36266846e+02,
    1.30335034e+03, 5.80808167e+02, 1.30495325e+03, 6.25548523e+02,
    1.25526917e+03, 4.03513336e+02, 1.25656274e+03, 4.47832977e+02,
    1.25792224e+03, 4.92242981e+02, 1.25920874e+03, 5.36694519e+02,
    1.26045459e+03, 5.81419434e+02, 1.26188428e+03, 6.26371887e+02,
    1.21200671e+03, 4.03483246e+02, 1.21306067e+03, 4.47974579e+02,
    1.21443408e+03, 4.92437683e+02, 1.21581128e+03, 5.37154358e+02,
    1.21706201e+03, 5.81922424e+02, 1.21830310e+03, 6.27290344e+02,
    1.16849829e+03, 4.03477844e+02, 1.16955676e+03, 4.48158661e+02,
    1.17067798e+03, 4.92636932e+02, 1.17185413e+03, 5.37610474e+02,
    1.17319531e+03, 5.82548584e+02, 1.17448279e+03, 6.28030273e+02 ]
