%YAML:1.0
---
points: [ 5.95547546e+02, 3.30627960e+02, 6.23729065e+02, 2.93490356e+02,
    6.51769226e+02, 2.56491058e+02, 6.79559387e+02, 2.19729523e+02,
    7.07342407e+02, 1.82753677e+02, 7.35096252e+02, 1.46025681e+02,
    6.33617554e+02, 3.58606537e+02, 6.61740845e+02, 3.21544891e+02,
    6.89586060e+02, 2.84673096e+02, 7.17290222e+02, 2.47779312e+02,
    7.44908020e+02, 2.11145142e+02, 7.72543823e+02, 1.74213593e+02,
    6.71751343e+02, 3.86705017e+02, 6.99653992e+02, 3.49790924e+02,
    7.27440674e+02, 3.12840393e+02, 7.54915894e+02, 2.76156433e+02,
    7.82502991e+02, 2.39266479e+02, 8.09905151e+02, 2.02552780e+02,
    7.09649353e+02, 4.14811890e+02, 7.37436157e+02, 3.77843658e+02,
    7.64981262e+02, 3.41066772e+02, 7.92466187e+02, 3.04387848e+02,
    8.19859680e+02, 2.67676758e+02, 8.47231140e+02, 2.31038223e+02,
    7.47247803e+02, 4.42608551e+02, 7.74834900e+02, 4.05768738e+02,
    8.02368225e+02, 3.69015411e+02, 8.29595093e+02, 3.32429993e+02,
    8.56853027e+02, 2.95768860e+02, 8.84216797e+02, 2.59298981e+02,
    7.84308960e+02, 4.70095306e+02, 8.11804016e+02, 4.33309174e+02,
    8.39254211e+02, 3.96661560e+02, 8.66539185e+02, 3.60262970e+02,
    8.93692383e+02, 3.23665558e+02, 9.20889526e+02, 2.87180817e+02,
    8.21117737e+02, 4.97405548e+02, 8.48553955e+02, 4.60602783e+02,
    8.75890991e+02, 4.24088104e+02, 9.03099670e+02, 3.87621765e+02,
    9.30335754e+02, 3.51182983e+02, 9.57440186e+02, 3.14626678e+02,
    8.57738342e+02, 5.24730286e+02, 8.85180664e+02, 4.87997131e+02,
    9.12514465e+02, 4.51443024e+02, 9.39694946e+02, 4.14843567e+02,
    9.66858337e+02, 3.78428284e+02, 9.93951111e+02, 3.41914093e+02 ]
