%YAML:1.0
---
points: [ 1.61434738e+02, 1.33125885e+02, 1.71072098e+02, 1.20159966e+02,
    1.80704178e+02, 1.07251930e+02, 1.90212265e+02, 9.43539810e+01,
    1.99821243e+02, 8.14760666e+01, 2.09383835e+02, 6.85479965e+01,
    1.74700409e+02, 1.42796036e+02, 1.84270096e+02, 1.29858322e+02,
    1.93846436e+02, 1.16926773e+02, 2.03384109e+02, 1.04117172e+02,
    2.12814789e+02, 9.12297821e+01, 2.22386963e+02, 7.83445663e+01,
    1.87896713e+02, 1.52532455e+02, 1.97460693e+02, 1.39569931e+02,
    2.06968674e+02, 1.26745605e+02, 2.16423355e+02, 1.13853157e+02,
    2.25874466e+02, 1.00985321e+02, 2.35364151e+02, 8.80917740e+01,
    2.01028290e+02, 1.62140533e+02, 2.10593628e+02, 1.49390213e+02,
    2.19997437e+02, 1.36446808e+02, 2.29430435e+02, 1.23650673e+02,
    2.38816574e+02, 1.10792458e+02, 2.48294418e+02, 9.79698715e+01,
    2.14331924e+02, 1.71892975e+02, 2.23533295e+02, 1.58980667e+02,
    2.32929077e+02, 1.46165421e+02, 2.42297318e+02, 1.33363083e+02,
    2.51710098e+02, 1.20602623e+02, 2.61042999e+02, 1.07709251e+02,
    2.26653595e+02, 1.81309631e+02, 2.36458115e+02, 1.68525574e+02,
    2.45745163e+02, 1.55699768e+02, 2.55119949e+02, 1.42962601e+02,
    2.64432373e+02, 1.30197052e+02, 2.73832672e+02, 1.17395088e+02,
    2.39748764e+02, 1.90790253e+02, 2.49035324e+02, 1.77860214e+02,
    2.58474487e+02, 1.65074173e+02, 2.67755005e+02, 1.52425125e+02,
    2.77152832e+02, 1.39645538e+02, 2.86520782e+02, 1.26820503e+02,
    2.52269272e+02, 2.00042725e+02, 2.61859802e+02, 1.87284393e+02,
    2.71182312e+02, 1.74487701e+02, 2.80537598e+02, 1.61861618e+02,
    2.89905609e+02, 1.48980118e+02, 2.99302795e+02, 1.36292068e+02 ]
