%YAML:1.0
---
points: [ 3.16981232e+02, 3.72329636e+01, 3.17459503e+02, 5.31374588e+01,
    3.17898865e+02, 6.91452713e+01, 3.18229279e+02, 8.52522507e+01,
    3.18631226e+02, 1.01111954e+02, 3.19101776e+02, 1.17272408e+02,
    3.01027069e+02, 3.76481934e+01, 3.01662659e+02, 5.35944557e+01,
    3.02078552e+02, 6.96618652e+01, 3.02476074e+02, 8.55848160e+01,
    3.03031372e+02, 1.01573601e+02, 3.03453796e+02, 1.17613083e+02,
    2.85382324e+02, 3.78673019e+01, 2.85825104e+02, 5.39627876e+01,
    2.86373260e+02, 7.00451813e+01, 2.86830200e+02, 8.60983887e+01,
    2.87339386e+02, 1.02095863e+02, 2.87826569e+02, 1.18042603e+02,
    2.69555511e+02, 3.79442177e+01, 2.70054474e+02, 5.40224266e+01,
    2.70577667e+02, 7.00852814e+01, 2.71067871e+02, 8.61466141e+01,
    2.71557220e+02, 1.02305397e+02, 2.72179260e+02, 1.18346962e+02,
    2.53605835e+02, 3.80760689e+01, 2.54097031e+02, 5.41460457e+01,
    2.54716843e+02, 7.02800446e+01, 2.55171707e+02, 8.64118271e+01,
    2.55789368e+02, 1.02485435e+02, 2.56332336e+02, 1.18700188e+02,
    2.37609329e+02, 3.80562401e+01, 2.38198868e+02, 5.42509079e+01,
    2.38681854e+02, 7.04103699e+01, 2.39306519e+02, 8.65915146e+01,
    2.39865326e+02, 1.02843414e+02, 2.40432297e+02, 1.19004341e+02,
    2.21535309e+02, 3.83918495e+01, 2.21980240e+02, 5.45915298e+01,
    2.22663895e+02, 7.08373489e+01, 2.23218674e+02, 8.69547195e+01,
    2.23872147e+02, 1.03178062e+02, 2.24450150e+02, 1.19289093e+02,
    2.05439301e+02, 3.87039909e+01, 2.05967773e+02, 5.48811073e+01,
    2.06576599e+02, 7.10889282e+01, 2.07201202e+02, 8.72569656e+01,
    2.07811829e+02, 1.03348160e+02, 2.08460815e+02, 1.19624458e+02 ]
