%YAML:1.0
---
points: [ 1.04790771e+03, 6.01174889e+01, 1.04877295e+03, 1.06366142e+02,
    1.04953894e+03, 1.52646988e+02, 1.05038794e+03, 1.98518234e+02,
    1.05134021e+03, 2.44505356e+02, 1.05231824e+03, 2.90342102e+02,
    1.00232373e+03, 6.06547661e+01, 1.00323926e+03, 1.07263466e+02,
    1.00422253e+03, 1.53476700e+02, 1.00528448e+03, 1.99341507e+02,
    1.00624878e+03, 2.45218979e+02, 1.00723633e+03, 2.90812042e+02,
    9.56769348e+02, 6.10584679e+01, 9.57861755e+02, 1.07643867e+02,
    9.58954651e+02, 1.53884460e+02, 9.60028564e+02, 1.99687897e+02,
    9.61128723e+02, 2.45575592e+02, 9.62165405e+02, 2.91393005e+02,
    9.11157104e+02, 6.08287430e+01, 9.12346191e+02, 1.07440987e+02,
    9.13456055e+02, 1.53797729e+02, 9.14639709e+02, 1.99802521e+02,
    9.15876160e+02, 2.45798065e+02, 9.17008972e+02, 2.91817200e+02,
    8.65115906e+02, 6.05546112e+01, 8.66342529e+02, 1.07339775e+02,
    8.67616455e+02, 1.53748474e+02, 8.68916443e+02, 1.99862701e+02,
    8.70153259e+02, 2.46097397e+02, 8.71302246e+02, 2.92268005e+02,
    8.18721008e+02, 6.02988014e+01, 8.20052551e+02, 1.07057861e+02,
    8.21527649e+02, 1.53709991e+02, 8.22752808e+02, 2.00036591e+02,
    8.24115051e+02, 2.46364532e+02, 8.25432800e+02, 2.92502197e+02,
    7.72309692e+02, 6.03613281e+01, 7.73818237e+02, 1.07373650e+02,
    7.75105225e+02, 1.53885330e+02, 7.76463501e+02, 2.00358185e+02,
    7.77806335e+02, 2.46641251e+02, 7.79291260e+02, 2.92934235e+02, 751.,
    62., 739., 105., 7.28691406e+02, 1.54390701e+02, 7.30116455e+02,
    2.00748810e+02, 7.31592163e+02, 2.47285873e+02, 7.32918823e+02,
    2.93587250e+02 ]
