%YAML:1.0
---
points: [ 1.19031702e+03, 4.81416664e+01, 1.19194128e+03, 9.39846420e+01,
    1.19324670e+03, 1.40146133e+02, 1.19476477e+03, 1.85925110e+02,
    1.19616846e+03, 2.31487793e+02, 1.19749548e+03, 2.77003876e+02,
    1.14505542e+03, 4.96885643e+01, 1.14669556e+03, 9.60014572e+01,
    1.14831494e+03, 1.41936783e+02, 1.14973035e+03, 1.87640457e+02,
    1.15142981e+03, 2.33289032e+02, 1.15321277e+03, 2.78534515e+02,
    1.10006299e+03, 5.11351585e+01, 1.10170947e+03, 9.74577942e+01,
    1.10338599e+03, 1.43461136e+02, 1.10526221e+03, 1.88971512e+02,
    1.10693799e+03, 2.34578125e+02, 1.10869373e+03, 2.80125793e+02,
    1.05494348e+03, 5.20295563e+01, 1.05695251e+03, 9.83111725e+01,
    1.05870508e+03, 1.44423004e+02, 1.06047424e+03, 1.90231125e+02,
    1.06240515e+03, 2.35729233e+02, 1.06438208e+03, 2.81464386e+02,
    1.00989868e+03, 5.28091011e+01, 1.01178503e+03, 9.92335663e+01,
    1.01360565e+03, 1.45443787e+02, 1.01564178e+03, 1.91403183e+02,
    1.01752484e+03, 2.37133392e+02, 1.01940503e+03, 2.82634338e+02,
    9.64453918e+02, 5.35657501e+01, 9.66287964e+02, 9.99879379e+01,
    9.68496155e+02, 1.46387268e+02, 9.70310486e+02, 1.92488174e+02,
    9.72279968e+02, 2.38482086e+02, 9.74349060e+02, 2.84126495e+02,
    9.18549988e+02, 5.46976891e+01, 9.20686157e+02, 1.01322281e+02,
    9.22711243e+02, 1.47662216e+02, 9.24708984e+02, 1.93636093e+02,
    9.26861084e+02, 2.39708237e+02, 9.28837891e+02, 2.85679932e+02,
    8.72725891e+02, 5.57591209e+01, 8.74893921e+02, 1.02558594e+02,
    8.77036438e+02, 1.49092026e+02, 8.79181030e+02, 1.95163116e+02,
    8.81308167e+02, 2.41289459e+02, 8.83456055e+02, 2.87110596e+02 ]
