%YAML:1.0
---
points: [ 3.65972687e+02, 3.32528572e+01, 3.66757111e+02, 4.88291588e+01,
    3.67562897e+02, 6.45936356e+01, 3.68273926e+02, 8.04485931e+01,
    3.68959320e+02, 9.62015228e+01, 3.69633667e+02, 1.12070831e+02,
    3.50251770e+02, 3.37636375e+01, 3.51237305e+02, 4.94745712e+01,
    3.51996307e+02, 6.52998810e+01, 3.52644104e+02, 8.10844803e+01,
    3.53395905e+02, 9.69650955e+01, 3.54180847e+02, 1.12758316e+02,
    3.34894073e+02, 3.42005310e+01, 3.35666870e+02, 5.00124626e+01,
    3.36416962e+02, 6.58503647e+01, 3.37194550e+02, 8.17250443e+01,
    3.37988556e+02, 9.75164719e+01, 3.38761597e+02, 1.13325935e+02,
    3.19213776e+02, 3.46485596e+01, 3.20152679e+02, 5.03743362e+01,
    3.20984375e+02, 6.62890549e+01, 3.21809692e+02, 8.22269058e+01,
    3.22419434e+02, 9.82047882e+01, 3.23241180e+02, 1.14105492e+02,
    3.03833405e+02, 3.49624634e+01, 3.04552460e+02, 5.08592110e+01,
    3.05346008e+02, 6.69030380e+01, 3.06132507e+02, 8.28633270e+01,
    3.06911041e+02, 9.88675461e+01, 3.07650055e+02, 1.14735634e+02,
    2.87814514e+02, 3.52599640e+01, 2.88766541e+02, 5.12417412e+01,
    2.89607635e+02, 6.73184357e+01, 2.90387604e+02, 8.33251877e+01,
    2.91223022e+02, 9.94000397e+01, 2.92057251e+02, 1.15400787e+02,
    2.72157959e+02, 3.58036232e+01, 2.72953400e+02, 5.18642883e+01,
    2.73823700e+02, 6.79749832e+01, 2.74491669e+02, 8.41106033e+01,
    2.75407196e+02, 1.00076630e+02, 2.76218964e+02, 1.16182426e+02,
    2.56091187e+02, 3.63768082e+01, 2.57036041e+02, 5.24907570e+01,
    2.57858948e+02, 6.85742264e+01, 2.58715179e+02, 8.46714478e+01,
    2.59613068e+02, 1.00835381e+02, 2.60511658e+02, 1.16901947e+02 ]
