%YAML:1.0
---
points: [ 1229., 24., 1.23441602e+03, 5.43098068e+01, 1.23751404e+03,
    1.00304359e+02, 1.24071667e+03, 1.45809753e+02, 1.24390894e+03,
    1.91411194e+02, 1.24719690e+03, 2.36757233e+02, 1.18588159e+03,
    1.19631424e+01, 1.18927722e+03, 5.79980850e+01, 1.19258960e+03,
    1.03862541e+02, 1.19591980e+03, 1.49454346e+02, 1.19937036e+03,
    1.94802353e+02, 1.20258704e+03, 2.40203293e+02, 1.14087927e+03,
    1.50658579e+01, 1.14445227e+03, 6.11657486e+01, 1.14802026e+03,
    1.07135254e+02, 1.15148938e+03, 1.52590424e+02, 1.15483643e+03,
    1.98018799e+02, 1.15851050e+03, 2.43525635e+02, 1.09641125e+03,
    1.76357269e+01, 1.09998096e+03, 6.38721619e+01, 1.10348877e+03,
    1.09660095e+02, 1.10693164e+03, 1.55537460e+02, 1.11065039e+03,
    2.01138870e+02, 1.11405457e+03, 2.46503159e+02, 1.05150769e+03,
    1.98539829e+01, 1.05508618e+03, 6.62019119e+01, 1.05879749e+03,
    1.12513931e+02, 1.06239062e+03, 1.58230713e+02, 1.06590845e+03,
    2.04081055e+02, 1.06957227e+03, 2.49806030e+02, 1.00644885e+03,
    2.22719307e+01, 1.01012006e+03, 6.86422653e+01, 1.01369446e+03,
    1.14973625e+02, 1.01743951e+03, 1.61282532e+02, 1.02125024e+03,
    2.07089600e+02, 1.02471594e+03, 2.52742477e+02, 9.60821716e+02,
    2.50568447e+01, 9.64756165e+02, 7.16926956e+01, 9.68599243e+02,
    1.18096802e+02, 9.72324402e+02, 1.64174194e+02, 9.75841187e+02,
    2.10075836e+02, 9.79707581e+02, 2.55948715e+02, 9.15344666e+02,
    2.80435715e+01, 9.19164978e+02, 7.45998001e+01, 9.23130127e+02,
    1.20900024e+02, 9.26934143e+02, 1.67156876e+02, 9.30794006e+02,
    2.13205093e+02, 9.34584717e+02, 2.59229034e+02 ]
