%YAML:1.0
---
points: [ 3.80113892e+02, 2.06593246e+01, 3.81565765e+02, 3.58747749e+01,
    3.83051514e+02, 5.13937683e+01, 3.84455109e+02, 6.69788971e+01,
    3.85798096e+02, 8.25978699e+01, 3.87099518e+02, 9.83385468e+01,
    3.64628662e+02, 2.16159382e+01, 3.66269135e+02, 3.69076385e+01,
    3.67617981e+02, 5.24986649e+01, 3.69116302e+02, 6.80791702e+01,
    3.70375702e+02, 8.38236465e+01, 3.71674500e+02, 9.95041580e+01,
    3.49513214e+02, 2.24332771e+01, 3.50876556e+02, 3.78794136e+01,
    3.52360229e+02, 5.36094131e+01, 3.53630981e+02, 6.92911606e+01,
    3.55025787e+02, 8.49658966e+01, 3.56363861e+02, 1.00719460e+02,
    3.34026886e+02, 2.31685658e+01, 3.35608459e+02, 3.87458687e+01,
    3.36841034e+02, 5.45739784e+01, 3.38359558e+02, 7.02887421e+01,
    3.39636322e+02, 8.61275406e+01, 3.40945953e+02, 1.01940140e+02,
    3.18770203e+02, 2.38804893e+01, 3.20134857e+02, 3.97082176e+01,
    3.21563782e+02, 5.55198746e+01, 3.22861420e+02, 7.13195038e+01,
    3.24187927e+02, 8.72950287e+01, 3.25490601e+02, 1.03139244e+02,
    3.03113556e+02, 2.47166195e+01, 3.04621460e+02, 4.06202278e+01,
    3.05884338e+02, 5.65654449e+01, 3.07239227e+02, 7.24334946e+01,
    3.08571899e+02, 8.84560242e+01, 3.09872559e+02, 1.04391518e+02,
    2.87391724e+02, 2.58045483e+01, 2.88702728e+02, 4.17811356e+01,
    2.90252472e+02, 5.76698914e+01, 2.91495697e+02, 7.36408386e+01,
    2.92905487e+02, 8.96999588e+01, 2.94221771e+02, 1.05721298e+02,
    2.71619293e+02, 2.68935509e+01, 2.73148895e+02, 4.29115448e+01,
    2.74394897e+02, 5.88593254e+01, 2.75832977e+02, 7.49214783e+01,
    2.77179443e+02, 9.09512482e+01, 2.78597076e+02, 1.07029190e+02 ]
