%YAML:1.0
---
points: [ 3.42389069e+02, 1.07060104e+02, 3.42432190e+02, 9.11450653e+01,
    3.42606018e+02, 7.51683578e+01, 3.42562836e+02, 5.91449013e+01,
    3.42696259e+02, 4.33113365e+01, 3.42404572e+02, 2.75508900e+01,
    3.57714569e+02, 1.07168259e+02, 3.57889252e+02, 9.11984177e+01,
    3.57869568e+02, 7.53428192e+01, 3.58083405e+02, 5.96163788e+01,
    3.57813843e+02, 4.37604561e+01, 3.57961395e+02, 2.79314232e+01,
    3.73051117e+02, 1.07234467e+02, 3.73076691e+02, 9.15190353e+01,
    3.73186157e+02, 7.56530838e+01, 3.73095215e+02, 5.99123840e+01,
    3.73246521e+02, 4.41399651e+01, 3.72865204e+02, 2.86759243e+01,
    3.88072327e+02, 1.07473694e+02, 3.88161469e+02, 9.16833649e+01,
    3.88148071e+02, 7.60386429e+01, 3.88163544e+02, 6.03669891e+01,
    3.87858704e+02, 4.48309517e+01, 3.87909332e+02, 2.93841972e+01,
    4.02944794e+02, 1.07613190e+02, 4.03018005e+02, 9.19331665e+01,
    4.02989868e+02, 7.65348740e+01, 4.02769745e+02, 6.09581680e+01,
    4.02772461e+02, 4.55298462e+01, 4.02329224e+02, 3.03591080e+01,
    4.17636383e+02, 1.07870605e+02, 4.17606171e+02, 9.23740616e+01,
    4.17539917e+02, 7.69486237e+01, 4.17464813e+02, 6.16404953e+01,
    4.17059784e+02, 4.64689789e+01, 4.16863525e+02, 3.12104492e+01,
    4.32171936e+02, 1.08136551e+02, 4.32022766e+02, 9.27454453e+01,
    4.31987762e+02, 7.74938736e+01, 4.31727692e+02, 6.22448006e+01,
    4.31675781e+02, 4.70136871e+01, 4.30922028e+02, 3.21017151e+01,
    4.46571594e+02, 1.08631142e+02, 4.46541229e+02, 9.31306229e+01,
    4.46350983e+02, 7.79193344e+01, 4.46231018e+02, 6.27373123e+01,
    4.45739502e+02, 4.78581238e+01, 4.45386566e+02, 3.29199715e+01 ]
