%YAML:1.0
---
points: [ 1.12012476e+03, 2.61715118e+02, 1.12056567e+03, 2.16153992e+02,
    1.12117712e+03, 1.70235153e+02, 1.12166162e+03, 1.24111572e+02,
    1.12215540e+03, 7.76685715e+01, 1.12267188e+03, 3.10505714e+01,
    1.16423254e+03, 2.62485992e+02, 1.16471497e+03, 2.16861435e+02,
    1.16542810e+03, 1.71111435e+02, 1.16605505e+03, 1.24993790e+02,
    1.16681970e+03, 7.88350372e+01, 1.16742883e+03, 3.24042892e+01,
    1.20796191e+03, 2.63310944e+02, 1.20874963e+03, 2.17774933e+02,
    1.20966187e+03, 1.72023483e+02, 1.21061719e+03, 1.26170143e+02,
    1.21142419e+03, 7.99569244e+01, 1217., 47., 1.25167139e+03,
    2.63974091e+02, 1.25268518e+03, 2.18563873e+02, 1.25353528e+03,
    1.73092361e+02, 1.25441650e+03, 1.27496964e+02, 1.25534204e+03,
    8.15968170e+01, 1.25611084e+03, 3.51835899e+01, 1.29528223e+03,
    2.64653473e+02, 1.29621802e+03, 2.19506638e+02, 1.29694409e+03,
    1.74302368e+02, 1.29791455e+03, 1.28782593e+02, 1.29886401e+03,
    8.28888855e+01, 1.29989917e+03, 3.71422653e+01, 1.33843555e+03,
    2.65430847e+02, 1.33918640e+03, 2.20341507e+02, 1.34034302e+03,
    1.75272202e+02, 1.34128479e+03, 1.29888199e+02, 1.34236865e+03,
    8.44799423e+01, 1.34333459e+03, 3.86694107e+01, 1.38144983e+03,
    2.65818542e+02, 1.38246167e+03, 2.20997421e+02, 1.38368591e+03,
    1.76071884e+02, 1.38478577e+03, 1.30761002e+02, 1.38585559e+03,
    8.54498978e+01, 1.38717163e+03, 3.95827980e+01, 1.42469946e+03,
    2.66481537e+02, 1.42622742e+03, 2.21542282e+02, 1.42752222e+03,
    1.76523132e+02, 1.42871143e+03, 1.31333710e+02, 1.43026526e+03,
    8.58642807e+01, 1.43128674e+03, 4.04011421e+01 ]
