%YAML:1.0
---
points: [ 3.42443756e+02, 1.07088661e+02, 3.42418060e+02, 9.11668167e+01,
    3.42609070e+02, 7.51830673e+01, 3.42540985e+02, 5.92342072e+01,
    3.42655334e+02, 4.33249626e+01, 3.42368744e+02, 2.75928917e+01,
    3.57720795e+02, 1.07166504e+02, 3.57889130e+02, 9.12110367e+01,
    3.57832916e+02, 7.53685608e+01, 3.58021881e+02, 5.96250992e+01,
    3.57767365e+02, 4.37568054e+01, 3.57925629e+02, 2.80473671e+01,
    3.72983337e+02, 1.07241310e+02, 3.73040070e+02, 9.15445557e+01,
    3.73194885e+02, 7.57059937e+01, 3.73042877e+02, 5.99595222e+01,
    3.73181213e+02, 4.41963043e+01, 3.72809906e+02, 2.87091618e+01,
    3.87955719e+02, 1.07497108e+02, 3.88164032e+02, 9.16946259e+01,
    3.88093842e+02, 7.61137695e+01, 3.88108459e+02, 6.04833145e+01,
    3.87822418e+02, 4.48694267e+01, 3.87882599e+02, 2.94845695e+01,
    4.02958435e+02, 1.07657463e+02, 4.02872559e+02, 9.20207672e+01,
    4.02931702e+02, 7.65798340e+01, 4.02735657e+02, 6.10906982e+01,
    4.02725494e+02, 4.56098976e+01, 4.02256073e+02, 3.04588623e+01,
    4.17531921e+02, 1.07901100e+02, 4.17546448e+02, 9.24233932e+01,
    4.17431274e+02, 7.69914703e+01, 4.17318298e+02, 6.16852989e+01,
    4.16968445e+02, 4.65404663e+01, 4.16792206e+02, 3.13402481e+01,
    4.32088257e+02, 1.08236732e+02, 4.31922668e+02, 9.28001785e+01,
    4.31891235e+02, 7.75724411e+01, 4.31668274e+02, 6.24035110e+01,
    4.31544067e+02, 4.71725006e+01, 4.30793854e+02, 3.22335777e+01,
    4.46417938e+02, 1.08628769e+02, 4.46358795e+02, 9.32162476e+01,
    4.46189209e+02, 7.80314484e+01, 4.46057220e+02, 6.28272896e+01,
    4.45640106e+02, 4.79296837e+01, 4.45190796e+02, 3.31150665e+01 ]
