%YAML:1.0
---
points: [ 1.12009644e+03, 2.61754059e+02, 1.12055652e+03, 2.16269058e+02,
    1.12108240e+03, 1.70364304e+02, 1.12159021e+03, 1.24274155e+02,
    1.12204382e+03, 7.80194168e+01, 1.12252612e+03, 3.14322224e+01,
    1.16417151e+03, 2.62555847e+02, 1.16460291e+03, 2.17119568e+02,
    1.16536548e+03, 1.71319473e+02, 1.16591443e+03, 1.25290810e+02,
    1.16663904e+03, 7.92028046e+01, 1.16719812e+03, 3.28267365e+01,
    1.20791028e+03, 2.63397247e+02, 1.20864880e+03, 2.17891495e+02,
    1.20947290e+03, 1.72319763e+02, 1.21044446e+03, 1.26526070e+02,
    1.21120386e+03, 8.04002991e+01, 1.21190869e+03, 3.40342178e+01,
    1.25148975e+03, 2.64160126e+02, 1.25245105e+03, 2.18707947e+02,
    1.25331335e+03, 1.73362411e+02, 1.25413855e+03, 1.27802879e+02,
    1.25487598e+03, 8.20216522e+01, 1.25566089e+03, 3.57634239e+01,
    1.29492529e+03, 2.64963715e+02, 1.29568896e+03, 2.19768494e+02,
    1.29655957e+03, 1.74571381e+02, 1.29748535e+03, 1.29304367e+02,
    1.29842358e+03, 8.34678497e+01, 1.29945288e+03, 3.77530823e+01,
    1.33802722e+03, 2.65570221e+02, 1.33876367e+03, 2.20538330e+02,
    1.33965222e+03, 1.75667313e+02, 1.34061536e+03, 1.30468643e+02,
    1.34167273e+03, 8.52088547e+01, 1.34257520e+03, 3.94314308e+01,
    1.38084375e+03, 2.66275726e+02, 1.38184973e+03, 2.21430710e+02,
    1.38290063e+03, 1.76472595e+02, 1.38420056e+03, 1.31370087e+02,
    1.38524548e+03, 8.60259628e+01, 1.38636218e+03, 4.04076576e+01,
    1.42416797e+03, 2.66753113e+02, 1.42541431e+03, 2.22000320e+02,
    1.42663123e+03, 1.76898849e+02, 1.42787390e+03, 1.32062973e+02,
    1.42926855e+03, 8.66524277e+01, 1.43021497e+03, 4.12856560e+01 ]
