%YAML:1.0
---
points: [ 1.54110413e+02, 9.16941223e+01, 2.03282227e+02, 9.42581253e+01,
    2.52550323e+02, 9.70084839e+01, 3.01456451e+02, 9.96599579e+01,
    3.50484375e+02, 1.02754128e+02, 3.99377808e+02, 1.05950897e+02,
    1.51133881e+02, 1.38985947e+02, 2.00688919e+02, 1.41417328e+02,
    2.49777267e+02, 1.44188583e+02, 2.99032349e+02, 1.46736053e+02,
    3.48369873e+02, 1.49769714e+02, 3.97405243e+02, 1.52677765e+02,
    1.48912399e+02, 1.86560867e+02, 1.98392807e+02, 1.89097824e+02,
    2.47799408e+02, 1.91647949e+02, 2.96864838e+02, 1.94250122e+02,
    3.45979218e+02, 1.96991989e+02, 3.95260712e+02, 1.99820068e+02,
    1.47329407e+02, 2.34544174e+02, 1.96733658e+02, 2.36936295e+02,
    2.46142212e+02, 2.39500061e+02, 2.95452118e+02, 2.41975311e+02,
    3.44576294e+02, 2.44716339e+02, 3.93757599e+02, 2.47372452e+02,
    1.45590256e+02, 2.82473938e+02, 1.95381683e+02, 2.84929993e+02,
    2.44630585e+02, 2.87245636e+02, 2.93861725e+02, 2.89802094e+02,
    3.43238190e+02, 2.92280243e+02, 3.92339966e+02, 2.94845001e+02,
    1.44127304e+02, 3.30144135e+02, 1.93684799e+02, 3.32603485e+02,
    2.43367310e+02, 3.34806641e+02, 2.92493744e+02, 3.37415894e+02,
    3.41736206e+02, 3.39690094e+02, 3.90858002e+02, 3.42159210e+02,
    1.42143509e+02, 3.77758240e+02, 1.91641159e+02, 3.80100769e+02,
    2.41283875e+02, 3.82353516e+02, 2.90511536e+02, 3.84560730e+02,
    3.39506866e+02, 3.86772827e+02, 3.88614807e+02, 3.89068817e+02,
    1.39519897e+02, 4.25503906e+02, 1.89067215e+02, 4.27770416e+02,
    2.38446594e+02, 4.29738373e+02, 2.87378662e+02, 4.31880676e+02,
    3.36624786e+02, 4.33970428e+02, 3.85895782e+02, 4.36270508e+02 ]
