%YAML:1.0
---
points: [ 1.63726788e+01, 5.68688965e+01, 3.13325825e+01, 5.67147141e+01,
    4.64131737e+01, 5.64736176e+01, 6.20767097e+01, 5.65019417e+01,
    7.78939438e+01, 5.66660690e+01, 9.41844940e+01, 5.68894997e+01,
    1.48121319e+01, 7.24356918e+01, 2.96956272e+01, 7.19745636e+01,
    4.51576767e+01, 7.19805527e+01, 6.07618523e+01, 7.20871964e+01,
    7.69070587e+01, 7.25310135e+01, 9.31576614e+01, 7.28492889e+01,
    1.33712969e+01, 8.78082733e+01, 2.85298653e+01, 8.78625565e+01,
    4.39679947e+01, 8.77705078e+01, 5.98501816e+01, 8.81790237e+01,
    7.59931412e+01, 8.84603043e+01, 9.24415207e+01, 8.89162903e+01,
    1.22326460e+01, 1.03902222e+02, 2.75634708e+01, 1.03736794e+02,
    4.31277351e+01, 1.03984306e+02, 5.91223183e+01, 1.04346375e+02,
    7.53494415e+01, 1.04702118e+02, 9.19379654e+01, 1.05182251e+02,
    1.13537149e+01, 1.19782227e+02, 2.66529789e+01, 1.19962860e+02,
    4.24730606e+01, 1.20199471e+02, 5.85009346e+01, 1.20664551e+02,
    7.48658981e+01, 1.21044228e+02, 9.14111176e+01, 1.21706871e+02,
    1.05403662e+01, 1.36075714e+02, 2.59427757e+01, 1.36263275e+02,
    4.17718697e+01, 1.36648956e+02, 5.79353676e+01, 1.36814621e+02,
    7.43619003e+01, 1.37507217e+02, 9.09872665e+01, 1.37820694e+02,
    9.68591499e+00, 1.52049500e+02, 2.52215633e+01, 1.52566833e+02,
    4.11011276e+01, 1.52754211e+02, 5.72833710e+01, 1.53331741e+02,
    7.37206650e+01, 1.53729080e+02, 9.03213501e+01, 1.54324661e+02,
    8.84852695e+00, 1.68562027e+02, 2.44151955e+01, 1.68626068e+02,
    4.02465782e+01, 1.69106354e+02, 5.64726219e+01, 1.69580612e+02,
    7.28557053e+01, 1.69955841e+02, 8.95816269e+01, 1.70572128e+02 ]
