%YAML:1.0
---
points: [ 7.18386841e+01, 7.49703674e+01, 8.83632736e+01, 7.46560593e+01,
    1.04577324e+02, 7.42908325e+01, 1.21060051e+02, 7.41381836e+01,
    1.37601334e+02, 7.38924637e+01, 1.54136017e+02, 7.39008026e+01,
    7.18469772e+01, 9.09760437e+01, 8.82027054e+01, 9.06843643e+01,
    1.04738174e+02, 9.03958664e+01, 1.21211006e+02, 9.02617340e+01,
    1.37952377e+02, 9.01187744e+01, 1.54403015e+02, 9.00948029e+01,
    7.19190826e+01, 1.07318954e+02, 8.84773941e+01, 1.06891685e+02,
    1.05020599e+02, 1.06669212e+02, 1.21634590e+02, 1.06602814e+02,
    1.38177200e+02, 1.06373329e+02, 1.54827988e+02, 1.06280098e+02,
    7.24141006e+01, 1.23766029e+02, 8.89611588e+01, 1.23381325e+02,
    1.05534859e+02, 1.23169212e+02, 1.22116882e+02, 1.22908890e+02,
    1.38781265e+02, 1.22804977e+02, 1.55331329e+02, 1.22713486e+02,
    7.28737793e+01, 1.39970627e+02, 8.94502411e+01, 1.39753036e+02,
    1.06123665e+02, 1.39550186e+02, 1.22758904e+02, 1.39423645e+02,
    1.39326462e+02, 1.39182205e+02, 1.55865524e+02, 1.39092911e+02,
    7.31953278e+01, 1.56446152e+02, 8.98099136e+01, 1.56041260e+02,
    1.06467743e+02, 1.55776184e+02, 1.23221176e+02, 1.55574203e+02,
    1.39808319e+02, 1.55428986e+02, 1.56362762e+02, 1.55271072e+02,
    7.31297302e+01, 1.72599289e+02, 8.97565384e+01, 1.72256790e+02,
    1.06498596e+02, 1.71859711e+02, 1.23253006e+02, 1.71794235e+02,
    1.40078369e+02, 1.71571030e+02, 1.56695526e+02, 1.71348022e+02,
    7.32874146e+01, 1.88896942e+02, 8.99128952e+01, 1.88631317e+02,
    1.06636276e+02, 1.88288147e+02, 1.23321976e+02, 1.87924927e+02,
    1.40175171e+02, 1.87691803e+02, 1.56931564e+02, 1.87504959e+02 ]
