%YAML:1.0
---
points: [ 3.33316406e+02, 1.57345261e+02, 3.82275208e+02, 1.57718491e+02,
    4.31326630e+02, 1.58279938e+02, 4.79598755e+02, 1.59057693e+02,
    5.28189026e+02, 1.59732971e+02, 5.76022034e+02, 1.60338852e+02,
    3.33462280e+02, 2.04483139e+02, 3.82668671e+02, 2.04851349e+02,
    4.31636505e+02, 2.05320633e+02, 4.80300659e+02, 2.05816849e+02,
    5.28529846e+02, 2.06452423e+02, 5.76765808e+02, 2.06892120e+02,
    3.34316498e+02, 2.52151810e+02, 3.83671448e+02, 2.52466110e+02,
    4.32674438e+02, 2.52774551e+02, 4.81047394e+02, 2.53184830e+02,
    5.29319397e+02, 2.53426849e+02, 5.77469971e+02, 2.53765396e+02,
    3.35750519e+02, 3.00053101e+02, 3.85264862e+02, 3.00276489e+02,
    4.34018616e+02, 3.00444458e+02, 4.82437195e+02, 3.00545074e+02,
    5.30687439e+02, 3.00710785e+02, 5.78786316e+02, 3.00940247e+02,
    3.37456299e+02, 3.47704041e+02, 3.86574493e+02, 3.47743256e+02,
    4.35412537e+02, 3.47749939e+02, 4.83832855e+02, 3.47790833e+02,
    5.32082458e+02, 3.47879791e+02, 5.80026672e+02, 3.47919525e+02,
    3.38160889e+02, 3.94827271e+02, 3.87211761e+02, 3.94709900e+02,
    4.36202972e+02, 3.94634277e+02, 4.84668671e+02, 3.94520844e+02,
    5.32953064e+02, 3.94488251e+02, 5.80971619e+02, 3.94445953e+02,
    3.37589264e+02, 4.41638916e+02, 3.86557587e+02, 4.41420959e+02,
    4.35567291e+02, 4.41097351e+02, 4.84386993e+02, 4.40865814e+02,
    5.32915344e+02, 4.40803497e+02, 5.81261597e+02, 4.40649902e+02,
    3.37696747e+02, 4.88942749e+02, 3.86589508e+02, 4.88519196e+02,
    4.35376526e+02, 4.88086792e+02, 4.83793243e+02, 4.87645020e+02,
    5.32543152e+02, 4.87401123e+02, 5.81198547e+02, 4.87240448e+02 ]
