%YAML:1.0
---
points: [ 4.51522827e+02, 1.81945114e+02, 4.99961273e+02, 1.86047913e+02,
    5.48312073e+02, 1.89891235e+02, 5.96139404e+02, 1.93618973e+02,
    6.43926880e+02, 1.97744568e+02, 6.91191284e+02, 2.01750031e+02,
    4.48479553e+02, 2.28777069e+02, 4.97107391e+02, 2.32646042e+02,
    5.45377136e+02, 2.36343918e+02, 5.93221069e+02, 2.40178131e+02,
    6.41176941e+02, 2.44055481e+02, 6.88603760e+02, 2.47800598e+02,
    4.45933502e+02, 2.76022705e+02, 4.94608490e+02, 2.79743622e+02,
    5.42922180e+02, 2.83276398e+02, 5.90774902e+02, 2.86915344e+02,
    6.38513550e+02, 2.90566895e+02, 6.85862915e+02, 2.93929962e+02,
    4.43928833e+02, 3.23366821e+02, 4.92539673e+02, 3.26831909e+02,
    5.40748779e+02, 3.30270721e+02, 5.88618591e+02, 3.33808838e+02,
    6.36401489e+02, 3.37199432e+02, 6.83638855e+02, 3.40492004e+02,
    4.41812439e+02, 3.70477234e+02, 4.90566101e+02, 3.73783295e+02,
    5.38698914e+02, 3.77218445e+02, 5.86399353e+02, 3.80520111e+02,
    6.33964661e+02, 3.83562042e+02, 6.81246582e+02, 3.86874664e+02,
    4.39118042e+02, 4.17241577e+02, 4.87624634e+02, 4.20337067e+02,
    5.35879211e+02, 4.23552429e+02, 5.83835510e+02, 4.26614441e+02,
    6.31529053e+02, 4.29785980e+02, 6.78734741e+02, 4.32936462e+02,
    4.35248810e+02, 4.63603119e+02, 4.83927490e+02, 4.66652069e+02,
    5.32292236e+02, 4.69653900e+02, 5.80400757e+02, 4.72615662e+02,
    6.28179382e+02, 4.75722351e+02, 6.75626892e+02, 4.78716980e+02,
    4.32156921e+02, 5.10635132e+02, 4.80568298e+02, 5.13463318e+02,
    5.28708862e+02, 5.16265564e+02, 5.76621277e+02, 5.19021912e+02,
    6.24511963e+02, 5.21992798e+02, 6.72317383e+02, 5.24691956e+02 ]
