%YAML:1.0
---
points: [ 1.11387093e+02, 8.21765442e+01, 1.28052551e+02, 8.31903152e+01,
    1.44506989e+02, 8.43061905e+01, 1.61050812e+02, 8.54250870e+01,
    1.77383789e+02, 8.65986099e+01, 1.93828033e+02, 8.78238449e+01,
    1.10481621e+02, 9.83973389e+01, 1.27018196e+02, 9.94215012e+01,
    1.43697937e+02, 1.00473938e+02, 1.60174759e+02, 1.01552887e+02,
    1.76625381e+02, 1.02658936e+02, 1.93027863e+02, 1.03842468e+02,
    1.09668686e+02, 1.14638885e+02, 1.26343636e+02, 1.15670509e+02,
    1.42967133e+02, 1.16696709e+02, 1.59416107e+02, 1.17783707e+02,
    1.75938568e+02, 1.18892136e+02, 1.92303131e+02, 1.19997299e+02,
    1.09034828e+02, 1.31094070e+02, 1.25673393e+02, 1.32015213e+02,
    1.42319397e+02, 1.33119385e+02, 1.58819931e+02, 1.34096069e+02,
    1.75243164e+02, 1.35167145e+02, 1.91596695e+02, 1.36221725e+02,
    1.08315369e+02, 1.47410950e+02, 1.25123199e+02, 1.48410797e+02,
    1.41671738e+02, 1.49383469e+02, 1.58209686e+02, 1.50356003e+02,
    1.74583206e+02, 1.51305115e+02, 1.90990433e+02, 1.52318542e+02,
    1.07529648e+02, 1.63623672e+02, 1.24304047e+02, 1.64542328e+02,
    1.40923798e+02, 1.65493027e+02, 1.57445389e+02, 1.66450577e+02,
    1.73910034e+02, 1.67374207e+02, 1.90227325e+02, 1.68278976e+02,
    1.06396141e+02, 1.79784561e+02, 1.23192398e+02, 1.80657974e+02,
    1.39928421e+02, 1.81521133e+02, 1.56556763e+02, 1.82415131e+02,
    1.73070084e+02, 1.83354141e+02, 1.89460495e+02, 1.84282120e+02,
    1.05569626e+02, 1.96121567e+02, 1.22238373e+02, 1.96885071e+02,
    1.38926636e+02, 1.97751099e+02, 1.55467651e+02, 1.98530823e+02,
    1.71423996e+02, 1.99782730e+02, 1.88435791e+02, 2.00176224e+02 ]
