%YAML:1.0
---
points: [ 1.11411613e+02, 8.21784515e+01, 1.28055420e+02, 8.32179337e+01,
    1.44484192e+02, 8.43027191e+01, 1.61048508e+02, 8.54009247e+01,
    1.77370453e+02, 8.66082993e+01, 1.93860199e+02, 8.78533401e+01,
    1.10502869e+02, 9.83850937e+01, 1.27059158e+02, 9.94033051e+01,
    1.43709152e+02, 1.00444435e+02, 1.60189224e+02, 1.01541359e+02,
    1.76631607e+02, 1.02658974e+02, 1.93028549e+02, 1.03873161e+02,
    1.09651833e+02, 1.14643166e+02, 1.26356956e+02, 1.15688339e+02,
    1.42995804e+02, 1.16688110e+02, 1.59402161e+02, 1.17809700e+02,
    1.75951080e+02, 1.18901764e+02, 1.92290298e+02, 1.20023346e+02,
    1.09014679e+02, 1.31088165e+02, 1.25686951e+02, 1.32070175e+02,
    1.42331772e+02, 1.33119171e+02, 1.58842880e+02, 1.34089981e+02,
    1.75253220e+02, 1.35177994e+02, 1.91560257e+02, 1.36243240e+02,
    1.08324577e+02, 1.47392883e+02, 1.25122597e+02, 1.48395294e+02,
    1.41660385e+02, 1.49394241e+02, 1.58193192e+02, 1.50331696e+02,
    1.74571259e+02, 1.51322174e+02, 1.90988785e+02, 1.52337585e+02,
    1.07516861e+02, 1.63619095e+02, 1.24282814e+02, 1.64546814e+02,
    1.40946152e+02, 1.65486984e+02, 1.57434402e+02, 1.66446503e+02,
    1.73893509e+02, 1.67366608e+02, 1.90214783e+02, 1.68273804e+02,
    1.06396233e+02, 1.79798630e+02, 1.23224709e+02, 1.80678314e+02,
    1.39923309e+02, 1.81517105e+02, 1.56532135e+02, 1.82446487e+02,
    1.73049698e+02, 1.83320282e+02, 1.89455704e+02, 1.84307999e+02,
    1.05517311e+02, 1.96100220e+02, 1.22223709e+02, 1.96865265e+02,
    1.38916245e+02, 1.97774506e+02, 1.55484741e+02, 1.98520676e+02,
    1.71424179e+02, 1.99765274e+02, 1.88417633e+02, 2.00144760e+02 ]
