%YAML:1.0
---
points: [ 4.51453369e+02, 1.81961716e+02, 4.99916016e+02, 1.86084778e+02,
    5.48309204e+02, 1.89883865e+02, 5.96087830e+02, 1.93658707e+02,
    6.43878174e+02, 1.97783478e+02, 6.91203979e+02, 2.01791382e+02,
    4.48466705e+02, 2.28839722e+02, 4.97197968e+02, 2.32671722e+02,
    5.45373901e+02, 2.36414413e+02, 5.93242737e+02, 2.40150452e+02,
    6.41206909e+02, 2.44077911e+02, 6.88590454e+02, 2.47843002e+02,
    4.45922882e+02, 2.76065247e+02, 4.94637054e+02, 2.79796265e+02,
    5.42976990e+02, 2.83339203e+02, 5.90830261e+02, 2.86988708e+02,
    6.38541626e+02, 2.90558960e+02, 6.85838440e+02, 2.94001526e+02,
    4.43906891e+02, 3.23365173e+02, 4.92555298e+02, 3.26870850e+02,
    5.40818481e+02, 3.30266327e+02, 5.88645020e+02, 3.33813049e+02,
    6.36400513e+02, 3.37212189e+02, 6.83638123e+02, 3.40529816e+02,
    4.41797516e+02, 3.70522369e+02, 4.90548126e+02, 3.73840485e+02,
    5.38719666e+02, 3.77216949e+02, 5.86411011e+02, 3.80532288e+02,
    6.33954346e+02, 3.83550446e+02, 6.81272949e+02, 3.86902283e+02,
    4.39066101e+02, 4.17262360e+02, 4.87616180e+02, 4.20355255e+02,
    5.35907715e+02, 4.23566498e+02, 5.83815735e+02, 4.26640991e+02,
    6.31505432e+02, 4.29804413e+02, 6.78752441e+02, 4.32930634e+02,
    4.35219757e+02, 4.63575195e+02, 4.83853485e+02, 4.66636658e+02,
    5.32305054e+02, 4.69634521e+02, 5.80396362e+02, 4.72614899e+02,
    6.28180176e+02, 4.75724213e+02, 6.75606445e+02, 4.78736176e+02,
    4.32099670e+02, 5.10673615e+02, 4.80559723e+02, 5.13464478e+02,
    5.28667114e+02, 5.16281372e+02, 5.76605164e+02, 5.19067200e+02,
    6.24516235e+02, 5.21968994e+02, 6.72323792e+02, 5.24715149e+02 ]
