%YAML:1.0
---
points: [ 1.52540634e+02, 7.50342331e+01, 1.69111008e+02, 7.44872513e+01,
    1.85342514e+02, 7.39653625e+01, 2.01649048e+02, 7.33302155e+01,
    2.17735748e+02, 7.29060364e+01, 2.33894745e+02, 7.22984314e+01,
    1.53431702e+02, 9.11895523e+01, 1.69970901e+02, 9.06255035e+01,
    1.86359726e+02, 9.00511780e+01, 2.02497147e+02, 8.93989487e+01,
    2.18736130e+02, 8.89626236e+01, 2.34782761e+02, 8.83528442e+01,
    1.54500519e+02, 1.07531258e+02, 1.71062180e+02, 1.06944565e+02,
    1.87361008e+02, 1.06319672e+02, 2.03587860e+02, 1.05690605e+02,
    2.19737289e+02, 1.05073944e+02, 2.35785538e+02, 1.04396362e+02,
    1.55607269e+02, 1.23918747e+02, 1.72117188e+02, 1.23285309e+02,
    1.88405045e+02, 1.22583229e+02, 2.04587692e+02, 1.22054657e+02,
    2.20711197e+02, 1.21303459e+02, 2.36679062e+02, 1.20598145e+02,
    1.56734146e+02, 1.40236954e+02, 1.73225327e+02, 1.39526871e+02,
    1.89535614e+02, 1.38839767e+02, 2.05607727e+02, 1.38156113e+02,
    2.21648453e+02, 1.37389359e+02, 2.37636536e+02, 1.36701889e+02,
    1.57809143e+02, 1.56320557e+02, 1.74218918e+02, 1.55497711e+02,
    1.90435150e+02, 1.54803909e+02, 2.06660873e+02, 1.54173431e+02,
    2.22670486e+02, 1.53389450e+02, 2.38623306e+02, 1.52639908e+02,
    1.58589828e+02, 1.72290604e+02, 1.75106400e+02, 1.71431946e+02,
    1.91367508e+02, 1.70600601e+02, 2.07497696e+02, 1.69897125e+02,
    2.23621338e+02, 1.69136734e+02, 2.39557724e+02, 1.68398422e+02,
    1.59480270e+02, 1.88365585e+02, 1.75844925e+02, 1.87458328e+02,
    1.92325500e+02, 1.86673904e+02, 2.08175186e+02, 1.85757584e+02,
    2.24515625e+02, 1.85282562e+02, 2.40464386e+02, 1.84244766e+02 ]
