%YAML:1.0
---
points: [ 5.71671875e+02, 1.63485992e+02, 6.19497864e+02, 1.62500122e+02,
    6.67067200e+02, 1.61553299e+02, 7.14064575e+02, 1.60650116e+02,
    7.60894531e+02, 1.59737808e+02, 8.07493164e+02, 1.58720612e+02,
    5.74111572e+02, 2.10228668e+02, 6.22043579e+02, 2.09111404e+02,
    6.69519470e+02, 2.08013626e+02, 7.16591431e+02, 2.06917053e+02,
    7.63359314e+02, 2.05883530e+02, 8.09841187e+02, 2.04627075e+02,
    5.76610596e+02, 2.57231232e+02, 6.24645203e+02, 2.56000153e+02,
    6.72017212e+02, 2.54795746e+02, 7.18947083e+02, 2.53543549e+02,
    7.65659546e+02, 2.52123489e+02, 8.12137573e+02, 2.50684921e+02,
    5.79815979e+02, 3.04363647e+02, 6.27591492e+02, 3.02999390e+02,
    6.74971497e+02, 3.01688690e+02, 7.21734863e+02, 3.00217316e+02,
    7.68304077e+02, 2.98613953e+02, 8.14554688e+02, 2.97262268e+02,
    5.82566162e+02, 3.51229797e+02, 6.30280884e+02, 3.49666687e+02,
    6.77512390e+02, 3.48162659e+02, 7.24177490e+02, 3.46445862e+02,
    7.70637024e+02, 3.44832794e+02, 8.16889404e+02, 3.43292145e+02,
    5.85060181e+02, 3.97519684e+02, 6.32734497e+02, 3.95811157e+02,
    6.79941101e+02, 3.93901154e+02, 7.26606201e+02, 3.92396515e+02,
    7.73027832e+02, 3.90710358e+02, 8.19191895e+02, 3.88828491e+02,
    5.86608704e+02, 4.43462799e+02, 6.34222900e+02, 4.41424652e+02,
    6.81514709e+02, 4.39569733e+02, 7.28421753e+02, 4.37733673e+02,
    7.75023438e+02, 4.35899750e+02, 8.21400085e+02, 4.34214539e+02,
    5.88684387e+02, 4.89807861e+02, 6.36362061e+02, 4.87649323e+02,
    6.83462708e+02, 4.85662292e+02, 7.30212280e+02, 4.83504974e+02,
    7.76709412e+02, 4.81643707e+02, 8.23292664e+02, 4.79806793e+02 ]
