%YAML:1.0
---
points: [ 7.23983337e+02, 1.29321167e+02, 7.70774902e+02, 1.27357262e+02,
    8.17278259e+02, 1.25230591e+02, 8.63218445e+02, 1.23346657e+02,
    9.08993530e+02, 1.21273178e+02, 9.54655762e+02, 1.19322083e+02,
    7.27485291e+02, 1.75595612e+02, 7.74295288e+02, 1.73415268e+02,
    8.20453735e+02, 1.71338913e+02, 8.66433533e+02, 1.69260635e+02,
    9.12219116e+02, 1.67057785e+02, 9.57948364e+02, 1.64953659e+02,
    7.30975464e+02, 2.22284164e+02, 7.77551086e+02, 2.19992432e+02,
    8.23693359e+02, 2.17824478e+02, 8.69711060e+02, 2.15411713e+02,
    9.15511353e+02, 2.13121155e+02, 9.60996277e+02, 2.10674713e+02,
    7.34494690e+02, 2.69001831e+02, 7.81154480e+02, 2.66589081e+02,
    8.27260620e+02, 2.64315887e+02, 8.72993347e+02, 2.61764618e+02,
    9.18581299e+02, 2.59414215e+02, 9.64169922e+02, 2.56801544e+02,
    7.38265686e+02, 3.15318573e+02, 7.84618042e+02, 3.12818848e+02,
    8.30496216e+02, 3.10328552e+02, 8.76133545e+02, 3.07744507e+02,
    9.21752014e+02, 3.05089203e+02, 9.67039856e+02, 3.02565338e+02,
    7.41483826e+02, 3.61049133e+02, 7.87620789e+02, 3.58422821e+02,
    8.33660278e+02, 3.55698639e+02, 8.79398254e+02, 3.53148743e+02,
    9.24790161e+02, 3.50484100e+02, 9.70195496e+02, 3.47916626e+02,
    7.44395691e+02, 4.06388275e+02, 7.90653076e+02, 4.03390259e+02,
    8.36658813e+02, 4.00602386e+02, 8.82366638e+02, 3.97857544e+02,
    9.27981506e+02, 3.95292145e+02, 9.73457397e+02, 3.92604767e+02,
    7.47467651e+02, 4.52091278e+02, 7.93626099e+02, 4.49089417e+02,
    8.39682983e+02, 4.46022400e+02, 8.85520996e+02, 4.43132874e+02,
    9.31268616e+02, 4.40306793e+02, 9.76528137e+02, 4.37782196e+02 ]
