%YAML:1.0
---
points: [ 2.04914383e+02, 6.23703308e+01, 2.21151047e+02, 6.15429535e+01,
    2.37054214e+02, 6.06850891e+01, 2.53112930e+02, 5.97791290e+01,
    2.68874268e+02, 5.88872032e+01, 2.84820557e+02, 5.79775505e+01,
    2.06322510e+02, 7.84707718e+01, 2.22313354e+02, 7.76014481e+01,
    2.38423615e+02, 7.66259613e+01, 2.54328812e+02, 7.56957169e+01,
    2.70207306e+02, 7.47789459e+01, 2.86047638e+02, 7.38378067e+01,
    2.07577911e+02, 9.47374268e+01, 2.23704346e+02, 9.37901230e+01,
    2.39647247e+02, 9.29128799e+01, 2.55617737e+02, 9.18241196e+01,
    2.71402283e+02, 9.08078918e+01, 2.87262421e+02, 8.98256226e+01,
    2.08965485e+02, 1.11051498e+02, 2.24997467e+02, 1.10075813e+02,
    2.40963303e+02, 1.09051819e+02, 2.56764282e+02, 1.08095879e+02,
    2.72568329e+02, 1.07032417e+02, 2.88376190e+02, 1.05970230e+02,
    2.10331543e+02, 1.27219467e+02, 2.26326828e+02, 1.26202591e+02,
    2.42215576e+02, 1.25204025e+02, 2.58024078e+02, 1.24096771e+02,
    2.73767609e+02, 1.23050957e+02, 2.89476196e+02, 1.21966072e+02,
    2.11665817e+02, 1.43152328e+02, 2.27675308e+02, 1.42128510e+02,
    2.43489807e+02, 1.40976517e+02, 2.59273346e+02, 1.39941833e+02,
    2.74939362e+02, 1.38903214e+02, 2.90687164e+02, 1.37773132e+02,
    2.12906219e+02, 1.58909256e+02, 2.28886734e+02, 1.57766953e+02,
    2.44812836e+02, 1.56605042e+02, 2.60539124e+02, 1.55568634e+02,
    2.76275787e+02, 1.54478394e+02, 2.91968231e+02, 1.53437531e+02,
    2.14581940e+02, 1.74704880e+02, 2.29571213e+02, 1.72122391e+02,
    2.46442596e+02, 1.72104385e+02, 2.61688843e+02, 1.71287338e+02,
    2.77633728e+02, 1.70110199e+02, 2.93262024e+02, 1.69073807e+02 ]
