%YAML:1.0
---
points: [ 2.40598145e+02, 5.41875076e+01, 2.56711975e+02, 5.34103851e+01,
    2.72585175e+02, 5.27313652e+01, 2.88343781e+02, 5.19972153e+01,
    3.04044434e+02, 5.13161736e+01, 3.19819122e+02, 5.07325020e+01,
    2.41759079e+02, 7.01496658e+01, 2.57733124e+02, 6.93798141e+01,
    2.73663177e+02, 6.86536713e+01, 2.89420837e+02, 6.79102859e+01,
    3.05203430e+02, 6.71779099e+01, 3.20915771e+02, 6.63506317e+01,
    2.42759979e+02, 8.63110809e+01, 2.58794128e+02, 8.55153656e+01,
    2.74630310e+02, 8.47330704e+01, 2.90397217e+02, 8.39084854e+01,
    3.06158569e+02, 8.31223297e+01, 3.21908691e+02, 8.22603226e+01,
    2.43876465e+02, 1.02509720e+02, 2.59806702e+02, 1.01804428e+02,
    2.75582428e+02, 1.00927063e+02, 2.91335052e+02, 1.00059906e+02,
    3.07106506e+02, 9.92388306e+01, 3.22696136e+02, 9.82776413e+01,
    2.44888107e+02, 1.18706123e+02, 2.60749390e+02, 1.17853615e+02,
    2.76513275e+02, 1.17054619e+02, 2.92234070e+02, 1.16124962e+02,
    3.07906860e+02, 1.15200157e+02, 3.23561340e+02, 1.14267639e+02,
    2.45974747e+02, 1.34588806e+02, 2.61810852e+02, 1.33757645e+02,
    2.77515625e+02, 1.32838440e+02, 2.93183197e+02, 1.31959320e+02,
    3.08860321e+02, 1.31102859e+02, 3.24422424e+02, 1.30180695e+02,
    2.47053452e+02, 1.50272598e+02, 2.62911652e+02, 1.49300247e+02,
    2.78702240e+02, 1.48360153e+02, 2.94339355e+02, 1.47497375e+02,
    3.09997894e+02, 1.46594223e+02, 3.25573303e+02, 1.45734741e+02,
    2.48330597e+02, 1.66425140e+02, 2.63903748e+02, 1.65111359e+02,
    2.79843475e+02, 1.64080307e+02, 2.95471436e+02, 1.63118362e+02,
    3.11160370e+02, 1.62214325e+02, 3.26745239e+02, 1.61308624e+02 ]
