%YAML:1.0
---
points: [ 8.27639771e+02, 1.06736008e+02, 8.73838684e+02, 1.05219055e+02,
    9.19548279e+02, 1.03677307e+02, 9.65161987e+02, 1.02234299e+02,
    1.01066870e+03, 1.00741425e+02, 1.05587439e+03, 9.91146469e+01,
    8.30074097e+02, 1.52708466e+02, 8.76431702e+02, 1.51122345e+02,
    9.22293335e+02, 1.49547195e+02, 9.67775696e+02, 1.47889435e+02,
    1.01303992e+03, 1.46203552e+02, 1.05845032e+03, 1.44596497e+02,
    8.32971252e+02, 1.99119217e+02, 8.79015747e+02, 1.97487076e+02,
    9.24737671e+02, 1.95756439e+02, 9.70265320e+02, 1.93762222e+02,
    1.01574042e+03, 1.91968338e+02, 1.06078430e+03, 1.90299240e+02,
    8.35720825e+02, 2.45587097e+02, 8.81648315e+02, 2.43894791e+02,
    9.27351318e+02, 2.42004196e+02, 9.72651733e+02, 2.40112503e+02,
    1.01784711e+03, 2.38342178e+02, 1.06311035e+03, 2.36212128e+02,
    8.38483337e+02, 2.91874542e+02, 8.84389587e+02, 2.90069672e+02,
    9.29733276e+02, 2.88004150e+02, 9.74977051e+02, 2.86133026e+02,
    1.02019745e+03, 2.83966675e+02, 1.06519031e+03, 2.81962860e+02,
    8.41127136e+02, 3.37475647e+02, 8.86793457e+02, 3.35264252e+02,
    9.32432251e+02, 3.33360443e+02, 9.77482178e+02, 3.31279327e+02,
    1.02255377e+03, 3.29277466e+02, 1.06750208e+03, 3.27312225e+02,
    8.43561951e+02, 3.82283264e+02, 8.89505676e+02, 3.80048126e+02,
    9.34911255e+02, 3.77750671e+02, 9.80278076e+02, 3.75777435e+02,
    1.02538623e+03, 3.73775024e+02, 1.07017200e+03, 3.71783447e+02,
    8.45919189e+02, 4.27729584e+02, 8.91834473e+02, 4.25198059e+02,
    9.37694824e+02, 4.22871460e+02, 9.82970215e+02, 4.20509064e+02,
    1.02820740e+03, 4.18523560e+02, 1.07322571e+03, 4.16653320e+02 ]
