%YAML:1.0
---
points: [ 9.06206726e+02, 9.77606964e+01, 9.51965637e+02, 9.61691818e+01,
    9.97388611e+02, 9.44784851e+01, 1.04267041e+03, 9.28222427e+01,
    1.08753528e+03, 9.13398056e+01, 1.13253186e+03, 8.96864853e+01,
    9.08740356e+02, 1.43543579e+02, 9.54515137e+02, 1.41691696e+02,
    1.00001868e+03, 1.40051727e+02, 1.04513074e+03, 1.38377960e+02,
    1.09023706e+03, 1.36597595e+02, 1.13520068e+03, 1.34750412e+02,
    9.11523438e+02, 1.89732559e+02, 9.57108582e+02, 1.87887344e+02,
    1.00246252e+03, 1.86178314e+02, 1.04767273e+03, 1.84180054e+02,
    1.09267834e+03, 1.82185135e+02, 1.13762292e+03, 1.80365967e+02,
    9.14001038e+02, 2.36094238e+02, 9.59596436e+02, 2.34254944e+02,
    1.00494159e+03, 2.32349869e+02, 1.04972791e+03, 2.30252884e+02,
    1.09479712e+03, 2.28338120e+02, 1.13966028e+03, 2.26226425e+02,
    9.16686035e+02, 2.82210754e+02, 9.62070068e+02, 2.80357788e+02,
    1.00724475e+03, 2.78179077e+02, 1.05210095e+03, 2.76138489e+02,
    1.09675696e+03, 2.73998383e+02, 1.14166101e+03, 2.71829254e+02,
    9.19230103e+02, 3.27555939e+02, 9.64645996e+02, 3.25358551e+02,
    1.00981903e+03, 3.23354187e+02, 1.05448096e+03, 3.21175659e+02,
    1.09928967e+03, 3.19065155e+02, 1.14377686e+03, 3.17056152e+02,
    9.22019104e+02, 3.71952911e+02, 9.67477600e+02, 3.69670441e+02,
    1.01257153e+03, 3.67417236e+02, 1.05767627e+03, 3.65467834e+02,
    1.10226721e+03, 3.63391052e+02, 1.14693689e+03, 3.61338257e+02,
    9.24515625e+02, 4.17198029e+02, 9.70277100e+02, 4.14453735e+02,
    1.01580200e+03, 4.12158966e+02, 1.06066235e+03, 4.09652557e+02,
    1.10570264e+03, 4.07706451e+02, 1.15006750e+03, 4.05898834e+02 ]
