%YAML:1.0
---
points: [ 2.67787201e+02, 5.07083740e+01, 2.83814880e+02, 4.99426727e+01,
    2.99449890e+02, 4.92317314e+01, 3.15280151e+02, 4.86662292e+01,
    3.30688843e+02, 4.79149818e+01, 3.46321869e+02, 4.73048820e+01,
    2.69000916e+02, 6.66149521e+01, 2.84869202e+02, 6.58129578e+01,
    3.00624786e+02, 6.50273285e+01, 3.16233948e+02, 6.42546463e+01,
    3.31900635e+02, 6.35400467e+01, 3.47377808e+02, 6.28425560e+01,
    2.69935120e+02, 8.27381210e+01, 2.85881317e+02, 8.19182510e+01,
    3.01632996e+02, 8.11096497e+01, 3.17290649e+02, 8.01687851e+01,
    3.32924927e+02, 7.93035126e+01, 3.48522247e+02, 7.85280075e+01,
    2.71000977e+02, 9.89539108e+01, 2.86765259e+02, 9.80928497e+01,
    3.02530853e+02, 9.71755753e+01, 3.18108459e+02, 9.63337631e+01,
    3.33751923e+02, 9.53546524e+01, 3.49320068e+02, 9.45065842e+01,
    2.71944214e+02, 1.15021515e+02, 2.87670654e+02, 1.14096817e+02,
    3.03315765e+02, 1.13246513e+02, 3.18857666e+02, 1.12190346e+02,
    3.34539520e+02, 1.11325615e+02, 3.50182434e+02, 1.10384239e+02,
    2.72927582e+02, 1.30879929e+02, 2.88723480e+02, 1.29974335e+02,
    3.04289307e+02, 1.29020218e+02, 3.19942657e+02, 1.28120117e+02,
    3.35473541e+02, 1.27178795e+02, 3.51062958e+02, 1.26184814e+02,
    2.74112701e+02, 1.46363373e+02, 2.89929108e+02, 1.45387482e+02,
    3.05586029e+02, 1.44470810e+02, 3.21161255e+02, 1.43497253e+02,
    3.36747009e+02, 1.42541245e+02, 3.52213928e+02, 1.41684113e+02,
    2.75309204e+02, 1.62058670e+02, 2.91050385e+02, 1.61031067e+02,
    3.06913147e+02, 1.59988235e+02, 3.22545929e+02, 1.59034454e+02,
    3.38147797e+02, 1.58068100e+02, 3.53562561e+02, 1.57295578e+02 ]
