%YAML:1.0
---
points: [ 2.89870056e+02, 5.26909256e+01, 3.05710297e+02, 5.33681030e+01,
    3.21270508e+02, 5.40730019e+01, 3.37054565e+02, 5.48191986e+01,
    3.52326416e+02, 5.55780296e+01, 3.67925446e+02, 5.63642654e+01,
    2.89564606e+02, 6.84639816e+01, 3.05275177e+02, 6.92060547e+01,
    3.21026825e+02, 6.97814941e+01, 3.36580627e+02, 7.03432083e+01,
    3.52174408e+02, 7.10692520e+01, 3.67582275e+02, 7.18002090e+01,
    2.89106201e+02, 8.44276505e+01, 3.04885132e+02, 8.50928268e+01,
    3.20540192e+02, 8.56490555e+01, 3.36296661e+02, 8.61883011e+01,
    3.51856842e+02, 8.68009491e+01, 3.67397278e+02, 8.73598175e+01,
    2.88665955e+02, 1.00466560e+02, 3.04432831e+02, 1.01096512e+02,
    3.20148956e+02, 1.01409882e+02, 3.35783661e+02, 1.02134254e+02,
    3.51344940e+02, 1.02619164e+02, 3.66908539e+02, 1.03233574e+02,
    2.88203400e+02, 1.16457771e+02, 3.04010773e+02, 1.17117271e+02,
    3.19614075e+02, 1.17499168e+02, 3.35275543e+02, 1.18057007e+02,
    3.50895813e+02, 1.18430817e+02, 3.66418335e+02, 1.19012276e+02,
    2.87799316e+02, 1.32331635e+02, 3.03507324e+02, 1.32882355e+02,
    3.19191254e+02, 1.33236511e+02, 3.34849487e+02, 1.33780655e+02,
    3.50368500e+02, 1.34201324e+02, 3.66023315e+02, 1.34733322e+02,
    2.87394196e+02, 1.48155502e+02, 3.03205048e+02, 1.48590134e+02,
    3.18792297e+02, 1.49164200e+02, 3.34411285e+02, 1.49445526e+02,
    3.50053558e+02, 1.49966034e+02, 3.65678711e+02, 1.50338745e+02,
    2.87111237e+02, 1.63873764e+02, 3.02832642e+02, 1.64321884e+02,
    3.18463715e+02, 1.64701309e+02, 3.34160583e+02, 1.65202194e+02,
    3.49827942e+02, 1.65551804e+02, 3.65447235e+02, 1.66040100e+02 ]
