%YAML:1.0
---
points: [ 9.69540588e+02, 1.04247658e+02, 1.01509271e+03, 1.06785095e+02,
    1.06019690e+03, 1.09015343e+02, 1.10518506e+03, 1.11397629e+02,
    1.14994287e+03, 1.13676788e+02, 1.19476050e+03, 1.16054764e+02,
    9.68118896e+02, 1.49723053e+02, 1.01350836e+03, 1.52003021e+02,
    1.05874670e+03, 1.54405853e+02, 1.10363403e+03, 1.56436218e+02,
    1.14855701e+03, 1.58812607e+02, 1.19338208e+03, 1.60957703e+02,
    9.66492859e+02, 1.95488556e+02, 1.01198822e+03, 1.97716431e+02,
    1.05723486e+03, 1.99746368e+02, 1.10204590e+03, 2.01953766e+02,
    1.14719788e+03, 2.03847687e+02, 1.19175220e+03, 2.06142105e+02,
    9.65020752e+02, 2.41325500e+02, 1.01044983e+03, 2.43541595e+02,
    1.05545154e+03, 2.45447037e+02, 1.10046826e+03, 2.47493179e+02,
    1.14517712e+03, 2.49564041e+02, 1.19000293e+03, 2.51480698e+02,
    9.63510986e+02, 2.87082336e+02, 1.00868188e+03, 2.89036896e+02,
    1.05378870e+03, 2.91082672e+02, 1.09862573e+03, 2.92934509e+02,
    1.14346948e+03, 2.94952118e+02, 1.18807104e+03, 2.96872467e+02,
    9.61860962e+02, 3.32440033e+02, 1.00728296e+03, 3.34394989e+02,
    1.05230872e+03, 3.36203644e+02, 1.09688953e+03, 3.38257385e+02,
    1.14175940e+03, 3.40033630e+02, 1.18638110e+03, 3.41806335e+02,
    9.60418640e+02, 3.77416992e+02, 1.00585583e+03, 3.79348755e+02,
    1.05070386e+03, 3.81234741e+02, 1.09559375e+03, 3.82897095e+02,
    1.14036816e+03, 3.84829529e+02, 1.18516589e+03, 3.86604645e+02,
    9.58974670e+02, 4.22628479e+02, 1.00435681e+03, 4.24382507e+02,
    1.04946936e+03, 4.26131378e+02, 1.09441333e+03, 4.28007812e+02,
    1.13919348e+03, 4.29611389e+02, 1.18384436e+03, 4.31426727e+02 ]
