%YAML:1.0
---
points: [ 1.10356824e+03, 1.28397049e+02, 1.15123083e+03, 1.29362656e+02,
    1.19893018e+03, 1.30292313e+02, 1.24655908e+03, 1.31284622e+02,
    1.29464453e+03, 1.32369415e+02, 1.34263110e+03, 1.33350052e+02,
    1.10174158e+03, 1.76670074e+02, 1.14919409e+03, 1.77786133e+02,
    1.19662280e+03, 1.78783203e+02, 1.24420239e+03, 1.79884140e+02,
    1.29183691e+03, 1.80925018e+02, 1.33991614e+03, 1.81854599e+02,
    1.09984131e+03, 2.25094513e+02, 1.14706433e+03, 2.26268585e+02,
    1.19432263e+03, 2.27317917e+02, 1.24165417e+03, 2.28418762e+02,
    1.28947229e+03, 2.29304810e+02, 1.33725989e+03, 2.30328659e+02,
    1.09762073e+03, 2.73220703e+02, 1.14460950e+03, 2.74364563e+02,
    1.19170374e+03, 2.75502716e+02, 1.23883838e+03, 2.76582428e+02,
    1.28632776e+03, 2.77548676e+02, 1.33388965e+03, 2.78709534e+02,
    1.09561682e+03, 3.20702820e+02, 1.14243176e+03, 3.22051392e+02,
    1.18925110e+03, 3.23176605e+02, 1.23624121e+03, 3.24334076e+02,
    1.28332190e+03, 3.25397888e+02, 1.33072778e+03, 3.26609528e+02,
    1.09368372e+03, 3.67502106e+02, 1.14026892e+03, 3.68969238e+02,
    1.18683057e+03, 3.70227539e+02, 1.23349915e+03, 3.71410980e+02,
    1.28049280e+03, 3.72587860e+02, 1.32778552e+03, 3.73898529e+02,
    1.09184265e+03, 4.13798920e+02, 1.13839832e+03, 4.15340271e+02,
    1.18480701e+03, 4.16781464e+02, 1.23133887e+03, 4.18161652e+02,
    1.27817212e+03, 4.19331696e+02, 1.32533264e+03, 4.20642548e+02,
    1.09026587e+03, 4.60273438e+02, 1.13657910e+03, 4.61624573e+02,
    1.18285889e+03, 4.63078522e+02, 1.22935681e+03, 4.64576721e+02,
    1.27615820e+03, 4.65863892e+02, 1.32314319e+03, 4.67264832e+02 ]
