%YAML:1.0
---
points: [ 3.37827576e+02, 6.08670769e+01, 3.54493011e+02, 6.11512299e+01,
    3.70815094e+02, 6.15504761e+01, 3.87398163e+02, 6.18051834e+01,
    4.03720245e+02, 6.23171425e+01, 4.20072906e+02, 6.27849884e+01,
    3.37325714e+02, 7.75788422e+01, 3.53850769e+02, 7.78646317e+01,
    3.70351990e+02, 7.80915527e+01, 3.86872559e+02, 7.85262604e+01,
    4.03232544e+02, 7.88628311e+01, 4.19598816e+02, 7.94541626e+01,
    3.36623993e+02, 9.43546982e+01, 3.53173279e+02, 9.46390152e+01,
    3.69673950e+02, 9.49391022e+01, 3.86211609e+02, 9.51906967e+01,
    4.02598907e+02, 9.56798019e+01, 4.19067993e+02, 9.59847336e+01,
    3.35977020e+02, 1.11190666e+02, 3.52364105e+02, 1.11381454e+02,
    3.68844696e+02, 1.11621292e+02, 3.85294800e+02, 1.11900993e+02,
    4.01782013e+02, 1.12272591e+02, 4.18126160e+02, 1.12729614e+02,
    3.35209686e+02, 1.27834366e+02, 3.51589478e+02, 1.28045990e+02,
    3.67992920e+02, 1.28297501e+02, 3.84384827e+02, 1.28542099e+02,
    4.00825531e+02, 1.28898209e+02, 4.17177063e+02, 1.29116104e+02,
    3.34524475e+02, 1.44237091e+02, 3.50824646e+02, 1.44449844e+02,
    3.67245087e+02, 1.44678421e+02, 3.83570160e+02, 1.45038223e+02,
    3.99906158e+02, 1.45286591e+02, 4.16296051e+02, 1.45682373e+02,
    3.33873901e+02, 1.60385818e+02, 3.50180969e+02, 1.60698242e+02,
    3.66549561e+02, 1.61028137e+02, 3.82810883e+02, 1.61268387e+02,
    3.99245728e+02, 1.61563675e+02, 4.15552734e+02, 1.61890869e+02,
    3.33307892e+02, 1.76496338e+02, 3.49599457e+02, 1.76914185e+02,
    3.65969635e+02, 1.77234604e+02, 3.82341309e+02, 1.77517670e+02,
    3.98710419e+02, 1.77893997e+02, 4.14944183e+02, 1.78285736e+02 ]
