%YAML:1.0
---
points: [ 2.07102234e+02, 2.80328827e+02, 2.06043991e+02, 2.92635773e+02,
    2.04918121e+02, 3.06304688e+02, 2.03569794e+02, 3.21163635e+02,
    2.02217041e+02, 3.38054993e+02, 2.00541534e+02, 3.57110565e+02,
    1.87278061e+02, 2.81005341e+02, 1.85329391e+02, 2.93479645e+02,
    1.82952225e+02, 3.07137970e+02, 1.80561996e+02, 3.22199951e+02,
    1.77683792e+02, 3.39188232e+02, 1.74608612e+02, 3.58222595e+02,
    1.67400635e+02, 2.81874786e+02, 1.64341858e+02, 2.94412445e+02,
    1.60984238e+02, 3.08200653e+02, 1.57145966e+02, 3.23275116e+02,
    1.53041260e+02, 3.40093262e+02, 1.48283737e+02, 3.59193573e+02,
    1.47280243e+02, 2.82786285e+02, 1.43204788e+02, 2.95296692e+02,
    1.38629730e+02, 3.09187958e+02, 1.33704407e+02, 3.24454407e+02,
    1.28155090e+02, 3.41472107e+02, 1.22068779e+02, 3.60622314e+02,
    1.27184258e+02, 2.83689789e+02, 1.21974808e+02, 2.96236450e+02,
    1.16300797e+02, 3.10076263e+02, 1.10205521e+02, 3.25275940e+02,
    1.03383789e+02, 3.42432037e+02, 9.59941406e+01, 3.61365021e+02,
    1.06770660e+02, 2.84417389e+02, 1.00734055e+02, 2.96959534e+02,
    9.41091003e+01, 3.10848053e+02, 8.68015823e+01, 3.26329620e+02,
    7.87872543e+01, 3.43266022e+02, 7.00560226e+01, 3.61929291e+02,
    8.66552429e+01, 2.85058899e+02, 7.94706039e+01, 2.97670593e+02,
    7.18187408e+01, 3.11499573e+02, 6.34984627e+01, 3.26706757e+02,
    5.45131416e+01, 3.43451630e+02, 4.50153656e+01, 3.61726074e+02,
    6.63061905e+01, 2.85277740e+02, 5.83455849e+01, 2.97914551e+02,
    4.98184700e+01, 3.11458221e+02, 4.05892868e+01, 3.26453369e+02,
    3.08255348e+01, 3.42589661e+02, 2.03606739e+01, 3.60548767e+02 ]
