%YAML:1.0
---
points: [ 7.04551636e+02, 7.55699097e+02, 6.95692078e+02, 7.91379761e+02,
    6.85911499e+02, 8.30320374e+02, 6.74869873e+02, 8.73541382e+02,
    6.62541443e+02, 9.22414429e+02, 6.48685791e+02, 9.77201721e+02,
    6.47293091e+02, 7.57440430e+02, 6.35471069e+02, 7.93223816e+02,
    6.22174133e+02, 8.32549622e+02, 6.07564575e+02, 8.76033813e+02,
    5.91010864e+02, 9.25080383e+02, 5.72487305e+02, 9.80536133e+02,
    5.89174561e+02, 7.59420349e+02, 5.74223999e+02, 7.95537659e+02,
    5.57855347e+02, 8.34874512e+02, 5.39408264e+02, 8.78620544e+02,
    5.18710388e+02, 9.27897278e+02, 4.95473022e+02, 9.83219971e+02,
    5.30764099e+02, 7.61468018e+02, 5.12924194e+02, 7.97636414e+02,
    4.92816498e+02, 8.37492126e+02, 4.70923035e+02, 8.81593811e+02,
    4.46059479e+02, 9.31269653e+02, 4.18448730e+02, 9.87118225e+02,
    4.71883392e+02, 7.63514404e+02, 4.50757111e+02, 7.99679993e+02,
    4.27582947e+02, 8.39654907e+02, 4.01534729e+02, 8.84227295e+02,
    3.72744141e+02, 9.34252686e+02, 3.39945343e+02, 9.90707642e+02,
    4.12606812e+02, 7.65454285e+02, 3.88491302e+02, 8.01886475e+02,
    3.61636780e+02, 8.42180664e+02, 3.32271729e+02, 8.86864014e+02,
    2.98773529e+02, 9.37435120e+02, 2.62066437e+02, 9.93762024e+02,
    3.53173401e+02, 7.66704834e+02, 3.25629730e+02, 8.03533386e+02,
    2.95566498e+02, 8.43957275e+02, 2.61843658e+02, 8.88919678e+02,
    2.24686462e+02, 9.39197510e+02, 1.82298050e+02, 9.95943420e+02,
    2.92576538e+02, 7.67626343e+02, 2.62096039e+02, 8.04097900e+02,
    2.28098557e+02, 8.44537842e+02, 1.90869507e+02, 8.89144165e+02,
    1.48951508e+02, 9.39194641e+02, 1.02714111e+02, 9.96340698e+02 ]
