%YAML:1.0
---
points: [ 8.38493713e+02, 7.33976440e+02, 8.36387634e+02, 7.69995239e+02,
    8.33886597e+02, 8.09411377e+02, 8.31255188e+02, 8.52855774e+02,
    8.28369568e+02, 9.01698181e+02, 8.24716736e+02, 9.56388489e+02,
    7.82575806e+02, 7.35033508e+02, 7.77792358e+02, 7.71324646e+02,
    7.72260986e+02, 8.11188965e+02, 7.66192932e+02, 8.54854858e+02,
    7.59306335e+02, 9.03864075e+02, 7.51511475e+02, 9.59185669e+02,
    7.26406433e+02, 7.36430786e+02, 7.18477051e+02, 7.72865295e+02,
    7.09875671e+02, 8.13056702e+02, 7.00475098e+02, 8.56803711e+02,
    6.89547485e+02, 9.06194031e+02, 6.77346985e+02, 9.61493591e+02,
    6.69512085e+02, 7.38242676e+02, 6.58806458e+02, 7.74748718e+02,
    6.47055969e+02, 8.14732483e+02, 6.33784424e+02, 8.59438232e+02,
    6.18891602e+02, 9.09165039e+02, 6.02489990e+02, 9.65145996e+02,
    6.12155273e+02, 7.39679871e+02, 5.98343262e+02, 7.76435425e+02,
    5.83302368e+02, 8.16854370e+02, 5.66543152e+02, 8.61474915e+02,
    5.47678162e+02, 9.11841919e+02, 5.26702576e+02, 9.68092346e+02,
    5.54210632e+02, 7.41158264e+02, 5.37578308e+02, 7.78203857e+02,
    5.19303101e+02, 8.18723083e+02, 4.98910187e+02, 8.64090454e+02,
    4.76207214e+02, 9.14358582e+02, 4.50861877e+02, 9.71072876e+02,
    4.95896790e+02, 7.42430115e+02, 4.76297211e+02, 7.79509033e+02,
    4.54705505e+02, 8.20352661e+02, 4.30590546e+02, 8.65417664e+02,
    4.03722229e+02, 9.15977844e+02, 3.73433258e+02, 9.72821777e+02,
    4.36810272e+02, 7.42968811e+02, 4.14106689e+02, 7.80017395e+02,
    3.88932892e+02, 8.20647766e+02, 3.61242401e+02, 8.65597046e+02,
    3.29863983e+02, 9.15976685e+02, 2.95401703e+02, 9.73522095e+02 ]
