%YAML:1.0
---
points: [ 2.53020081e+02, 2.72269470e+02, 2.54224457e+02, 2.84744873e+02,
    2.55557053e+02, 2.98618439e+02, 2.56987823e+02, 3.13652740e+02,
    2.58644165e+02, 3.30604309e+02, 2.60432892e+02, 3.49592834e+02,
    2.33743759e+02, 2.72861664e+02, 2.34045319e+02, 2.85386597e+02,
    2.34271896e+02, 2.99299316e+02, 2.34613281e+02, 3.14428375e+02,
    2.34945419e+02, 3.31543976e+02, 2.35380753e+02, 3.50602112e+02,
    2.14384521e+02, 2.73569489e+02, 2.13641800e+02, 2.86193115e+02,
    2.12880936e+02, 3.00105560e+02, 2.11969345e+02, 3.15328308e+02,
    2.11047394e+02, 3.32352081e+02, 2.09807785e+02, 3.51652191e+02,
    1.94811096e+02, 2.74264832e+02, 1.93168076e+02, 2.86892303e+02,
    1.91214081e+02, 3.00955963e+02, 1.89182693e+02, 3.16363129e+02,
    1.86779327e+02, 3.33641205e+02, 1.84222153e+02, 3.52995697e+02,
    1.75122147e+02, 2.75004608e+02, 1.72335159e+02, 2.87762604e+02,
    1.69429535e+02, 3.01770782e+02, 1.66034332e+02, 3.17312836e+02,
    1.62395126e+02, 3.34661041e+02, 1.58296997e+02, 3.54055969e+02,
    1.55180695e+02, 2.75707947e+02, 1.51561783e+02, 2.88494354e+02,
    1.47338669e+02, 3.02639069e+02, 1.42913864e+02, 3.18257751e+02,
    1.37857101e+02, 3.35781525e+02, 1.32438400e+02, 3.55109344e+02,
    1.35167145e+02, 2.76303467e+02, 1.30377472e+02, 2.89140015e+02,
    1.25254448e+02, 3.03374390e+02, 1.19490570e+02, 3.18947662e+02,
    1.13284721e+02, 3.36215637e+02, 1.06439980e+02, 3.55431519e+02,
    1.14874908e+02, 2.76583527e+02, 1.09258766e+02, 2.89399200e+02,
    1.02918938e+02, 3.03464233e+02, 9.60591660e+01, 3.19073578e+02,
    8.85762329e+01, 3.36030212e+02, 8.03324585e+01, 3.55352997e+02 ]
