%YAML:1.0
---
points: [ 2.99501740e+02, 2.67732208e+02, 3.02788696e+02, 2.80184845e+02,
    3.06495941e+02, 2.93931183e+02, 3.10464081e+02, 3.08925842e+02,
    3.14990967e+02, 3.25776947e+02, 3.19940674e+02, 3.44430267e+02,
    2.80511261e+02, 2.68023865e+02, 2.82895477e+02, 2.80684265e+02,
    2.85491241e+02, 2.94422272e+02, 2.88567902e+02, 3.09482147e+02,
    2.91794006e+02, 3.26467468e+02, 2.95490021e+02, 3.45248566e+02,
    2.61501312e+02, 2.68589203e+02, 2.62967255e+02, 2.81156464e+02,
    2.64595551e+02, 2.95029266e+02, 2.66396149e+02, 3.10168854e+02,
    2.68406494e+02, 3.27017426e+02, 2.70653900e+02, 3.46022369e+02,
    2.42348022e+02, 2.69011597e+02, 2.42909058e+02, 2.81759399e+02,
    2.43405029e+02, 2.95709259e+02, 2.44176941e+02, 3.11006683e+02,
    2.44771591e+02, 3.28047119e+02, 2.45684921e+02, 3.47234070e+02,
    2.23099869e+02, 2.69649139e+02, 2.22709244e+02, 2.82295471e+02,
    2.22293137e+02, 2.96263000e+02, 2.21697174e+02, 3.11681396e+02,
    2.21140747e+02, 3.28905762e+02, 2.20473862e+02, 3.48199799e+02,
    2.03750870e+02, 2.70160736e+02, 2.02352417e+02, 2.82934418e+02,
    2.00766754e+02, 2.96981262e+02, 1.99133881e+02, 3.12522583e+02,
    1.97234695e+02, 3.29858215e+02, 1.95214523e+02, 3.49245667e+02,
    1.84201553e+02, 2.70679504e+02, 1.81809723e+02, 2.83429810e+02,
    1.79241226e+02, 2.97575562e+02, 1.76298538e+02, 3.13129456e+02,
    1.73147934e+02, 3.30452179e+02, 1.69462082e+02, 3.49890991e+02,
    1.64309769e+02, 2.70906433e+02, 1.60840164e+02, 2.83716309e+02,
    1.57273209e+02, 2.97706970e+02, 1.53221313e+02, 3.13229919e+02,
    1.48637024e+02, 3.30510193e+02, 1.43724060e+02, 3.50057892e+02 ]
