%YAML:1.0
---
points: [ 9.73429443e+02, 7.21711670e+02, 9.77300049e+02, 7.57601440e+02,
    9.81675232e+02, 7.96925110e+02, 9.86524170e+02, 8.39990112e+02,
    9.92071838e+02, 8.88503540e+02, 9.98159424e+02, 9.42754456e+02,
    9.18544128e+02, 7.22512634e+02, 9.19997253e+02, 7.58623230e+02,
    9.21569702e+02, 7.98012573e+02, 9.23218628e+02, 8.41497803e+02,
    9.24873901e+02, 8.90238831e+02, 9.27100281e+02, 9.44577820e+02,
    8.63486511e+02, 7.23347778e+02, 8.62079163e+02, 7.59767151e+02,
    8.60617676e+02, 7.99395264e+02, 8.59038025e+02, 8.43092285e+02,
    8.57359680e+02, 8.91643188e+02, 8.55041687e+02, 9.46462830e+02,
    8.07742798e+02, 7.24416260e+02, 8.03883484e+02, 7.60913025e+02,
    7.99431030e+02, 8.00834656e+02, 7.94573303e+02, 8.44761047e+02,
    7.88910339e+02, 8.94062805e+02, 7.82526672e+02, 9.49507629e+02,
    7.52071289e+02, 7.25513428e+02, 7.45094604e+02, 7.62000671e+02,
    7.37719055e+02, 8.02146423e+02, 7.29270142e+02, 8.46425598e+02,
    7.19912231e+02, 8.96247375e+02, 7.09448669e+02, 9.51753052e+02,
    6.95775208e+02, 7.26627747e+02, 6.86170471e+02, 7.63394836e+02,
    6.75491516e+02, 8.03603271e+02, 6.63639038e+02, 8.48527649e+02,
    6.50378113e+02, 8.98343079e+02, 6.35512451e+02, 9.54692688e+02,
    6.38982971e+02, 7.27442871e+02, 6.26422424e+02, 7.64409790e+02,
    6.12647339e+02, 8.04777954e+02, 5.97162170e+02, 8.49641174e+02,
    5.79986450e+02, 8.99700439e+02, 5.60607056e+02, 9.55922180e+02,
    5.81335083e+02, 7.27657776e+02, 5.65820190e+02, 7.64445618e+02,
    5.48682617e+02, 8.04733154e+02, 5.29712097e+02, 8.49597778e+02,
    5.08443024e+02, 8.99475342e+02, 4.84859894e+02, 9.56488098e+02 ]
