%YAML:1.0
---
points: [ 1.11627759e+03, 7.15583191e+02, 1.12672473e+03, 7.51319519e+02,
    1.13856396e+03, 7.90446350e+02, 1.15150769e+03, 8.33367859e+02,
    1.16590588e+03, 8.81351807e+02, 1.18227673e+03, 9.34721130e+02,
    1.06249634e+03, 7.16331787e+02, 1.07043091e+03, 7.52200806e+02,
    1.07948218e+03, 7.91372681e+02, 1.08942334e+03, 8.34332336e+02,
    1.10031140e+03, 8.82453613e+02, 1.11265662e+03, 9.36282959e+02,
    1.00808978e+03, 7.17276184e+02, 1.01354486e+03, 7.53227722e+02,
    1.01975305e+03, 7.92510498e+02, 1.02654919e+03, 8.35558228e+02,
    1.03391870e+03, 8.83670593e+02, 1.04256201e+03, 9.37725830e+02,
    9.53591553e+02, 7.18155640e+02, 9.56515198e+02, 7.54291870e+02,
    9.59662292e+02, 7.93536194e+02, 9.63448547e+02, 8.37257080e+02,
    9.67320679e+02, 8.85763245e+02, 9.71787964e+02, 9.40054749e+02,
    8.98746216e+02, 7.19073303e+02, 8.99040283e+02, 7.55196411e+02,
    8.99470459e+02, 7.94696594e+02, 8.99761108e+02, 8.38490906e+02,
    9.00257812e+02, 8.87354858e+02, 9.00598877e+02, 9.42430664e+02,
    8.43758118e+02, 7.19756226e+02, 8.41439514e+02, 7.56243042e+02,
    8.38646423e+02, 7.96183411e+02, 8.35733948e+02, 8.40186707e+02,
    8.32505188e+02, 8.89444763e+02, 8.28663879e+02, 9.44711914e+02,
    7.88432556e+02, 7.20433899e+02, 7.83208313e+02, 7.56916260e+02,
    7.77527405e+02, 7.97070740e+02, 7.71119385e+02, 8.41268799e+02,
    7.64272522e+02, 8.90611084e+02, 7.56094666e+02, 9.46132629e+02,
    7.32448975e+02, 7.20528198e+02, 7.24390747e+02, 7.56848022e+02,
    7.15604553e+02, 7.96860779e+02, 7.05894592e+02, 8.41069214e+02,
    6.94863037e+02, 8.90391418e+02, 6.82538818e+02, 9.46678162e+02 ]
