%YAML:1.0
---
points: [ 3.48988312e+02, 2.65272888e+02, 3.54579865e+02, 2.77819000e+02,
    3.60774292e+02, 2.91305450e+02, 3.67527435e+02, 3.06116791e+02,
    3.74939850e+02, 3.22619690e+02, 3.83318756e+02, 3.40920197e+02,
    3.30220947e+02, 2.65658752e+02, 3.34967560e+02, 2.78072845e+02,
    3.40245361e+02, 2.91848236e+02, 3.45970673e+02, 3.06620758e+02,
    3.52257050e+02, 3.23304382e+02, 3.59342102e+02, 3.41772278e+02,
    3.11478149e+02, 2.65920044e+02, 3.15269440e+02, 2.78587769e+02,
    3.19610596e+02, 2.92346619e+02, 3.24149475e+02, 3.07246063e+02,
    3.29419312e+02, 3.23870270e+02, 3.35220764e+02, 3.42634369e+02,
    2.92568054e+02, 2.66583221e+02, 2.95525391e+02, 2.78992676e+02,
    2.98716064e+02, 2.92859436e+02, 3.02327179e+02, 3.07921265e+02,
    3.06274048e+02, 3.24864288e+02, 3.10804810e+02, 3.43572968e+02,
    2.73701324e+02, 2.66856598e+02, 2.75667328e+02, 2.79578461e+02,
    2.77969513e+02, 2.93344818e+02, 2.80371918e+02, 3.08579956e+02,
    2.83138092e+02, 3.25518707e+02, 2.86148865e+02, 3.44585419e+02,
    2.54635040e+02, 2.67435150e+02, 2.55774719e+02, 2.79983704e+02,
    2.56881561e+02, 2.94051819e+02, 2.58264404e+02, 3.09271637e+02,
    2.59743286e+02, 3.26352600e+02, 2.61472443e+02, 3.45481659e+02,
    2.35637100e+02, 2.67732574e+02, 2.35705643e+02, 2.80476776e+02,
    2.35909286e+02, 2.94384949e+02, 2.36052277e+02, 3.09731934e+02,
    2.36191818e+02, 3.26887665e+02, 2.36430679e+02, 3.46107452e+02,
    2.16260513e+02, 2.67905762e+02, 2.15485107e+02, 2.80562317e+02,
    2.14533691e+02, 2.94588562e+02, 2.13587830e+02, 3.09820343e+02,
    2.12421143e+02, 3.26961426e+02, 2.11229736e+02, 3.46474487e+02 ]
