%YAML:1.0
---
points: [ 3.87550995e+02, 2.58819336e+02, 3.94806702e+02, 2.71402710e+02,
    4.02664734e+02, 2.84900299e+02, 4.11310181e+02, 2.99727081e+02,
    4.20454987e+02, 3.15817261e+02, 4.30835175e+02, 3.33691315e+02,
    3.69074554e+02, 2.59255524e+02, 3.75532410e+02, 2.71752014e+02,
    3.82596619e+02, 2.85448181e+02, 3.90350677e+02, 3.00453461e+02,
    3.98722260e+02, 3.16799011e+02, 4.07858551e+02, 3.34817261e+02,
    3.50604279e+02, 2.59636719e+02, 3.56175446e+02, 2.72251953e+02,
    3.62285858e+02, 2.85927094e+02, 3.68936401e+02, 3.01019562e+02,
    3.76469727e+02, 3.17518219e+02, 3.84721161e+02, 3.35835388e+02,
    3.31926483e+02, 2.60053833e+02, 3.36647858e+02, 2.72729248e+02,
    3.41765808e+02, 2.86489258e+02, 3.47622040e+02, 3.01694977e+02,
    3.53846863e+02, 3.18475952e+02, 3.60900177e+02, 3.36956390e+02,
    3.13200836e+02, 2.60564056e+02, 3.17065948e+02, 2.73162384e+02,
    3.21354218e+02, 2.86943878e+02, 3.25999756e+02, 3.02158966e+02,
    3.31186279e+02, 3.18994934e+02, 3.36985321e+02, 3.37993835e+02,
    2.94446350e+02, 2.60932526e+02, 2.97493896e+02, 2.73616852e+02,
    3.00749542e+02, 2.87571442e+02, 3.04353699e+02, 3.02870911e+02,
    3.08386688e+02, 3.19883301e+02, 3.12892975e+02, 3.38778992e+02,
    2.75670471e+02, 2.61316498e+02, 2.77743286e+02, 2.73918488e+02,
    2.80128479e+02, 2.87938965e+02, 2.82613708e+02, 3.03255859e+02,
    2.85446259e+02, 3.20279816e+02, 2.88502380e+02, 3.39352051e+02,
    2.56677551e+02, 2.61495911e+02, 2.57933075e+02, 2.73993561e+02,
    2.59166870e+02, 2.88035645e+02, 2.60676727e+02, 3.03242554e+02,
    2.62238800e+02, 3.20300842e+02, 2.64065979e+02, 3.39680969e+02 ]
