%YAML:1.0
---
points: [ 1.22767273e+03, 6.97888916e+02, 1.24334241e+03, 7.33926941e+02,
    1.26056763e+03, 7.73282410e+02, 1.27953796e+03, 8.16351196e+02,
    1.30066956e+03, 8.64249573e+02, 1.32431091e+03, 9.17319763e+02,
    1.17463855e+03, 6.98470398e+02, 1.18775024e+03, 7.34656677e+02,
    1.20242932e+03, 7.74258484e+02, 1.21841479e+03, 8.17362793e+02,
    1.23610352e+03, 8.65399353e+02, 1.25615454e+03, 9.18621033e+02,
    1.12140820e+03, 6.99269104e+02, 1.13193555e+03, 7.35631104e+02,
    1.14370911e+03, 7.75311951e+02, 1.15674683e+03, 8.18424438e+02,
    1.17132056e+03, 8.66381042e+02, 1.18758545e+03, 9.20140564e+02,
    1.06762231e+03, 7.00381409e+02, 1.07575317e+03, 7.36683350e+02,
    1.08493848e+03, 7.76282837e+02, 1.09501135e+03, 8.19694946e+02,
    1.10614673e+03, 8.68350525e+02, 1.11852686e+03, 9.22448547e+02,
    1.01364484e+03, 7.01338257e+02, 1.01943024e+03, 7.37634338e+02,
    1.02580334e+03, 7.77288574e+02, 1.03268860e+03, 8.21083130e+02,
    1.04043787e+03, 8.69852112e+02, 1.04907739e+03, 9.24280151e+02,
    9.59530640e+02, 7.02245239e+02, 9.62831848e+02, 7.38657959e+02,
    9.66275024e+02, 7.78467041e+02, 9.70211487e+02, 8.22647278e+02,
    9.74504333e+02, 8.71519226e+02, 9.79376038e+02, 9.26407532e+02,
    9.05271790e+02, 7.02651917e+02, 9.05793274e+02, 7.39352722e+02,
    9.06544373e+02, 7.79446716e+02, 9.07176270e+02, 8.23407227e+02,
    9.07992554e+02, 8.72380981e+02, 9.08782288e+02, 9.27542542e+02,
    8.50096619e+02, 7.02735779e+02, 8.48346008e+02, 7.39213623e+02,
    8.45861572e+02, 7.79319031e+02, 8.43541138e+02, 8.23199463e+02,
    8.40702698e+02, 8.72022888e+02, 8.37610352e+02, 9.27871521e+02 ]
