%YAML:1.0
---
points: [ 7.76479797e+01, 2.46613708e+02, 9.80275803e+01, 2.45773514e+02,
    1.18290009e+02, 2.45147736e+02, 1.38553757e+02, 2.44408264e+02,
    1.58573242e+02, 2.43667480e+02, 1.78512726e+02, 2.42878387e+02,
    7.18178406e+01, 2.61423370e+02, 9.29601593e+01, 2.60563293e+02,
    1.14041756e+02, 2.59818970e+02, 1.34972687e+02, 2.58904083e+02,
    1.55978012e+02, 2.57922211e+02, 1.76639786e+02, 2.56916687e+02,
    6.53532028e+01, 2.77119293e+02, 8.73500900e+01, 2.76284668e+02,
    1.09293396e+02, 2.75244598e+02, 1.31230759e+02, 2.74161865e+02,
    1.52983521e+02, 2.73076538e+02, 1.74694260e+02, 2.71902496e+02,
    5.83484344e+01, 2.93822510e+02, 8.10944061e+01, 2.93086273e+02,
    1.04096085e+02, 2.91958282e+02, 1.26970436e+02, 2.90826782e+02,
    1.49850693e+02, 2.89610077e+02, 1.72509018e+02, 2.88381775e+02,
    5.07469559e+01, 3.12141113e+02, 7.44720306e+01, 3.11535858e+02,
    9.83637924e+01, 3.10404083e+02, 1.22362419e+02, 3.09180267e+02,
    1.46286896e+02, 3.07896088e+02, 1.70101395e+02, 3.06520813e+02,
    4.28570061e+01, 3.32101593e+02, 6.73214111e+01, 3.31380371e+02,
    9.23131714e+01, 3.30580750e+02, 1.17296944e+02, 3.29412384e+02,
    1.42455780e+02, 3.28005951e+02, 1.67445663e+02, 3.26401978e+02,
    3.47625847e+01, 3.53819366e+02, 5.99065323e+01, 3.53727692e+02,
    8.56839142e+01, 3.52770355e+02, 1.11935341e+02, 3.51719086e+02,
    1.38205887e+02, 3.50241486e+02, 1.64610794e+02, 3.48551117e+02,
    2.64299717e+01, 3.77041656e+02, 5.23655891e+01, 3.77429962e+02,
    7.88264618e+01, 3.77050232e+02, 1.06239861e+02, 3.76203522e+02,
    1.33832916e+02, 3.74880005e+02, 1.61508942e+02, 3.73187500e+02 ]
