%YAML:1.0
---
points: [ 3.29525116e+02, 6.55514587e+02, 3.89408234e+02, 6.53536011e+02,
    4.48961456e+02, 6.51992126e+02, 5.07733521e+02, 6.50674377e+02,
    5.65895813e+02, 6.49025696e+02, 6.23741272e+02, 6.47377197e+02,
    3.06609863e+02, 6.98132080e+02, 3.69183441e+02, 6.96346130e+02,
    4.31311768e+02, 6.94348267e+02, 4.92450958e+02, 6.92293274e+02,
    5.53277832e+02, 6.90152161e+02, 6.13473572e+02, 6.87634705e+02,
    2.81307068e+02, 7.43900879e+02, 3.46933960e+02, 7.41485168e+02,
    4.11589172e+02, 7.39003662e+02, 4.75665131e+02, 7.36332397e+02,
    5.39199219e+02, 7.33671387e+02, 6.02362427e+02, 7.30958496e+02,
    2.53404831e+02, 7.92757324e+02, 3.21738434e+02, 7.90250000e+02,
    3.89875610e+02, 7.87243652e+02, 4.56979065e+02, 7.84319885e+02,
    5.23744080e+02, 7.81419861e+02, 5.89952942e+02, 7.78266174e+02,
    2.22252426e+02, 8.46746216e+02, 2.94469788e+02, 8.43824890e+02,
    3.65883484e+02, 8.40601196e+02, 4.36520966e+02, 8.37454529e+02,
    5.06607117e+02, 8.33919617e+02, 5.76161804e+02, 8.30356018e+02,
    1.88035416e+02, 9.06283691e+02, 2.63842224e+02, 9.02914612e+02,
    3.39518372e+02, 8.99598511e+02, 4.13735687e+02, 8.96118042e+02,
    4.87774750e+02, 8.92194458e+02, 5.60659851e+02, 8.87652527e+02,
    1.50977448e+02, 9.72879272e+02, 2.30935883e+02, 9.69427368e+02,
    3.09979645e+02, 9.65413025e+02, 3.88857727e+02, 9.61312134e+02,
    4.66559570e+02, 9.56902771e+02, 5.43942627e+02, 9.52292297e+02,
    1.10170914e+02, 1.04696790e+03, 1.94128387e+02, 1.04310376e+03,
    2.78245331e+02, 1.03861829e+03, 3.60878418e+02, 1.03426575e+03,
    4.43706512e+02, 1.02933044e+03, 5.25251526e+02, 1.02413635e+03 ]
