%YAML:1.0
---
points: [ 1.75155396e+02, 2.41602097e+02, 1.94923843e+02, 2.40791718e+02,
    2.14297989e+02, 2.40261276e+02, 2.33582062e+02, 2.39662552e+02,
    2.52548111e+02, 2.38979263e+02, 2.71578949e+02, 2.38403076e+02,
    1.73167267e+02, 2.56132111e+02, 1.93727417e+02, 2.55221176e+02,
    2.14018417e+02, 2.54488464e+02, 2.33957550e+02, 2.53686295e+02,
    2.53886002e+02, 2.52871628e+02, 2.73615417e+02, 2.52073410e+02,
    1.70925583e+02, 2.71455017e+02, 1.92439407e+02, 2.70495422e+02,
    2.13626953e+02, 2.69559082e+02, 2.34498856e+02, 2.68502380e+02,
    2.55295471e+02, 2.67623810e+02, 2.75929901e+02, 2.66737366e+02,
    1.68487411e+02, 2.88012024e+02, 1.91031158e+02, 2.86898529e+02,
    2.13195297e+02, 2.85787292e+02, 2.35104309e+02, 2.84682343e+02,
    2.56858582e+02, 2.83685486e+02, 2.78525604e+02, 2.82731293e+02,
    1.65756683e+02, 3.06280182e+02, 1.89370667e+02, 3.05063812e+02,
    2.12681305e+02, 3.03791840e+02, 2.35742035e+02, 3.02645111e+02,
    2.58568054e+02, 3.01450043e+02, 2.81332764e+02, 3.00230408e+02,
    1.62771301e+02, 3.26290375e+02, 1.87595993e+02, 3.24937592e+02,
    2.12246582e+02, 3.23661346e+02, 2.36467377e+02, 3.22438507e+02,
    2.60627045e+02, 3.21008484e+02, 2.84387177e+02, 3.19714417e+02,
    1.59522049e+02, 3.48728821e+02, 1.85814972e+02, 3.47288208e+02,
    2.11589417e+02, 3.45757080e+02, 2.37319855e+02, 3.44327728e+02,
    2.62396149e+02, 3.42737488e+02, 2.87911652e+02, 3.41283356e+02,
    1.56093307e+02, 3.73540497e+02, 1.83594070e+02, 3.72126343e+02,
    2.11172668e+02, 3.70405548e+02, 2.38066879e+02, 3.68782166e+02,
    2.65109833e+02, 3.67107635e+02, 2.91546478e+02, 3.65333557e+02 ]
