%YAML:1.0
---
points: [ 6.13883789e+02, 6.43666870e+02, 6.71240906e+02, 6.41740051e+02,
    7.27833191e+02, 6.40545288e+02, 7.83689819e+02, 6.39460022e+02,
    8.39127747e+02, 6.38243042e+02, 8.94254211e+02, 6.36833191e+02,
    6.03166870e+02, 6.85317749e+02, 6.63045837e+02, 6.83393799e+02,
    7.22166504e+02, 6.81580017e+02, 7.80245911e+02, 6.79855286e+02,
    8.38050293e+02, 6.78007568e+02, 8.95444763e+02, 6.76259949e+02,
    5.91296082e+02, 7.29550354e+02, 6.53829773e+02, 7.27438293e+02,
    7.15604248e+02, 7.24980774e+02, 7.76364441e+02, 7.22746765e+02,
    8.36772766e+02, 7.20526611e+02, 8.96711914e+02, 7.18460815e+02,
    5.78101135e+02, 7.77255859e+02, 6.43579590e+02, 7.74588806e+02,
    7.08383667e+02, 7.71752014e+02, 7.72054321e+02, 7.69368408e+02,
    8.35454773e+02, 7.66687683e+02, 8.98242004e+02, 7.64452759e+02,
    5.63387146e+02, 8.29654663e+02, 6.32366211e+02, 8.26903748e+02,
    7.00427002e+02, 8.23680420e+02, 7.67370789e+02, 8.20795166e+02,
    8.33774597e+02, 8.17863953e+02, 8.99826965e+02, 8.14664795e+02,
    5.46960754e+02, 8.87573486e+02, 6.19501526e+02, 8.84270081e+02,
    6.91418640e+02, 8.80990784e+02, 7.62095703e+02, 8.77539124e+02,
    8.32221924e+02, 8.74305542e+02, 9.01461731e+02, 8.70541870e+02,
    5.28825012e+02, 9.52889343e+02, 6.05752136e+02, 9.49128967e+02,
    6.81531311e+02, 9.44769226e+02, 7.56207947e+02, 9.40970093e+02,
    8.29934692e+02, 9.37142395e+02, 9.03286377e+02, 9.33073242e+02,
    5.09343445e+02, 1.02527612e+03, 5.90450867e+02, 1.02087445e+03,
    6.70614075e+02, 1.01641046e+03, 7.49613525e+02, 1.01186975e+03,
    8.28059143e+02, 1.00739740e+03, 9.05510803e+02, 1.00267169e+03 ]
