%YAML:1.0
---
points: [ 8.65404175e+02, 6.26218994e+02, 9.20502319e+02, 6.22873840e+02,
    9.74684082e+02, 6.20000244e+02, 1.02845740e+03, 6.17477295e+02,
    1.08165076e+03, 6.14358643e+02, 1.13451111e+03, 6.11547302e+02,
    8.67570251e+02, 6.67045654e+02, 9.24722351e+02, 6.63697876e+02,
    9.81312683e+02, 6.60375122e+02, 1.03727209e+03, 6.56783569e+02,
    1.09250244e+03, 6.53468384e+02, 1.14748267e+03, 6.49854858e+02,
    8.69855713e+02, 7.10633179e+02, 9.29530151e+02, 7.06804749e+02,
    9.88512451e+02, 7.02626343e+02, 1.04667017e+03, 6.98521545e+02,
    1.10439404e+03, 6.94625549e+02, 1.16163538e+03, 6.90699158e+02,
    8.72526917e+02, 7.57024170e+02, 9.34725525e+02, 7.52533508e+02,
    9.96499756e+02, 7.48169250e+02, 1.05722937e+03, 7.43731995e+02,
    1.11746350e+03, 7.39502808e+02, 1.17720251e+03, 7.35019287e+02,
    8.75305908e+02, 8.08226501e+02, 9.40555542e+02, 8.03278198e+02,
    1.00511823e+03, 7.98218262e+02, 1.06875073e+03, 7.93336426e+02,
    1.13164124e+03, 7.88470032e+02, 1.19436218e+03, 7.83575867e+02,
    8.78152893e+02, 8.64372131e+02, 9.46927063e+02, 8.58761169e+02,
    1.01466467e+03, 8.53483643e+02, 1.08141919e+03, 8.48067688e+02,
    1.14763513e+03, 8.42560791e+02, 1.21326379e+03, 8.36905945e+02,
    8.81475159e+02, 9.27452271e+02, 9.53912231e+02, 9.21023743e+02,
    1.02522107e+03, 9.14494873e+02, 1.09555176e+03, 9.08575928e+02,
    1.16515369e+03, 9.02551331e+02, 1.23427612e+03, 8.96368103e+02,
    8.85280273e+02, 9.97374756e+02, 9.61678894e+02, 9.90253357e+02,
    1.03727405e+03, 9.82746216e+02, 1.11128589e+03, 9.76083435e+02,
    1.18472974e+03, 9.69315247e+02, 1.25732520e+03, 9.62326538e+02 ]
