%YAML:1.0
---
points: [ 2.61710938e+02, 2.34789978e+02, 2.80700897e+02, 2.33467728e+02,
    2.99293365e+02, 2.32404480e+02, 3.17811401e+02, 2.31253723e+02,
    3.36234161e+02, 2.30122925e+02, 3.54518097e+02, 2.28938171e+02,
    2.64151367e+02, 2.48929398e+02, 2.83801178e+02, 2.47636017e+02,
    3.03209869e+02, 2.46299530e+02, 3.22454865e+02, 2.45082947e+02,
    3.41666779e+02, 2.43619553e+02, 3.60738525e+02, 2.42216202e+02,
    2.66743866e+02, 2.64048004e+02, 2.87266479e+02, 2.62492249e+02,
    3.07544159e+02, 2.61011627e+02, 3.27633270e+02, 2.59492401e+02,
    3.47615082e+02, 2.57999298e+02, 3.67436432e+02, 2.56534332e+02,
    2.69663513e+02, 2.80267975e+02, 2.91187408e+02, 2.78603882e+02,
    3.12287018e+02, 2.76847534e+02, 3.33222748e+02, 2.75132812e+02,
    3.54047302e+02, 2.73515869e+02, 3.74827362e+02, 2.72007263e+02,
    2.72850922e+02, 2.98042999e+02, 2.95323151e+02, 2.96166504e+02,
    3.17524200e+02, 2.94307678e+02, 3.39483765e+02, 2.92452423e+02,
    3.61247986e+02, 2.90677490e+02, 3.82771484e+02, 2.88624725e+02,
    2.76399872e+02, 3.17425934e+02, 2.99991943e+02, 3.15471619e+02,
    3.23355835e+02, 3.13415771e+02, 3.46212250e+02, 3.11396820e+02,
    3.69109955e+02, 3.09310303e+02, 3.91635162e+02, 3.07258881e+02,
    2.80224976e+02, 3.39355316e+02, 3.05202454e+02, 3.37016724e+02,
    3.29631348e+02, 3.34708496e+02, 3.53807220e+02, 3.32386688e+02,
    3.77613922e+02, 3.29990112e+02, 4.01116638e+02, 3.27391907e+02,
    2.84651703e+02, 3.63496796e+02, 3.10753906e+02, 3.60913055e+02,
    3.36658630e+02, 3.58092712e+02, 3.61895569e+02, 3.55455841e+02,
    3.86794159e+02, 3.52537323e+02, 4.11481903e+02, 3.49469910e+02 ]
