%YAML:1.0
---
points: [ 2.97531342e+02, 2.24412292e+02, 3.15879517e+02, 2.22566910e+02,
    3.33898376e+02, 2.21062973e+02, 3.51701477e+02, 2.19424545e+02,
    3.69213409e+02, 2.17871948e+02, 3.86727692e+02, 2.16167297e+02,
    3.02376801e+02, 2.38481018e+02, 3.21263245e+02, 2.36716476e+02,
    3.39934265e+02, 2.34790100e+02, 3.58449066e+02, 2.32999496e+02,
    3.76634277e+02, 2.31118271e+02, 3.94771393e+02, 2.29285843e+02,
    3.07606110e+02, 2.53550812e+02, 3.27244171e+02, 2.51437683e+02,
    3.46595856e+02, 2.49328979e+02, 3.66020203e+02, 2.47290466e+02,
    3.84653107e+02, 2.45134186e+02, 4.03329987e+02, 2.43056107e+02,
    3.13321716e+02, 2.69434662e+02, 3.33814972e+02, 2.67063507e+02,
    3.54045837e+02, 2.64815460e+02, 3.73889954e+02, 2.62644562e+02,
    3.93489258e+02, 2.60257538e+02, 4.12712372e+02, 2.57973816e+02,
    3.19539978e+02, 2.86871490e+02, 3.40965881e+02, 2.84282288e+02,
    3.61891449e+02, 2.81801544e+02, 3.82536957e+02, 2.79186676e+02,
    4.02889252e+02, 2.76625824e+02, 4.22804260e+02, 2.73988953e+02,
    3.26507202e+02, 3.05768127e+02, 3.48755463e+02, 3.03029388e+02,
    3.70700531e+02, 3.00156219e+02, 3.92103516e+02, 2.97553314e+02,
    4.13132416e+02, 2.94503815e+02, 4.33761230e+02, 2.91480865e+02,
    3.33826172e+02, 3.27139008e+02, 3.57276184e+02, 3.23711334e+02,
    3.80110748e+02, 3.20529602e+02, 4.02239655e+02, 3.17161926e+02,
    4.24248108e+02, 3.14064850e+02, 4.45349243e+02, 3.10467834e+02,
    3.41934509e+02, 3.50560608e+02, 3.66530609e+02, 3.46547363e+02,
    3.90183563e+02, 3.42610046e+02, 4.13425415e+02, 3.38926605e+02,
    4.35779266e+02, 3.34989990e+02, 4.57577179e+02, 3.31018188e+02 ]
