%YAML:1.0
---
points: [ 9.70397583e+02, 5.97322876e+02, 1.02355603e+03, 5.92464844e+02,
    1.07593811e+03, 5.88118225e+02, 1.12755737e+03, 5.84195496e+02,
    1.17849158e+03, 5.79953796e+02, 1.22891113e+03, 5.75639160e+02,
    9.79617981e+02, 6.37883545e+02, 1.03473645e+03, 6.32903076e+02,
    1.08927942e+03, 6.28095337e+02, 1.14244641e+03, 6.23075806e+02,
    1.19536169e+03, 6.18278809e+02, 1.24755005e+03, 6.13277893e+02,
    9.89620911e+02, 6.81092163e+02, 1.04706824e+03, 6.75428223e+02,
    1.10343115e+03, 6.69809387e+02, 1.15884424e+03, 6.64125305e+02,
    1.21366785e+03, 6.58550171e+02, 1.26795923e+03, 6.53135925e+02,
    1.00066882e+03, 7.26954895e+02, 1.06038037e+03, 7.20533386e+02,
    1.11897522e+03, 7.14189453e+02, 1.17666663e+03, 7.08112244e+02,
    1.23379236e+03, 7.02217407e+02, 1.29016089e+03, 6.96202576e+02,
    1.01249109e+03, 7.76842590e+02, 1.07490137e+03, 7.70055176e+02,
    1.13593750e+03, 7.62981201e+02, 1.19622375e+03, 7.56311584e+02,
    1.25561169e+03, 7.49620789e+02, 1.31449060e+03, 7.42989075e+02,
    1.02581140e+03, 8.31598877e+02, 1.09087927e+03, 8.23806580e+02,
    1.15480786e+03, 8.16438965e+02, 1.21754346e+03, 8.08914429e+02,
    1.27969946e+03, 8.01623047e+02, 1.34107275e+03, 7.93880066e+02,
    1.04025854e+03, 8.92613831e+02, 1.10842578e+03, 8.83957031e+02,
    1.17550317e+03, 8.75347717e+02, 1.24125256e+03, 8.66825134e+02,
    1.30617261e+03, 8.58650940e+02, 1.37033911e+03, 8.50287109e+02,
    1.05622144e+03, 9.59960144e+02, 1.12782715e+03, 9.50178955e+02,
    1.19821484e+03, 9.40237671e+02, 1.26703528e+03, 9.30985718e+02,
    1.33516809e+03, 9.21584595e+02, 1.40211414e+03, 9.12103333e+02 ]
