%YAML:1.0
---
points: [ 1.11486969e+02, 1.36697311e+02, 1.23104126e+02, 1.36690475e+02,
    1.34570312e+02, 1.36546677e+02, 1.46123459e+02, 1.36495102e+02,
    1.57479584e+02, 1.36360733e+02, 1.68959381e+02, 1.36297501e+02,
    1.12143967e+02, 1.48153381e+02, 1.23626503e+02, 1.47917969e+02,
    1.35155197e+02, 1.47821884e+02, 1.46624969e+02, 1.47722000e+02,
    1.58082565e+02, 1.47669159e+02, 1.69393921e+02, 1.47541443e+02,
    1.12673943e+02, 1.59501801e+02, 1.24216179e+02, 1.59299347e+02,
    1.35707504e+02, 1.59065292e+02, 1.47150787e+02, 1.58956024e+02,
    1.58432877e+02, 1.58816055e+02, 1.69869781e+02, 1.58658051e+02,
    1.13149864e+02, 1.70699188e+02, 1.24687668e+02, 1.70536911e+02,
    1.36176804e+02, 1.70353027e+02, 1.47499023e+02, 1.70126648e+02,
    1.59007172e+02, 1.69952011e+02, 1.70245377e+02, 1.69782562e+02,
    1.13558739e+02, 1.81855789e+02, 1.25165649e+02, 1.81699142e+02,
    1.36561829e+02, 1.81470551e+02, 1.48000046e+02, 1.81313461e+02,
    1.59315262e+02, 1.81084549e+02, 1.70607849e+02, 1.80863571e+02,
    1.14040878e+02, 1.93019638e+02, 1.25500145e+02, 1.92808502e+02,
    1.37125046e+02, 1.92645569e+02, 1.48404785e+02, 1.92337906e+02,
    1.59771545e+02, 1.92136978e+02, 1.71096848e+02, 1.91918869e+02,
    1.14640739e+02, 2.04211121e+02, 1.26114342e+02, 2.03939392e+02,
    1.37562668e+02, 2.03729111e+02, 1.48912979e+02, 2.03437286e+02,
    1.60211136e+02, 2.03158478e+02, 1.71312576e+02, 2.02826294e+02,
    1.15182816e+02, 2.15319260e+02, 1.26632591e+02, 2.14914551e+02,
    1.38021454e+02, 2.14727875e+02, 1.49334763e+02, 2.14455139e+02,
    1.60573700e+02, 2.14171234e+02, 1.71870132e+02, 2.13878677e+02 ]
