%YAML:1.0
---
points: [ 4.81271332e+02, 3.39780823e+02, 5.14909302e+02, 3.40117737e+02,
    5.48587769e+02, 3.40318573e+02, 5.81594238e+02, 3.40455048e+02,
    6.15223267e+02, 3.40641846e+02, 6.47922791e+02, 3.40850128e+02,
    4.82819885e+02, 3.72680878e+02, 5.16603455e+02, 3.72770996e+02,
    5.49843323e+02, 3.72808655e+02, 5.83008667e+02, 3.72914246e+02,
    6.16033020e+02, 3.72958893e+02, 6.49101562e+02, 3.72936371e+02,
    4.84422668e+02, 4.05297394e+02, 5.17818542e+02, 4.05231506e+02,
    5.51072876e+02, 4.05169678e+02, 5.84182861e+02, 4.05075745e+02,
    6.17053467e+02, 4.05033997e+02, 6.49763855e+02, 4.04872955e+02,
    4.85348328e+02, 4.37686584e+02, 5.18671936e+02, 4.37469269e+02,
    5.51999817e+02, 4.37257751e+02, 5.85045349e+02, 4.37147797e+02,
    6.17814575e+02, 4.36793488e+02, 6.50511292e+02, 4.36702606e+02,
    4.86213196e+02, 4.69987915e+02, 5.19551880e+02, 4.69685333e+02,
    5.52856079e+02, 4.69438873e+02, 5.85782166e+02, 4.69101074e+02,
    6.18563416e+02, 4.68792969e+02, 6.51254639e+02, 4.68477325e+02,
    4.87016205e+02, 5.02199341e+02, 5.20559998e+02, 5.01761169e+02,
    5.53705383e+02, 5.01421448e+02, 5.86617615e+02, 5.00994843e+02,
    6.19313660e+02, 5.00630402e+02, 6.51969360e+02, 5.00252289e+02,
    4.88470428e+02, 5.34197998e+02, 5.21764893e+02, 5.33694885e+02,
    5.54789978e+02, 5.33302734e+02, 5.87502380e+02, 5.32755798e+02,
    6.20267578e+02, 5.32364380e+02, 6.52839050e+02, 5.31819336e+02,
    4.89779327e+02, 5.66068909e+02, 5.22862000e+02, 5.65513733e+02,
    5.55791870e+02, 5.64900208e+02, 5.88546814e+02, 5.64438843e+02,
    6.21139099e+02, 5.63804504e+02, 6.53590881e+02, 5.63215210e+02 ]
