%YAML:1.0
---
points: [ 9.62669601e+01, 1.39197021e+02, 1.07024208e+02, 1.38881714e+02,
    1.17766426e+02, 1.38670074e+02, 1.28634140e+02, 1.38501923e+02,
    1.39451965e+02, 1.38153870e+02, 1.50401688e+02, 1.37936905e+02,
    9.67945633e+01, 1.50125381e+02, 1.07547188e+02, 1.49824097e+02,
    1.18327827e+02, 1.49679260e+02, 1.29147919e+02, 1.49441574e+02,
    1.40025070e+02, 1.49138031e+02, 1.50917679e+02, 1.48875717e+02,
    9.70827484e+01, 1.60907028e+02, 1.07859505e+02, 1.60728760e+02,
    1.18740715e+02, 1.60548920e+02, 1.29452713e+02, 1.60260681e+02,
    1.40279312e+02, 1.59925110e+02, 1.51263657e+02, 1.59811707e+02,
    9.72103424e+01, 1.71742340e+02, 1.07995903e+02, 1.71612091e+02,
    1.18852776e+02, 1.71334900e+02, 1.29621429e+02, 1.70996658e+02,
    1.40413254e+02, 1.70804199e+02, 1.51369553e+02, 1.70514587e+02,
    9.73425369e+01, 1.82641739e+02, 1.08159439e+02, 1.82449524e+02,
    1.18922630e+02, 1.82106125e+02, 1.29790466e+02, 1.81831635e+02,
    1.40634201e+02, 1.81614395e+02, 1.51500504e+02, 1.81431305e+02,
    9.74882431e+01, 1.93594223e+02, 1.08258690e+02, 1.93223511e+02,
    1.19119759e+02, 1.92933273e+02, 1.30005341e+02, 1.92758377e+02,
    1.40899689e+02, 1.92533142e+02, 1.51731232e+02, 1.92317566e+02,
    9.78055420e+01, 2.04417831e+02, 1.08610535e+02, 2.04149811e+02,
    1.19317070e+02, 2.03856155e+02, 1.30206863e+02, 2.03693542e+02,
    1.41144379e+02, 2.03404068e+02, 1.52085861e+02, 2.03166672e+02,
    9.81636887e+01, 2.15203720e+02, 1.08982834e+02, 2.14877121e+02,
    1.19736427e+02, 2.14769958e+02, 1.30529633e+02, 2.14533813e+02,
    1.41377335e+02, 2.14304672e+02, 1.52312347e+02, 2.14030319e+02 ]
