%YAML:1.0
---
points: [ 4.37507233e+02, 3.46245209e+02, 4.68552765e+02, 3.45841370e+02,
    4.99723328e+02, 3.45535706e+02, 5.30857056e+02, 3.45243164e+02,
    5.62589478e+02, 3.44832123e+02, 5.94091064e+02, 3.44685730e+02,
    4.38692566e+02, 3.77835297e+02, 4.69942108e+02, 3.77547272e+02,
    5.01207275e+02, 3.77227081e+02, 5.32462280e+02, 3.76819061e+02,
    5.63772339e+02, 3.76576782e+02, 5.95098083e+02, 3.76147186e+02,
    4.39376404e+02, 4.09172729e+02, 4.70689270e+02, 4.08759125e+02,
    5.01966644e+02, 4.08353302e+02, 5.33131042e+02, 4.08100739e+02,
    5.64405334e+02, 4.07643738e+02, 5.95586182e+02, 4.07307556e+02,
    4.39473755e+02, 4.40331024e+02, 4.70694672e+02, 4.39948395e+02,
    5.02013733e+02, 4.39583527e+02, 5.33246582e+02, 4.39148041e+02,
    5.64516724e+02, 4.38744202e+02, 5.95769714e+02, 4.38345154e+02,
    4.39507446e+02, 4.71574768e+02, 4.70652710e+02, 4.71178833e+02,
    5.02039764e+02, 4.70766815e+02, 5.33268616e+02, 4.70437744e+02,
    5.64602356e+02, 4.70058868e+02, 5.95846313e+02, 4.69631012e+02,
    4.39483215e+02, 5.02772125e+02, 4.70700043e+02, 5.02421204e+02,
    5.02145782e+02, 5.02114532e+02, 5.33378723e+02, 5.01684845e+02,
    5.64649780e+02, 5.01299652e+02, 5.95998291e+02, 5.00756836e+02,
    4.40170624e+02, 5.34187866e+02, 4.71353821e+02, 5.33774597e+02,
    5.02506653e+02, 5.33407410e+02, 5.33766846e+02, 5.32938110e+02,
    5.65102417e+02, 5.32539429e+02, 5.96388489e+02, 5.32183533e+02,
    4.40886627e+02, 5.65491150e+02, 4.72066376e+02, 5.65049316e+02,
    5.03323486e+02, 5.64705017e+02, 5.34442200e+02, 5.64306274e+02,
    5.65757263e+02, 5.63822205e+02, 5.97097900e+02, 5.63332092e+02 ]
