%YAML:1.0
---
points: [ 3.45926575e+02, 3.33053741e+02, 3.79449249e+02, 3.34406769e+02,
    4.13028778e+02, 3.35843353e+02, 4.46253662e+02, 3.37469727e+02,
    4.79048737e+02, 3.38821106e+02, 5.11662476e+02, 3.40210388e+02,
    3.46247620e+02, 3.65500763e+02, 3.79756897e+02, 3.66671448e+02,
    4.12929291e+02, 3.68067596e+02, 4.45747223e+02, 3.69510529e+02,
    4.78515625e+02, 3.70652527e+02, 5.11094177e+02, 3.71563232e+02,
    3.46175964e+02, 3.97556274e+02, 3.79481323e+02, 3.98699707e+02,
    4.12458069e+02, 3.99940735e+02, 4.45116669e+02, 4.01204010e+02,
    4.77629028e+02, 4.02339325e+02, 5.10387634e+02, 4.03435028e+02,
    3.45262451e+02, 4.29469604e+02, 3.78402283e+02, 4.30475922e+02,
    4.11447540e+02, 4.31625641e+02, 4.44126007e+02, 4.32794830e+02,
    4.76691406e+02, 4.33802490e+02, 5.09324890e+02, 4.34806427e+02,
    3.44338135e+02, 4.61426910e+02, 3.77381348e+02, 4.62363281e+02,
    4.10455963e+02, 4.63481903e+02, 4.43257080e+02, 4.64620636e+02,
    4.75890259e+02, 4.65544128e+02, 5.08602661e+02, 4.66547180e+02,
    3.43581085e+02, 4.93392731e+02, 3.76530670e+02, 4.94368896e+02,
    4.09683899e+02, 4.95425659e+02, 4.42586060e+02, 4.96364349e+02,
    4.75286560e+02, 4.97301941e+02, 5.07850372e+02, 4.98228851e+02,
    3.43545258e+02, 5.25378418e+02, 3.76424652e+02, 5.26285095e+02,
    4.09345642e+02, 5.27237732e+02, 4.42159882e+02, 5.28086792e+02,
    4.74846741e+02, 5.28889587e+02, 5.07432190e+02, 5.29789612e+02,
    3.43468353e+02, 5.57139038e+02, 3.76369446e+02, 5.58064514e+02,
    4.09261200e+02, 5.58909973e+02, 4.41980499e+02, 5.59708008e+02,
    4.74572266e+02, 5.60540344e+02, 5.07152863e+02, 5.61247986e+02 ]
