%YAML:1.0
---
points: [ 6.57325821e+01, 1.35204071e+02, 7.69649811e+01, 1.35605911e+02,
    8.83451080e+01, 1.35721390e+02, 9.96862259e+01, 1.35951447e+02,
    1.10884247e+02, 1.36447388e+02, 1.22173996e+02, 1.36691727e+02,
    6.58996124e+01, 1.46479736e+02, 7.70280151e+01, 1.46699692e+02,
    8.83436661e+01, 1.46804428e+02, 9.95864944e+01, 1.47120483e+02,
    1.10782707e+02, 1.47518692e+02, 1.21981346e+02, 1.47676636e+02,
    6.58442001e+01, 1.57496155e+02, 7.69082413e+01, 1.57737747e+02,
    8.82114639e+01, 1.57815857e+02, 9.93659897e+01, 1.58134369e+02,
    1.10566299e+02, 1.58506012e+02, 1.21828262e+02, 1.58731094e+02,
    6.56356354e+01, 1.68588303e+02, 7.67279663e+01, 1.68673080e+02,
    8.78879013e+01, 1.68880829e+02, 9.91093979e+01, 1.69111420e+02,
    1.10351028e+02, 1.69469879e+02, 1.21662529e+02, 1.69673157e+02,
    6.53445587e+01, 1.79594406e+02, 7.66085052e+01, 1.79780762e+02,
    8.77413025e+01, 1.79801590e+02, 9.88977356e+01, 1.80121078e+02,
    1.10187401e+02, 1.80474762e+02, 1.21459061e+02, 1.80679337e+02,
    6.51016693e+01, 1.90692535e+02, 7.63692169e+01, 1.90732376e+02,
    8.75636520e+01, 1.90891464e+02, 9.87906036e+01, 1.91180344e+02,
    1.10046227e+02, 1.91486710e+02, 1.21293900e+02, 1.91650620e+02,
    6.52172318e+01, 2.01653091e+02, 7.63800735e+01, 2.01828003e+02,
    8.75679169e+01, 2.01922195e+02, 9.87429962e+01, 2.02263000e+02,
    1.10025139e+02, 2.02508209e+02, 1.21206375e+02, 2.02632965e+02,
    6.53294296e+01, 2.12752380e+02, 7.65260696e+01, 2.12755585e+02,
    8.75710144e+01, 2.12964539e+02, 9.88028336e+01, 2.13262283e+02,
    1.09977959e+02, 2.13513474e+02, 1.21221207e+02, 2.13674942e+02 ]
