%YAML:1.0
---
points: [ 6.34266541e+02, 3.42055084e+02, 6.69345459e+02, 3.42393250e+02,
    7.04388672e+02, 3.42518707e+02, 7.38976807e+02, 3.42616150e+02,
    7.73599365e+02, 3.42646088e+02, 8.07789490e+02, 3.42623077e+02,
    6.37284790e+02, 3.76382904e+02, 6.72035645e+02, 3.76456238e+02,
    7.06772095e+02, 3.76488495e+02, 7.40808594e+02, 3.76514252e+02,
    7.75037476e+02, 3.76465424e+02, 8.08899719e+02, 3.76465759e+02,
    6.39633057e+02, 4.10236328e+02, 6.74406555e+02, 4.10113373e+02,
    7.08629578e+02, 4.09870911e+02, 7.42619568e+02, 4.09738647e+02,
    7.76351379e+02, 4.09619354e+02, 8.10052612e+02, 4.09530121e+02,
    6.41953552e+02, 4.43759766e+02, 6.76344482e+02, 4.43521179e+02,
    7.10415039e+02, 4.43265778e+02, 7.44032288e+02, 4.43076813e+02,
    7.77508240e+02, 4.42758942e+02, 8.10967041e+02, 4.42509888e+02,
    6.44092285e+02, 4.76742371e+02, 6.78203369e+02, 4.76475464e+02,
    7.11957581e+02, 4.76163330e+02, 7.45375244e+02, 4.75770966e+02,
    7.78692688e+02, 4.75470062e+02, 8.11779541e+02, 4.75146118e+02,
    6.46270996e+02, 5.09211212e+02, 6.80208252e+02, 5.08715881e+02,
    7.13568054e+02, 5.08378845e+02, 7.46799866e+02, 5.07888123e+02,
    7.79867371e+02, 5.07505127e+02, 8.12705261e+02, 5.07046417e+02,
    6.48676270e+02, 5.40833862e+02, 6.82117615e+02, 5.40412842e+02,
    7.15437744e+02, 5.39957886e+02, 7.48356873e+02, 5.39436218e+02,
    7.81080505e+02, 5.38940430e+02, 8.13545532e+02, 5.38470581e+02,
    6.51113708e+02, 5.71865417e+02, 6.84441956e+02, 5.71394226e+02,
    7.17187866e+02, 5.70787415e+02, 7.49704529e+02, 5.70275513e+02,
    7.82181702e+02, 5.69705872e+02, 8.14618103e+02, 5.69077576e+02 ]
