%YAML:1.0
---
points: [ 1.66410370e+02, 1.36945251e+02, 1.78601273e+02, 1.37018753e+02,
    1.90711212e+02, 1.36902740e+02, 2.02739838e+02, 1.36832352e+02,
    2.14568283e+02, 1.36801682e+02, 2.26494156e+02, 1.36688736e+02,
    1.67413849e+02, 1.48866409e+02, 1.79402603e+02, 1.48775314e+02,
    1.91398407e+02, 1.48682739e+02, 2.03288818e+02, 1.48511688e+02,
    2.15128143e+02, 1.48423447e+02, 2.26823669e+02, 1.48336060e+02,
    1.68257675e+02, 1.60588867e+02, 1.80214142e+02, 1.60494141e+02,
    1.92110474e+02, 1.60293610e+02, 2.03822037e+02, 1.60247620e+02,
    2.15471191e+02, 1.60116379e+02, 2.27180939e+02, 1.59978333e+02,
    1.68991638e+02, 1.72326019e+02, 1.80895874e+02, 1.72190338e+02,
    1.92496124e+02, 1.72005859e+02, 2.04332230e+02, 1.71726776e+02,
    2.15909348e+02, 1.71549301e+02, 2.27390945e+02, 1.71368973e+02,
    1.69710770e+02, 1.83723328e+02, 1.81425034e+02, 1.83530701e+02,
    1.93224136e+02, 1.83329895e+02, 2.04659927e+02, 1.83188690e+02,
    2.16343521e+02, 1.82886337e+02, 2.27608612e+02, 1.82630173e+02,
    1.70401840e+02, 1.95109283e+02, 1.82202438e+02, 1.94837204e+02,
    1.93642441e+02, 1.94498642e+02, 2.05237900e+02, 1.94266190e+02,
    2.16560501e+02, 1.94115433e+02, 2.27988220e+02, 1.93805969e+02,
    1.71225250e+02, 2.06097198e+02, 1.82765015e+02, 2.05865677e+02,
    1.94241074e+02, 2.05539780e+02, 2.05638580e+02, 2.05271866e+02,
    2.17048309e+02, 2.04971954e+02, 2.28196625e+02, 2.04630707e+02,
    1.72021713e+02, 2.16883026e+02, 1.83403061e+02, 2.16488083e+02,
    1.94781769e+02, 2.16214890e+02, 2.06184555e+02, 2.15905365e+02,
    2.17296585e+02, 2.15552658e+02, 2.28424561e+02, 2.15272171e+02 ]
