%YAML:1.0
---
points: [ 2.04900223e+02, 1.37936203e+02, 2.17004196e+02, 1.37778427e+02,
    2.29070145e+02, 1.37636475e+02, 2.41006454e+02, 1.37453629e+02,
    2.52855927e+02, 1.37378983e+02, 2.64703888e+02, 1.37292877e+02,
    2.05401321e+02, 1.49903870e+02, 2.17372025e+02, 1.49719635e+02,
    2.29300369e+02, 1.49498978e+02, 2.41193542e+02, 1.49371811e+02,
    2.52907471e+02, 1.49307648e+02, 2.64571442e+02, 1.49182159e+02,
    2.06095688e+02, 1.61508423e+02, 2.17900391e+02, 1.61343674e+02,
    2.29604462e+02, 1.61223541e+02, 2.41315033e+02, 1.61121078e+02,
    2.53015472e+02, 1.60892593e+02, 2.64556671e+02, 1.60599655e+02,
    2.06580536e+02, 1.73186493e+02, 2.18342209e+02, 1.72925552e+02,
    2.29949860e+02, 1.72662079e+02, 2.41471024e+02, 1.72405197e+02,
    2.53119095e+02, 1.72308395e+02, 2.64461151e+02, 1.72168747e+02,
    2.07185379e+02, 1.84384155e+02, 2.18674591e+02, 1.84269577e+02,
    2.30294647e+02, 1.84071655e+02, 2.41704224e+02, 1.83792938e+02,
    2.53176636e+02, 1.83454895e+02, 2.64483551e+02, 1.83285645e+02,
    2.07535217e+02, 1.95593201e+02, 2.19164490e+02, 1.95370956e+02,
    2.30480057e+02, 1.95160660e+02, 2.41923920e+02, 1.94807373e+02,
    2.53242981e+02, 1.94482803e+02, 2.64452759e+02, 1.94271103e+02,
    2.08218460e+02, 2.06412521e+02, 2.19440094e+02, 2.06190826e+02,
    2.30881149e+02, 2.05928909e+02, 2.42108994e+02, 2.05581207e+02,
    2.53324554e+02, 2.05301025e+02, 2.64390533e+02, 2.05094727e+02,
    2.08620331e+02, 2.17128098e+02, 2.19878754e+02, 2.16676117e+02,
    2.31169617e+02, 2.16355728e+02, 2.42209076e+02, 2.16097885e+02,
    2.53296280e+02, 2.15747314e+02, 2.64423645e+02, 2.15407242e+02 ]
