%YAML:1.0
---
points: [ 7.44188538e+02, 3.45619202e+02, 7.79226685e+02, 3.45682312e+02,
    8.13802246e+02, 3.45614471e+02, 8.48495422e+02, 3.45572144e+02,
    8.82780151e+02, 3.45508484e+02, 9.17236389e+02, 3.45459259e+02,
    7.46051819e+02, 3.80147247e+02, 7.80865540e+02, 3.80065094e+02,
    8.15209961e+02, 3.79822723e+02, 8.49313660e+02, 3.79687897e+02,
    8.83310913e+02, 3.79616180e+02, 9.17324646e+02, 3.79419342e+02,
    7.48165833e+02, 4.13670105e+02, 7.82275879e+02, 4.13502899e+02,
    8.16449707e+02, 4.13357208e+02, 8.50165833e+02, 4.13127777e+02,
    8.83831421e+02, 4.12798340e+02, 9.17505188e+02, 4.12656525e+02,
    7.49826538e+02, 4.46864929e+02, 7.83766785e+02, 4.46632324e+02,
    8.17501160e+02, 4.46347839e+02, 8.50921143e+02, 4.45949677e+02,
    8.84457886e+02, 4.45640106e+02, 9.17643188e+02, 4.45379181e+02,
    7.51484863e+02, 4.79700500e+02, 7.85145752e+02, 4.79309235e+02,
    8.18483521e+02, 4.78860413e+02, 8.51732910e+02, 4.78461304e+02,
    8.84855164e+02, 4.78070740e+02, 9.17798401e+02, 4.77639587e+02,
    7.53262329e+02, 5.11864655e+02, 7.86439880e+02, 5.11424438e+02,
    8.19562500e+02, 5.10856659e+02, 8.52583008e+02, 5.10355560e+02,
    8.85364258e+02, 5.09790741e+02, 9.18002136e+02, 5.09345947e+02,
    7.54913452e+02, 5.43067993e+02, 7.87874878e+02, 5.42517456e+02,
    8.20741760e+02, 5.42025696e+02, 8.53322693e+02, 5.41358521e+02,
    8.85715454e+02, 5.40806458e+02, 9.18146606e+02, 5.40357117e+02,
    7.56725586e+02, 5.73445679e+02, 7.89461243e+02, 5.72771118e+02,
    8.21881042e+02, 5.72359375e+02, 8.53973511e+02, 5.71705933e+02,
    8.86250488e+02, 5.71178528e+02, 9.18308411e+02, 5.70604858e+02 ]
