%YAML:1.0
---
points: [ 8.84933777e+02, 3.44531769e+02, 9.18770264e+02, 3.44533600e+02,
    9.52504211e+02, 3.44455322e+02, 9.85763672e+02, 3.44407928e+02,
    1.01901331e+03, 3.44341125e+02, 1.05219922e+03, 3.44246643e+02,
    8.85446350e+02, 3.78265228e+02, 9.18847168e+02, 3.78072083e+02,
    9.52333435e+02, 3.77811859e+02, 9.85298828e+02, 3.77740448e+02,
    1.01824939e+03, 3.77637543e+02, 1.05096094e+03, 3.77501526e+02,
    8.85768494e+02, 4.11406525e+02, 9.19080078e+02, 4.11247711e+02,
    9.52194275e+02, 4.10901642e+02, 9.84876770e+02, 4.10692413e+02,
    1.01755914e+03, 4.10436127e+02, 1.05009253e+03, 4.10197693e+02,
    8.86346313e+02, 4.44180084e+02, 9.19238403e+02, 4.43837341e+02,
    9.52208923e+02, 4.43588562e+02, 9.84641602e+02, 4.43336212e+02,
    1.01704950e+03, 4.42914917e+02, 1.04935669e+03, 4.42608978e+02,
    8.86709839e+02, 4.76522583e+02, 9.19438354e+02, 4.76188324e+02,
    9.52080383e+02, 4.75719757e+02, 9.84384583e+02, 4.75378693e+02,
    1.01657520e+03, 4.74928864e+02, 1.04859338e+03, 4.74587219e+02,
    8.87180847e+02, 5.08337219e+02, 9.19646484e+02, 5.07812286e+02,
    9.51962708e+02, 5.07423431e+02, 9.84088623e+02, 5.06925812e+02,
    1.01596136e+03, 5.06454193e+02, 1.04782300e+03, 5.05936096e+02,
    8.87557312e+02, 5.39444031e+02, 9.19772888e+02, 5.38921204e+02,
    9.51821533e+02, 5.38486511e+02, 9.83676514e+02, 5.37898804e+02,
    1.01538580e+03, 5.37359985e+02, 1.04690564e+03, 5.36794983e+02,
    8.88080078e+02, 5.69903564e+02, 9.19926819e+02, 5.69344299e+02,
    9.51730652e+02, 5.68760010e+02, 9.83218079e+02, 5.68132324e+02,
    1.01462189e+03, 5.67454407e+02, 1.04593420e+03, 5.66875916e+02 ]
