%YAML:1.0
---
points: [ 2.53287949e+02, 1.37170090e+02, 2.64996002e+02, 1.36995102e+02,
    2.76619537e+02, 1.36759583e+02, 2.88182892e+02, 1.36563248e+02,
    2.99684601e+02, 1.36380630e+02, 3.11175873e+02, 1.36239853e+02,
    2.53316605e+02, 1.48829880e+02, 2.64924835e+02, 1.48667130e+02,
    2.76372864e+02, 1.48420990e+02, 2.87858826e+02, 1.48280090e+02,
    2.99269409e+02, 1.48182022e+02, 3.10649567e+02, 1.47999527e+02,
    2.53418884e+02, 1.60310577e+02, 2.64878296e+02, 1.60155563e+02,
    2.76265808e+02, 1.60025696e+02, 2.87591583e+02, 1.59740173e+02,
    2.98926056e+02, 1.59493896e+02, 3.10227905e+02, 1.59296188e+02,
    2.53451874e+02, 1.71786789e+02, 2.64914185e+02, 1.71495407e+02,
    2.76229187e+02, 1.71334656e+02, 2.87396851e+02, 1.71147980e+02,
    2.98609406e+02, 1.70888321e+02, 3.09875488e+02, 1.70562561e+02,
    2.53580658e+02, 1.83058090e+02, 2.64954803e+02, 1.82730133e+02,
    2.76228546e+02, 1.82432205e+02, 2.87292175e+02, 1.82229858e+02,
    2.98419495e+02, 1.81955185e+02, 3.09442535e+02, 1.81660248e+02,
    2.53688171e+02, 1.94070862e+02, 2.64947144e+02, 1.93762283e+02,
    2.76077026e+02, 1.93448715e+02, 2.87162476e+02, 1.93213486e+02,
    2.98214996e+02, 1.92986862e+02, 3.09165192e+02, 1.92663895e+02,
    2.53806793e+02, 2.04814194e+02, 2.64896912e+02, 2.04439606e+02,
    2.75975098e+02, 2.04229095e+02, 2.86961304e+02, 2.04004623e+02,
    2.97880035e+02, 2.03679184e+02, 3.08784149e+02, 2.03353180e+02,
    2.53820358e+02, 2.15267059e+02, 2.64961670e+02, 2.14987778e+02,
    2.75784973e+02, 2.14732590e+02, 2.86655945e+02, 2.14410706e+02,
    2.97461456e+02, 2.14222916e+02, 3.08345917e+02, 2.13915390e+02 ]
