%YAML:1.0
---
points: [ 2.82961243e+02, 1.36979446e+02, 2.94464600e+02, 1.36728760e+02,
    3.06183655e+02, 1.36542618e+02, 3.17601135e+02, 1.36327850e+02,
    3.29156677e+02, 1.36268661e+02, 3.40623566e+02, 1.36097534e+02,
    2.82694672e+02, 1.48608887e+02, 2.94220642e+02, 1.48409454e+02,
    3.05643677e+02, 1.48300278e+02, 3.17129761e+02, 1.48164734e+02,
    3.28417419e+02, 1.47908081e+02, 3.39920441e+02, 1.47649078e+02,
    2.82536041e+02, 1.60171600e+02, 2.93898529e+02, 1.59959824e+02,
    3.05273987e+02, 1.59734329e+02, 3.16562927e+02, 1.59474533e+02,
    3.27902161e+02, 1.59296570e+02, 3.39205536e+02, 1.59116592e+02,
    2.82371948e+02, 1.71425659e+02, 2.93695068e+02, 1.71242508e+02,
    3.05019562e+02, 1.71109375e+02, 3.16186310e+02, 1.70882660e+02,
    3.27327789e+02, 1.70540924e+02, 3.38552795e+02, 1.70363571e+02,
    2.82275970e+02, 1.82581573e+02, 2.93434662e+02, 1.82373016e+02,
    3.04618591e+02, 1.82194153e+02, 3.15781097e+02, 1.81963943e+02,
    3.26904358e+02, 1.81671585e+02, 3.37978180e+02, 1.81396027e+02,
    2.82191772e+02, 1.93616135e+02, 2.93294495e+02, 1.93332397e+02,
    3.04315643e+02, 1.93118881e+02, 3.15371521e+02, 1.92832870e+02,
    3.26334625e+02, 1.92558701e+02, 3.37388489e+02, 1.92348633e+02,
    2.82056183e+02, 2.04278992e+02, 2.93091187e+02, 2.04128174e+02,
    3.04069305e+02, 2.03835388e+02, 3.14956696e+02, 2.03542221e+02,
    3.25804688e+02, 2.03275970e+02, 3.36798767e+02, 2.02989792e+02,
    2.81893341e+02, 2.14848541e+02, 2.92741028e+02, 2.14466064e+02,
    3.03558533e+02, 2.14337891e+02, 3.14456635e+02, 2.14060547e+02,
    3.25224579e+02, 2.13739441e+02, 3.36174042e+02, 2.13493454e+02 ]
