%YAML:1.0
---
points: [ 9.70637512e+02, 3.45143097e+02, 1.00424091e+03, 3.45141357e+02,
    1.03768018e+03, 3.45076447e+02, 1.07062219e+03, 3.44915466e+02,
    1.10370642e+03, 3.44829193e+02, 1.13679553e+03, 3.44703796e+02,
    9.70420410e+02, 3.78669800e+02, 1.00348950e+03, 3.78572113e+02,
    1.03671045e+03, 3.78419708e+02, 1.06948486e+03, 3.78339386e+02,
    1.10214062e+03, 3.78212372e+02, 1.13488354e+03, 3.78138367e+02,
    9.70231689e+02, 4.11737701e+02, 1.00306567e+03, 4.11615143e+02,
    1.03578223e+03, 4.11396545e+02, 1.06843774e+03, 4.11206024e+02,
    1.10079724e+03, 4.10886322e+02, 1.13328723e+03, 4.10724579e+02,
    9.70060547e+02, 4.44332214e+02, 1.00257764e+03, 4.44113586e+02,
    1.03516663e+03, 4.43742737e+02, 1.06744092e+03, 4.43540649e+02,
    1.09963281e+03, 4.43304596e+02, 1.13183484e+03, 4.42907501e+02,
    9.69801147e+02, 4.76481110e+02, 1.00229236e+03, 4.76090790e+02,
    1.03441821e+03, 4.75721222e+02, 1.06644214e+03, 4.75452881e+02,
    1.09835645e+03, 4.75115173e+02, 1.13032190e+03, 4.74720642e+02,
    9.69692505e+02, 5.07974701e+02, 1.00175159e+03, 5.07637756e+02,
    1.03374597e+03, 5.07253448e+02, 1.06549023e+03, 5.06725403e+02,
    1.09712378e+03, 5.06331238e+02, 1.12878711e+03, 5.05951080e+02,
    9.69523865e+02, 5.38858215e+02, 1.00133478e+03, 5.38483643e+02,
    1.03302686e+03, 5.38087341e+02, 1.06458191e+03, 5.37582092e+02,
    1.09594922e+03, 5.37141418e+02, 1.12735474e+03, 5.36541992e+02,
    9.69285217e+02, 5.69140991e+02, 1.00073004e+03, 5.68568665e+02,
    1.03226721e+03, 5.68119751e+02, 1.06353479e+03, 5.67527771e+02,
    1.09465540e+03, 5.67102966e+02, 1.12570959e+03, 5.66522644e+02 ]
