%YAML:1.0
---
points: [ 1.05554614e+03, 3.43256714e+02, 1.08783313e+03, 3.43212982e+02,
    1.11983765e+03, 3.43097870e+02, 1.15159070e+03, 3.42973663e+02,
    1.18327258e+03, 3.42906128e+02, 1.21495532e+03, 3.42830383e+02,
    1.05480408e+03, 3.76030823e+02, 1.08673645e+03, 3.75907074e+02,
    1.11848022e+03, 3.75762878e+02, 1.15010034e+03, 3.75658539e+02,
    1.18159241e+03, 3.75555847e+02, 1.21310425e+03, 3.75384186e+02,
    1.05428186e+03, 4.08323334e+02, 1.08596448e+03, 4.08085327e+02,
    1.11752478e+03, 4.07802917e+02, 1.14891199e+03, 4.07676483e+02,
    1.18038477e+03, 4.07524750e+02, 1.21164368e+03, 4.07279816e+02,
    1.05377686e+03, 4.40293427e+02, 1.08544592e+03, 4.40023560e+02,
    1.11686243e+03, 4.39682861e+02, 1.14798608e+03, 4.39503204e+02,
    1.17916406e+03, 4.39193237e+02, 1.21025720e+03, 4.38769714e+02,
    1.05341357e+03, 4.71970551e+02, 1.08483508e+03, 4.71588745e+02,
    1.11607483e+03, 4.71353363e+02, 1.14705750e+03, 4.70893127e+02,
    1.17791223e+03, 4.70569092e+02, 1.20877661e+03, 4.70261200e+02,
    1.05290796e+03, 5.03322754e+02, 1.08422705e+03, 5.02826874e+02,
    1.11521497e+03, 5.02543915e+02, 1.14593628e+03, 5.02202789e+02,
    1.17664551e+03, 5.01686401e+02, 1.20746228e+03, 5.01332550e+02,
    1.05236218e+03, 5.34149170e+02, 1.08332300e+03, 5.33637817e+02,
    1.11416138e+03, 5.33305725e+02, 1.14473462e+03, 5.32740479e+02,
    1.17539575e+03, 5.32371948e+02, 1.20599438e+03, 5.31774841e+02,
    1.05162830e+03, 5.64510010e+02, 1.08242395e+03, 5.64038208e+02,
    1.11314209e+03, 5.63417603e+02, 1.14353381e+03, 5.62755432e+02,
    1.17400879e+03, 5.62281494e+02, 1.20432019e+03, 5.61696777e+02 ]
