%YAML:1.0
---
points: [ 3.11967072e+02, 1.35999664e+02, 3.23171661e+02, 1.35736664e+02,
    3.34305786e+02, 1.35529480e+02, 3.45257782e+02, 1.35389893e+02,
    3.56364624e+02, 1.35283524e+02, 3.67420624e+02, 1.35083893e+02,
    3.11473145e+02, 1.47288528e+02, 3.22640076e+02, 1.47232849e+02,
    3.33713562e+02, 1.47081207e+02, 3.44708771e+02, 1.46869568e+02,
    3.55703583e+02, 1.46598892e+02, 3.66715118e+02, 1.46429306e+02,
    3.11246399e+02, 1.58639664e+02, 3.22289490e+02, 1.58413406e+02,
    3.33288025e+02, 1.58297073e+02, 3.44250916e+02, 1.58061371e+02,
    3.55149658e+02, 1.57837692e+02, 3.66180847e+02, 1.57593475e+02,
    3.11121796e+02, 1.69804688e+02, 3.22145752e+02, 1.69573196e+02,
    3.33024139e+02, 1.69358765e+02, 3.43899994e+02, 1.69154892e+02,
    3.54688232e+02, 1.68851181e+02, 3.65561432e+02, 1.68660019e+02,
    3.10943024e+02, 1.80864899e+02, 3.21841034e+02, 1.80534973e+02,
    3.32658752e+02, 1.80347885e+02, 3.43445221e+02, 1.80140884e+02,
    3.54285309e+02, 1.79893463e+02, 3.65096527e+02, 1.79656525e+02,
    3.10642670e+02, 1.91803055e+02, 3.21470856e+02, 1.91461288e+02,
    3.32325226e+02, 1.91225693e+02, 3.43120209e+02, 1.90938538e+02,
    3.53794708e+02, 1.90692993e+02, 3.64544159e+02, 1.90441895e+02,
    3.10363403e+02, 2.02403397e+02, 3.21229095e+02, 2.02229645e+02,
    3.31986359e+02, 2.01995132e+02, 3.42618011e+02, 2.01653809e+02,
    3.53302551e+02, 2.01368805e+02, 3.63934601e+02, 2.01087128e+02,
    3.10175720e+02, 2.13055222e+02, 3.20910004e+02, 2.12657303e+02,
    3.31476990e+02, 2.12401093e+02, 3.42109985e+02, 2.12150528e+02,
    3.52742920e+02, 2.11869766e+02, 3.63347168e+02, 2.11657623e+02 ]
