%YAML:1.0
---
points: [ 3.34361542e+02, 1.35855515e+02, 3.45473785e+02, 1.35684067e+02,
    3.56609314e+02, 1.35513977e+02, 3.67603455e+02, 1.35428268e+02,
    3.78587006e+02, 1.35282822e+02, 3.89509247e+02, 1.35118362e+02,
    3.33859985e+02, 1.47264618e+02, 3.44829620e+02, 1.47179291e+02,
    3.55914886e+02, 1.46881851e+02, 3.66846069e+02, 1.46713074e+02,
    3.77777954e+02, 1.46592346e+02, 3.88672424e+02, 1.46529114e+02,
    3.33295990e+02, 1.58482880e+02, 3.44259766e+02, 1.58292755e+02,
    3.55280121e+02, 1.58143997e+02, 3.66213654e+02, 1.57905426e+02,
    3.77137970e+02, 1.57770508e+02, 3.87947174e+02, 1.57522171e+02,
    3.32980530e+02, 1.69574463e+02, 3.43972839e+02, 1.69402176e+02,
    3.54851318e+02, 1.69223938e+02, 3.65666962e+02, 1.68952240e+02,
    3.76439941e+02, 1.68740814e+02, 3.87242523e+02, 1.68680237e+02,
    3.32561737e+02, 1.80622498e+02, 3.43473450e+02, 1.80324509e+02,
    3.54349548e+02, 1.80192368e+02, 3.65169556e+02, 1.79930908e+02,
    3.75866394e+02, 1.79714890e+02, 3.86492035e+02, 1.79515732e+02,
    3.32255646e+02, 1.91450378e+02, 3.43148438e+02, 1.91218582e+02,
    3.53839264e+02, 1.90963959e+02, 3.64543396e+02, 1.90726410e+02,
    3.75268188e+02, 1.90520416e+02, 3.85846924e+02, 1.90349503e+02,
    3.31930145e+02, 2.02131531e+02, 3.42566956e+02, 2.01851898e+02,
    3.53299896e+02, 2.01636215e+02, 3.63907562e+02, 2.01372696e+02,
    3.74518188e+02, 2.01105545e+02, 3.85175812e+02, 2.00759720e+02,
    3.31393372e+02, 2.12610413e+02, 3.41996338e+02, 2.12351746e+02,
    3.52713135e+02, 2.12160400e+02, 3.63257202e+02, 2.11878235e+02,
    3.73786835e+02, 2.11555191e+02, 3.84407806e+02, 2.11339874e+02 ]
