%YAML:1.0
---
points: [ 1.12037708e+03, 3.43824249e+02, 1.15248816e+03, 3.43854370e+02,
    1.18423938e+03, 3.43774475e+02, 1.21590259e+03, 3.43764404e+02,
    1.24751111e+03, 3.43691711e+02, 1.27915735e+03, 3.43633514e+02,
    1.11896667e+03, 3.76535248e+02, 1.15071130e+03, 3.76502655e+02,
    1.18233606e+03, 3.76405518e+02, 1.21371436e+03, 3.76324158e+02,
    1.24522461e+03, 3.76116791e+02, 1.27661816e+03, 3.75985474e+02,
    1.11776245e+03, 4.08578400e+02, 1.14938379e+03, 4.08465424e+02,
    1.18078113e+03, 4.08388184e+02, 1.21210889e+03, 4.08171753e+02,
    1.24333044e+03, 4.07932709e+02, 1.27458264e+03, 4.07753143e+02,
    1.11708923e+03, 4.40435516e+02, 1.14846411e+03, 4.40337494e+02,
    1.17962817e+03, 4.40052155e+02, 1.21067676e+03, 4.39752045e+02,
    1.24159973e+03, 4.39525604e+02, 1.27267908e+03, 4.39381775e+02,
    1.11623547e+03, 4.72002716e+02, 1.14736694e+03, 4.71683411e+02,
    1.17839185e+03, 4.71480835e+02, 1.20917297e+03, 4.71144775e+02,
    1.23981677e+03, 4.70767944e+02, 1.27070874e+03, 4.70551636e+02,
    1.11532727e+03, 5.03152069e+02, 1.14622498e+03, 5.02735748e+02,
    1.17690894e+03, 5.02511230e+02, 1.20759229e+03, 5.02198578e+02,
    1.23820007e+03, 5.01794159e+02, 1.26886609e+03, 5.01422546e+02,
    1.11411047e+03, 5.33708069e+02, 1.14479016e+03, 5.33365479e+02,
    1.17550427e+03, 5.33017822e+02, 1.20608618e+03, 5.32645874e+02,
    1.23647034e+03, 5.32285217e+02, 1.26668127e+03, 5.31811646e+02,
    1.11299829e+03, 5.63921082e+02, 1.14351624e+03, 5.63432373e+02,
    1.17406311e+03, 5.62967712e+02, 1.20420178e+03, 5.62478333e+02,
    1.23447742e+03, 5.62010071e+02, 1.26470142e+03, 5.61559021e+02 ]
