%YAML:1.0
---
points: [ 1.16164734e+03, 3.44902740e+02, 1.19368213e+03, 3.44937012e+02,
    1.22562988e+03, 3.44882629e+02, 1.25738269e+03, 3.44842651e+02,
    1.28896301e+03, 3.44760040e+02, 1.32064722e+03, 3.44692749e+02,
    1.15982812e+03, 3.77574860e+02, 1.19153906e+03, 3.77559235e+02,
    1.22322034e+03, 3.77465454e+02, 1.25463965e+03, 3.77399902e+02,
    1.28624817e+03, 3.77360077e+02, 1.31779407e+03, 3.77286774e+02,
    1.15831128e+03, 4.09648376e+02, 1.18979443e+03, 4.09562683e+02,
    1.22122815e+03, 4.09451904e+02, 1.25254553e+03, 4.09346191e+02,
    1.28385620e+03, 4.09184875e+02, 1.31524609e+03, 4.08992798e+02,
    1.15694141e+03, 4.41469940e+02, 1.18826001e+03, 4.41379883e+02,
    1.21940332e+03, 4.41130707e+02, 1.25038232e+03, 4.40886139e+02,
    1.28151514e+03, 4.40613770e+02, 1.31255859e+03, 4.40447662e+02,
    1.15547510e+03, 4.72868042e+02, 1.18662085e+03, 4.72647858e+02,
    1.21761841e+03, 4.72420319e+02, 1.24849353e+03, 4.72159088e+02,
    1.27937085e+03, 4.71803894e+02, 1.31026331e+03, 4.71597717e+02,
    1.15427368e+03, 5.03862213e+02, 1.18527161e+03, 5.03621735e+02,
    1.21590088e+03, 5.03309113e+02, 1.24644580e+03, 5.02854492e+02,
    1.27698511e+03, 5.02612396e+02, 1.30767102e+03, 5.02386292e+02,
    1.15274353e+03, 5.34313599e+02, 1.18341077e+03, 5.33873474e+02,
    1.21380627e+03, 5.33639587e+02, 1.24431104e+03, 5.33360596e+02,
    1.27471863e+03, 5.32945801e+02, 1.30529761e+03, 5.32631165e+02,
    1.15107080e+03, 5.64251709e+02, 1.18148279e+03, 5.63797729e+02,
    1.21196863e+03, 5.63424805e+02, 1.24212183e+03, 5.62998840e+02,
    1.27240771e+03, 5.62639954e+02, 1.30255945e+03, 5.62312195e+02 ]
