%YAML:1.0
---
points: [ 3.48884888e+02, 1.36047714e+02, 3.60036987e+02, 1.35879135e+02,
    3.71169586e+02, 1.35807785e+02, 3.82156219e+02, 1.35718033e+02,
    3.93022858e+02, 1.35630310e+02, 4.04035034e+02, 1.35505890e+02,
    3.48165466e+02, 1.47382202e+02, 3.59208496e+02, 1.47382172e+02,
    3.70280273e+02, 1.47197556e+02, 3.81257660e+02, 1.46950089e+02,
    3.92163544e+02, 1.46808212e+02, 4.03054871e+02, 1.46753967e+02,
    3.47482025e+02, 1.58709839e+02, 3.58413849e+02, 1.58520691e+02,
    3.69446503e+02, 1.58398087e+02, 3.80312775e+02, 1.58170975e+02,
    3.91227112e+02, 1.58020401e+02, 4.02122772e+02, 1.57775970e+02,
    3.47005402e+02, 1.69777390e+02, 3.57901123e+02, 1.69648544e+02,
    3.68763245e+02, 1.69382385e+02, 3.79626221e+02, 1.69228989e+02,
    3.90380005e+02, 1.68999039e+02, 4.01186676e+02, 1.68925095e+02,
    3.46467712e+02, 1.80701172e+02, 3.57238678e+02, 1.80514038e+02,
    3.68143158e+02, 1.80400955e+02, 3.78900696e+02, 1.80172592e+02,
    3.89571381e+02, 1.79973450e+02, 4.00276184e+02, 1.79728012e+02,
    3.45914154e+02, 1.91548477e+02, 3.56633667e+02, 1.91402847e+02,
    3.67475830e+02, 1.91166290e+02, 3.78141266e+02, 1.90874573e+02,
    3.88757538e+02, 1.90678650e+02, 3.99360596e+02, 1.90565399e+02,
    3.45374512e+02, 2.02156815e+02, 3.56065125e+02, 2.01919510e+02,
    3.66701843e+02, 2.01742432e+02, 3.77319305e+02, 2.01508621e+02,
    3.87961578e+02, 2.01287720e+02, 3.98438599e+02, 2.00970535e+02,
    3.44706879e+02, 2.12600449e+02, 3.55344849e+02, 2.12324493e+02,
    3.65905121e+02, 2.12116791e+02, 3.76460266e+02, 2.11867386e+02,
    3.86970062e+02, 2.11600739e+02, 3.97552612e+02, 2.11473846e+02 ]
