%YAML:1.0
---
points: [ 3.26445892e+02, 1.35411667e+02, 3.38696930e+02, 1.34675201e+02,
    3.51235229e+02, 1.33912811e+02, 3.63591858e+02, 1.33144043e+02,
    3.76253143e+02, 1.32407150e+02, 3.89161957e+02, 1.31587860e+02,
    3.26658783e+02, 1.47302017e+02, 3.38822540e+02, 1.46620789e+02,
    3.51210876e+02, 1.46002213e+02, 3.63423553e+02, 1.45282227e+02,
    3.76066772e+02, 1.44612671e+02, 3.88707672e+02, 1.43989258e+02,
    3.26983978e+02, 1.58915649e+02, 3.38983856e+02, 1.58275879e+02,
    3.51146759e+02, 1.57722305e+02, 3.63349152e+02, 1.57141678e+02,
    3.75801605e+02, 1.56575806e+02, 3.88370544e+02, 1.55862915e+02,
    3.27171631e+02, 1.70404495e+02, 3.39162506e+02, 1.69948425e+02,
    3.51158264e+02, 1.69396545e+02, 3.63305511e+02, 1.68853714e+02,
    3.75604736e+02, 1.68344254e+02, 3.88269684e+02, 1.67809769e+02,
    3.27383514e+02, 1.81720032e+02, 3.39221893e+02, 1.81300385e+02,
    3.51237701e+02, 1.80868530e+02, 3.63272369e+02, 1.80469315e+02,
    3.75497009e+02, 1.79961670e+02, 3.87977325e+02, 1.79527573e+02,
    3.27620331e+02, 1.92844879e+02, 3.39329285e+02, 1.92517197e+02,
    3.51246552e+02, 1.92189911e+02, 3.63271576e+02, 1.91785965e+02,
    3.75289062e+02, 1.91412872e+02, 3.87638153e+02, 1.91058487e+02,
    3.27920959e+02, 2.03643051e+02, 3.39465668e+02, 2.03411011e+02,
    3.51230042e+02, 2.03174347e+02, 3.63144135e+02, 2.02834351e+02,
    3.75250641e+02, 2.02596542e+02, 3.87378204e+02, 2.02254196e+02,
    3.28102509e+02, 2.14328522e+02, 3.39665039e+02, 2.14146378e+02,
    3.51194916e+02, 2.13889252e+02, 3.63171967e+02, 2.13759628e+02,
    3.75009613e+02, 2.13485779e+02, 3.87201752e+02, 2.13265747e+02 ]
