%YAML:1.0
---
points: [ 1.09456006e+03, 3.42388336e+02, 1.12914417e+03, 3.40627991e+02,
    1.16422900e+03, 3.38980377e+02, 1.19949011e+03, 3.37222107e+02,
    1.23544470e+03, 3.35247314e+02, 1.27178320e+03, 3.33493164e+02,
    1.09556885e+03, 3.76385864e+02, 1.12980054e+03, 3.74912354e+02,
    1.16447168e+03, 3.73311707e+02, 1.19945923e+03, 3.71697876e+02,
    1.23494580e+03, 3.70252228e+02, 1.27116736e+03, 3.68675690e+02,
    1.09658594e+03, 4.09496307e+02, 1.13054968e+03, 4.08339630e+02,
    1.16477136e+03, 4.07086365e+02, 1.19953833e+03, 4.05823151e+02,
    1.23458435e+03, 4.04422485e+02, 1.27046472e+03, 4.03146271e+02,
    1.09754260e+03, 4.42585999e+02, 1.13135217e+03, 4.41476959e+02,
    1.16532666e+03, 4.40378113e+02, 1.19965283e+03, 4.39433777e+02,
    1.23446338e+03, 4.38252472e+02, 1.26994580e+03, 4.37185852e+02,
    1.09846753e+03, 4.75203308e+02, 1.13203699e+03, 4.74264099e+02,
    1.16553467e+03, 4.73387512e+02, 1.19974988e+03, 4.72451782e+02,
    1.23438208e+03, 4.71547485e+02, 1.26959290e+03, 4.70658173e+02,
    1.09952844e+03, 5.07160614e+02, 1.13264099e+03, 5.06508087e+02,
    1.16595020e+03, 5.05793243e+02, 1.19993140e+03, 5.04981628e+02,
    1.23422021e+03, 5.04194794e+02, 1.26916223e+03, 5.03503632e+02,
    1.10051111e+03, 5.38325439e+02, 1.13337329e+03, 5.37809509e+02,
    1.16637390e+03, 5.37404480e+02, 1.20003076e+03, 5.36907104e+02,
    1.23393018e+03, 5.36309998e+02, 1.26857739e+03, 5.35702454e+02,
    1.10150354e+03, 5.68769287e+02, 1.13391077e+03, 5.68452209e+02,
    1.16674731e+03, 5.68147217e+02, 1.20013074e+03, 5.67756042e+02,
    1.23371790e+03, 5.67491272e+02, 1.26806458e+03, 5.67236938e+02 ]
