%YAML:1.0
---
points: [ 1.03510040e+02, 1.69074081e+02, 1.03944771e+02, 1.80196136e+02,
    1.04473679e+02, 1.91386963e+02, 1.05012489e+02, 2.02358078e+02,
    1.05431366e+02, 2.13459305e+02, 1.06009758e+02, 2.24378540e+02,
    9.24226456e+01, 1.69353546e+02, 9.29379883e+01, 1.80552750e+02,
    9.33736877e+01, 1.91662628e+02, 9.38758087e+01, 2.02664886e+02,
    9.44437943e+01, 2.13637085e+02, 9.49218140e+01, 2.24696182e+02,
    8.12987518e+01, 1.69672485e+02, 8.17337570e+01, 1.80751556e+02,
    8.22986069e+01, 1.91810104e+02, 8.28227921e+01, 2.02785889e+02,
    8.32944412e+01, 2.13834091e+02, 8.37815781e+01, 2.24845108e+02,
    6.99635086e+01, 1.69805588e+02, 7.06061249e+01, 1.80960846e+02,
    7.10272369e+01, 1.92047058e+02, 7.16079407e+01, 2.03168274e+02,
    7.20809326e+01, 2.14219025e+02, 7.26742096e+01, 2.25311371e+02,
    5.88965454e+01, 1.70258789e+02, 5.93910027e+01, 1.81300415e+02,
    5.98278275e+01, 1.92567062e+02, 6.03549843e+01, 2.03583542e+02,
    6.08319359e+01, 2.14626114e+02, 6.16025925e+01, 2.25617630e+02,
    4.76498528e+01, 1.70522491e+02, 4.81117554e+01, 1.81672928e+02,
    4.86925659e+01, 1.92713104e+02, 4.92891769e+01, 2.03787491e+02,
    4.98269806e+01, 2.14743256e+02, 5.04089088e+01, 2.25825363e+02,
    3.69136734e+01, 1.70777267e+02, 3.73967285e+01, 1.81734100e+02,
    3.78086281e+01, 1.93035248e+02, 3.83681488e+01, 2.03961090e+02,
    3.88453560e+01, 2.15126770e+02, 3.96268578e+01, 2.26048660e+02,
    2.60978508e+01, 1.70959625e+02, 2.67178783e+01, 1.82378738e+02,
    2.70421638e+01, 1.93327057e+02, 2.77198467e+01, 2.04522034e+02,
    2.83208847e+01, 2.15366074e+02, 2.88110352e+01, 2.26576614e+02 ]
