%YAML:1.0
---
points: [ 4.56548553e+02, 4.32807678e+02, 4.57723541e+02, 4.64809875e+02,
    4.59036835e+02, 4.96795593e+02, 4.60250916e+02, 5.28487671e+02,
    4.61364227e+02, 5.60220276e+02, 4.62544006e+02, 5.91757507e+02,
    4.24207245e+02, 4.33100006e+02, 4.25403137e+02, 4.65314545e+02,
    4.26760803e+02, 4.97236633e+02, 4.28006165e+02, 5.28992249e+02,
    4.29143921e+02, 5.60633484e+02, 4.30173340e+02, 5.92511108e+02,
    3.91494995e+02, 4.33485138e+02, 3.92823364e+02, 4.65580109e+02,
    3.94164154e+02, 4.97652374e+02, 3.95514130e+02, 5.29342590e+02,
    3.96566864e+02, 5.61259155e+02, 3.97688263e+02, 5.92954895e+02,
    3.58301544e+02, 4.33640259e+02, 3.59569733e+02, 4.66104767e+02,
    3.60909790e+02, 4.98000183e+02, 3.62199768e+02, 5.29861633e+02,
    3.63625092e+02, 5.61794250e+02, 3.64876160e+02, 5.93616516e+02,
    3.24544128e+02, 4.34214661e+02, 3.26092163e+02, 4.66328674e+02,
    3.27439484e+02, 4.98544495e+02, 3.28719574e+02, 5.30449402e+02,
    3.30134705e+02, 5.62343323e+02, 3.31545349e+02, 5.94485779e+02,
    2.90773254e+02, 4.34384308e+02, 2.92164001e+02, 4.66566467e+02,
    2.93641998e+02, 4.99065369e+02, 2.95388672e+02, 5.30901306e+02,
    2.96819153e+02, 5.63123169e+02, 2.98131561e+02, 5.95135437e+02,
    2.57767975e+02, 4.34574341e+02, 2.59147003e+02, 4.67180115e+02,
    2.60469330e+02, 4.99371307e+02, 2.61942261e+02, 5.31556580e+02,
    2.63604340e+02, 5.63733887e+02, 2.65085083e+02, 5.95807983e+02,
    2.24551727e+02, 4.35052795e+02, 2.26204529e+02, 4.67540771e+02,
    2.27620239e+02, 4.99903107e+02, 2.29036865e+02, 5.32094299e+02,
    2.30505493e+02, 5.64317810e+02, 2.32018204e+02, 5.96415222e+02 ]
