%YAML:1.0
---
points: [ 6.99258728e+02, 4.42463226e+02, 6.99580872e+02, 4.73812683e+02,
    7.00145386e+02, 5.05186768e+02, 7.00544922e+02, 5.36376160e+02,
    7.00798584e+02, 5.67648071e+02, 7.01307861e+02, 5.98910217e+02,
    6.68188538e+02, 4.42874146e+02, 6.68574951e+02, 4.74300140e+02,
    6.68952576e+02, 5.05550690e+02, 6.69432373e+02, 5.36758667e+02,
    6.69756714e+02, 5.67933533e+02, 6.70125427e+02, 5.99276489e+02,
    6.36898071e+02, 4.43311462e+02, 6.37424011e+02, 4.74629211e+02,
    6.37814331e+02, 5.05937988e+02, 6.38287659e+02, 5.37253906e+02,
    6.38587646e+02, 5.68407837e+02, 6.38803955e+02, 5.99656006e+02,
    6.05348877e+02, 4.43631042e+02, 6.05740784e+02, 4.74986664e+02,
    6.06320374e+02, 5.06342041e+02, 6.06635864e+02, 5.37587463e+02,
    6.07130005e+02, 5.68867859e+02, 6.07524048e+02, 6.00165222e+02,
    5.73524902e+02, 4.43683685e+02, 5.74171509e+02, 4.75353607e+02,
    5.74542236e+02, 5.06668152e+02, 5.75016418e+02, 5.37945251e+02,
    5.75465027e+02, 5.69343079e+02, 5.75842896e+02, 6.00634705e+02,
    5.41734192e+02, 4.43976959e+02, 5.42272461e+02, 4.75659027e+02,
    5.42883362e+02, 5.06887115e+02, 5.43286865e+02, 5.38389832e+02,
    5.43748413e+02, 5.69621216e+02, 5.44230652e+02, 6.01108154e+02,
    5.10312012e+02, 4.44552338e+02, 5.10841858e+02, 4.75809906e+02,
    5.11159912e+02, 5.07381073e+02, 5.11760376e+02, 5.38619141e+02,
    5.12172180e+02, 5.70157837e+02, 5.12595703e+02, 6.01493713e+02,
    4.78860596e+02, 4.44808655e+02, 4.79306915e+02, 4.76312805e+02,
    4.79812500e+02, 5.07672821e+02, 4.80352997e+02, 5.39133118e+02,
    4.80807831e+02, 5.70511902e+02, 4.81253998e+02, 6.01894592e+02 ]
