%YAML:1.0
---
points: [ 1.87377808e+02, 1.71652496e+02, 1.87600372e+02, 1.82607681e+02,
    1.88021088e+02, 1.93487152e+02, 1.88236191e+02, 2.04345871e+02,
    1.88397339e+02, 2.15155762e+02, 1.88701279e+02, 2.26093750e+02,
    1.76461151e+02, 1.71961655e+02, 1.76855942e+02, 1.82786240e+02,
    1.77142197e+02, 1.93730515e+02, 1.77346680e+02, 2.04503143e+02,
    1.77554184e+02, 2.15390381e+02, 1.77927444e+02, 2.26309280e+02,
    1.65681091e+02, 1.72138809e+02, 1.66099777e+02, 1.83073441e+02,
    1.66282806e+02, 1.93922989e+02, 1.66472305e+02, 2.04691269e+02,
    1.66798141e+02, 2.15634705e+02, 1.67110229e+02, 2.26500046e+02,
    1.54746948e+02, 1.72311386e+02, 1.55109573e+02, 1.83312439e+02,
    1.55319183e+02, 1.94145660e+02, 1.55522049e+02, 2.04986359e+02,
    1.55912750e+02, 2.15877975e+02, 1.56168228e+02, 2.26788803e+02,
    1.43776413e+02, 1.72556625e+02, 1.44126251e+02, 1.83466370e+02,
    1.44293106e+02, 1.94423859e+02, 1.44531326e+02, 2.05216858e+02,
    1.44888748e+02, 2.16135361e+02, 1.45152435e+02, 2.27011093e+02,
    1.32696594e+02, 1.72685242e+02, 1.33030197e+02, 1.83683304e+02,
    1.33243179e+02, 1.94594223e+02, 1.33533951e+02, 2.05529678e+02,
    1.33911072e+02, 2.16411453e+02, 1.34143356e+02, 2.27309570e+02,
    1.21866364e+02, 1.72879288e+02, 1.22131577e+02, 1.83821198e+02,
    1.22314941e+02, 1.94821335e+02, 1.22629387e+02, 2.05674652e+02,
    1.22910027e+02, 2.16640747e+02, 1.23185478e+02, 2.27548965e+02,
    1.10902267e+02, 1.73118439e+02, 1.11181358e+02, 1.84073654e+02,
    1.11392921e+02, 1.95026581e+02, 1.11729240e+02, 2.05876343e+02,
    1.11987053e+02, 2.16804428e+02, 1.12226280e+02, 2.27735168e+02 ]
