%YAML:1.0
---
points: [ 2.16263260e+02, 1.71323883e+02, 2.16556839e+02, 1.82239883e+02,
    2.16861404e+02, 1.93368546e+02, 2.17078400e+02, 2.04032822e+02,
    2.17273956e+02, 2.14781418e+02, 2.17488937e+02, 2.25548203e+02,
    2.05222702e+02, 1.71445068e+02, 2.05498260e+02, 1.82491959e+02,
    2.05916092e+02, 1.93358398e+02, 2.06193497e+02, 2.04226471e+02,
    2.06452759e+02, 2.15052948e+02, 2.06703751e+02, 2.25837250e+02,
    1.94372910e+02, 1.71670151e+02, 1.94662689e+02, 1.82781235e+02,
    1.95039215e+02, 1.93653305e+02, 1.95370926e+02, 2.04434967e+02,
    1.95546127e+02, 2.15240677e+02, 1.96094040e+02, 2.26141693e+02,
    1.83235855e+02, 1.71876465e+02, 1.83547028e+02, 1.82946304e+02,
    1.84088516e+02, 1.93782166e+02, 1.84277618e+02, 2.04739197e+02,
    1.84639908e+02, 2.15449631e+02, 1.85038574e+02, 2.26361694e+02,
    1.72193741e+02, 1.72157745e+02, 1.72428436e+02, 1.83049820e+02,
    1.71716034e+02, 1.96134521e+02, 1.71827850e+02, 2.03312653e+02,
    1.73541977e+02, 2.15759323e+02, 1.74031494e+02, 2.26624588e+02,
    1.60913757e+02, 1.72185547e+02, 1.61305588e+02, 1.83300552e+02,
    1.61660629e+02, 1.94222153e+02, 1.62123047e+02, 2.05212708e+02,
    1.62389664e+02, 2.16064911e+02, 1.62872284e+02, 2.27042831e+02,
    1.49688385e+02, 1.72384323e+02, 1.50169128e+02, 1.83469620e+02,
    1.50413849e+02, 1.94464874e+02, 1.50967285e+02, 2.05374512e+02,
    1.51281876e+02, 2.16356476e+02, 1.51494049e+02, 2.27332321e+02,
    1.38345947e+02, 1.72565948e+02, 1.38945465e+02, 1.83670197e+02,
    1.39297791e+02, 1.94628632e+02, 1.39710312e+02, 2.05669296e+02,
    1.40164551e+02, 2.16589676e+02, 1.40433914e+02, 2.27557373e+02 ]
