%YAML:1.0
---
points: [ 7.81864197e+02, 4.42399323e+02, 7.82354065e+02, 4.73868744e+02,
    7.82901794e+02, 5.05156982e+02, 7.83579895e+02, 5.36247375e+02,
    7.84165039e+02, 5.67294556e+02, 7.84646606e+02, 5.98383972e+02,
    7.50416687e+02, 4.42629333e+02, 7.51019714e+02, 4.74113464e+02,
    7.51654663e+02, 5.05429413e+02, 7.52383911e+02, 5.36493286e+02,
    7.52865051e+02, 5.67574524e+02, 7.53456299e+02, 5.98675659e+02,
    7.18798889e+02, 4.42861084e+02, 7.19542419e+02, 4.74419952e+02,
    7.20348511e+02, 5.05725006e+02, 7.20893982e+02, 5.36881958e+02,
    7.21580811e+02, 5.67973816e+02, 7.22209167e+02, 5.99196228e+02,
    6.86981384e+02, 4.43111633e+02, 6.87616272e+02, 4.74687195e+02,
    6.88489075e+02, 5.06137787e+02, 6.89283997e+02, 5.37332092e+02,
    6.90008789e+02, 5.68541748e+02, 6.90577820e+02, 5.99689819e+02,
    6.54696167e+02, 4.43255585e+02, 6.55545593e+02, 4.74904541e+02,
    6.56435364e+02, 5.06453674e+02, 6.57176270e+02, 5.37680603e+02,
    6.58138550e+02, 5.69115112e+02, 6.58771240e+02, 6.00353088e+02,
    6.22382935e+02, 4.43367828e+02, 6.23161987e+02, 4.75241394e+02,
    6.24004822e+02, 5.06686798e+02, 6.24919006e+02, 5.38227539e+02,
    6.25888916e+02, 5.69570374e+02, 6.26656433e+02, 6.00892517e+02,
    5.90001526e+02, 4.43579102e+02, 5.90819641e+02, 4.75373871e+02,
    5.91646545e+02, 5.07019348e+02, 5.92590637e+02, 5.38568726e+02,
    5.93476624e+02, 5.70123047e+02, 5.94504333e+02, 6.01451172e+02,
    5.57430054e+02, 4.43842194e+02, 5.58493652e+02, 4.75567291e+02,
    5.59526611e+02, 5.07427094e+02, 5.60352600e+02, 5.38829407e+02,
    5.61251160e+02, 5.70512512e+02, 5.62273682e+02, 6.01874268e+02 ]
