%YAML:1.0
---
points: [ 2.16290924e+02, 1.71373886e+02, 2.16641312e+02, 1.82203979e+02,
    2.17023224e+02, 1.93454315e+02, 2.17113129e+02, 2.04049210e+02,
    2.17272614e+02, 2.14832352e+02, 2.17513763e+02, 2.25554642e+02,
    2.05220322e+02, 1.71457352e+02, 2.05580719e+02, 1.82434586e+02,
    2.05894287e+02, 1.93353745e+02, 2.06195236e+02, 2.04236008e+02,
    2.06418549e+02, 2.15099487e+02, 2.06712799e+02, 2.25868561e+02,
    1.94381836e+02, 1.71731155e+02, 1.94620285e+02, 1.82747665e+02,
    1.94983292e+02, 1.93632263e+02, 1.95318237e+02, 2.04472275e+02,
    1.95473709e+02, 2.15268005e+02, 1.95992020e+02, 2.26144501e+02,
    1.83278976e+02, 1.71838242e+02, 1.83588089e+02, 1.82927277e+02,
    1.84056244e+02, 1.93775574e+02, 1.84234604e+02, 2.04745941e+02,
    1.84580688e+02, 2.15468979e+02, 1.85013824e+02, 2.26387009e+02,
    1.72163422e+02, 1.72109360e+02, 1.72426682e+02, 1.83045166e+02,
    1.72828857e+02, 1.94140381e+02, 1.73230743e+02, 2.04922684e+02,
    1.73548889e+02, 2.15818420e+02, 1.74021805e+02, 2.26647415e+02,
    1.60945282e+02, 1.72155502e+02, 1.61259140e+02, 1.83280563e+02,
    1.61646744e+02, 1.94210648e+02, 1.62073929e+02, 2.05181549e+02,
    1.62355301e+02, 2.16099243e+02, 1.62828705e+02, 2.27071106e+02,
    1.49677155e+02, 1.72365509e+02, 1.50140961e+02, 1.83458786e+02,
    1.50373276e+02, 1.94425262e+02, 1.50921677e+02, 2.05405838e+02,
    1.51284698e+02, 2.16370987e+02, 1.51472992e+02, 2.27391830e+02,
    1.38388687e+02, 1.72547867e+02, 1.38954529e+02, 1.83632477e+02,
    1.39276367e+02, 1.94659363e+02, 1.39698776e+02, 2.05655258e+02,
    1.40176193e+02, 2.16565552e+02, 1.40438919e+02, 2.27528397e+02 ]
