%YAML:1.0
---
points: [ 7.81827515e+02, 4.42352509e+02, 7.82325195e+02, 4.73830505e+02,
    7.82833435e+02, 5.05151428e+02, 7.83518860e+02, 5.36253479e+02,
    7.84101501e+02, 5.67321411e+02, 7.84602844e+02, 5.98384155e+02,
    7.50357300e+02, 4.42594116e+02, 7.50918701e+02, 4.74106750e+02,
    7.51615906e+02, 5.05415497e+02, 7.52342896e+02, 5.36519043e+02,
    7.52801880e+02, 5.67626587e+02, 7.53406738e+02, 5.98705444e+02,
    7.18703369e+02, 4.42808533e+02, 7.19366516e+02, 4.74361847e+02,
    7.20191406e+02, 5.05753601e+02, 7.20747803e+02, 5.36930115e+02,
    7.21469116e+02, 5.68030029e+02, 7.22122803e+02, 5.99212952e+02,
    6.86838806e+02, 4.43074371e+02, 6.87467285e+02, 4.74647919e+02,
    6.88313477e+02, 5.06146851e+02, 6.89105347e+02, 5.37411316e+02,
    6.89831970e+02, 5.68583496e+02, 6.90459351e+02, 5.99747375e+02,
    6.54598389e+02, 4.43254120e+02, 6.55378784e+02, 4.74867401e+02,
    6.56301025e+02, 5.06414948e+02, 6.56961426e+02, 5.37727539e+02,
    6.57828674e+02, 5.69159302e+02, 6.58639954e+02, 6.00403198e+02,
    6.22175354e+02, 4.43309662e+02, 6.23057007e+02, 4.75213287e+02,
    6.23811707e+02, 5.06696198e+02, 6.24720459e+02, 5.38274536e+02,
    6.25649841e+02, 5.69611633e+02, 6.26576172e+02, 6.01049194e+02,
    5.89835938e+02, 4.43537506e+02, 5.90715820e+02, 4.75382538e+02,
    5.91503540e+02, 5.07004608e+02, 5.92456116e+02, 5.38608826e+02,
    5.93317566e+02, 5.70127686e+02, 5.94317566e+02, 6.01485596e+02,
    5.57306396e+02, 4.43855347e+02, 5.58302551e+02, 4.75536224e+02,
    5.59343628e+02, 5.07426941e+02, 5.60203369e+02, 5.38813232e+02,
    5.61189880e+02, 5.70546326e+02, 5.62157349e+02, 6.01900574e+02 ]
