%YAML:1.0
---
points: [ 2.47361267e+02, 1.72438461e+02, 2.47525711e+02, 1.83796951e+02,
    2.47634781e+02, 1.94811188e+02, 2.47810303e+02, 2.05581329e+02,
    2.47959030e+02, 2.16350189e+02, 2.48080902e+02, 2.26904022e+02,
    2.36141022e+02, 1.72569000e+02, 2.36241547e+02, 1.83847565e+02,
    2.36415771e+02, 1.94935150e+02, 2.36583649e+02, 2.05736984e+02,
    2.36808746e+02, 2.16479218e+02, 2.37071884e+02, 2.27092361e+02,
    2.24549408e+02, 1.72698944e+02, 2.24971573e+02, 1.84046280e+02,
    2.25244232e+02, 1.95125534e+02, 2.25504456e+02, 2.05990540e+02,
    2.25844727e+02, 2.16742462e+02, 2.26155319e+02, 2.27328278e+02,
    2.13185928e+02, 1.72951157e+02, 2.13501236e+02, 1.84264633e+02,
    2.14017746e+02, 1.95367966e+02, 2.14267090e+02, 2.06265594e+02,
    2.14612289e+02, 2.17135452e+02, 2.15137299e+02, 2.27681229e+02,
    2.01500183e+02, 1.73112244e+02, 2.02181946e+02, 1.84429382e+02,
    2.02493134e+02, 1.95617920e+02, 2.03149170e+02, 2.06555573e+02,
    2.03463425e+02, 2.17374405e+02, 2.03995514e+02, 2.28118729e+02,
    1.89942215e+02, 1.73292740e+02, 1.90463120e+02, 1.84602783e+02,
    1.91133102e+02, 1.95855957e+02, 1.91549850e+02, 2.06842529e+02,
    1.92192963e+02, 2.17722183e+02, 1.92669327e+02, 2.28395279e+02,
    1.78199203e+02, 1.73418228e+02, 1.78930939e+02, 1.84772141e+02,
    1.79513779e+02, 1.96067093e+02, 1.80247055e+02, 2.07077011e+02,
    1.80861115e+02, 2.17951065e+02, 1.81374802e+02, 2.28687866e+02,
    1.66471146e+02, 1.73509369e+02, 1.67241302e+02, 1.84974228e+02,
    1.68050079e+02, 1.96193192e+02, 1.68698074e+02, 2.07288422e+02,
    1.69338394e+02, 2.18193741e+02, 1.70155640e+02, 2.28954269e+02 ]
