%YAML:1.0
---
points: [ 8.68904358e+02, 4.46189575e+02, 8.69370911e+02, 4.78633331e+02,
    8.69796265e+02, 5.10391968e+02, 8.70328674e+02, 5.41581726e+02,
    8.70677002e+02, 5.72498108e+02, 8.71242920e+02, 6.02910339e+02,
    8.35961731e+02, 4.46140717e+02, 8.36694580e+02, 4.78548462e+02,
    8.37423889e+02, 5.10419891e+02, 8.38150024e+02, 5.41680115e+02,
    8.38772034e+02, 5.72675659e+02, 8.39494507e+02, 6.03290222e+02,
    8.02930359e+02, 4.46254181e+02, 8.03867798e+02, 4.78654480e+02,
    8.04965393e+02, 5.10703491e+02, 8.05892151e+02, 5.42164551e+02,
    8.06855042e+02, 5.73101807e+02, 8.07785034e+02, 6.03678162e+02,
    7.69745850e+02, 4.46505890e+02, 7.70969116e+02, 4.79173920e+02,
    7.72283813e+02, 5.11263458e+02, 7.73565002e+02, 5.42656555e+02,
    7.74725342e+02, 5.73720154e+02, 7.75900879e+02, 6.04368774e+02,
    7.36255615e+02, 4.46754578e+02, 7.37867615e+02, 4.79504944e+02,
    7.39283752e+02, 5.11694550e+02, 7.40705383e+02, 5.43272522e+02,
    7.42279846e+02, 5.74414001e+02, 7.43714905e+02, 6.05208191e+02,
    7.02583313e+02, 4.47011139e+02, 7.04333374e+02, 4.79922241e+02,
    7.06258667e+02, 5.12073730e+02, 7.08004944e+02, 5.43826050e+02,
    7.09619751e+02, 5.74887573e+02, 7.11294617e+02, 6.05904297e+02,
    6.68828552e+02, 4.47020935e+02, 6.70873718e+02, 4.80023773e+02,
    6.72920288e+02, 5.12341614e+02, 6.74859314e+02, 5.44117920e+02,
    6.76735657e+02, 5.75363647e+02, 6.78704773e+02, 6.06376587e+02,
    6.35006531e+02, 4.47209381e+02, 6.37407288e+02, 4.80116547e+02,
    6.39495911e+02, 5.12495850e+02, 6.41856323e+02, 5.44310364e+02,
    6.44000671e+02, 5.75730286e+02, 6.46043152e+02, 6.06725769e+02 ]
