%YAML:1.0
---
points: [ 2.65211121e+02, 1.72933273e+02, 2.65234589e+02, 1.84098038e+02,
    2.65187653e+02, 1.95051773e+02, 2.65194275e+02, 2.05667542e+02,
    2.65135254e+02, 2.16269470e+02, 2.65127472e+02, 2.26638062e+02,
    2.53851685e+02, 1.73056808e+02, 2.53914978e+02, 1.84164215e+02,
    2.54020569e+02, 1.95149261e+02, 2.54060059e+02, 2.05808807e+02,
    2.54132675e+02, 2.16390213e+02, 2.54160812e+02, 2.26964615e+02,
    2.42430603e+02, 1.73159637e+02, 2.42671921e+02, 1.84258591e+02,
    2.42852722e+02, 1.95253555e+02, 2.43100739e+02, 2.06068848e+02,
    2.43221481e+02, 2.16693314e+02, 2.43359543e+02, 2.27169998e+02,
    2.31247086e+02, 1.73287659e+02, 2.31402451e+02, 1.84453186e+02,
    2.31639633e+02, 1.95487350e+02, 2.31938522e+02, 2.06289536e+02,
    2.32190460e+02, 2.17008591e+02, 2.32363037e+02, 2.27435913e+02,
    2.19696655e+02, 1.73441010e+02, 2.20152649e+02, 1.84742645e+02,
    2.20358398e+02, 1.95805588e+02, 2.20820862e+02, 2.06638931e+02,
    2.21199158e+02, 2.17298508e+02, 2.21376816e+02, 2.27880447e+02,
    2.08235428e+02, 1.73698944e+02, 2.08564682e+02, 1.85034744e+02,
    2.09127731e+02, 1.96087097e+02, 2.09439987e+02, 2.06939774e+02,
    2.10005554e+02, 2.17547241e+02, 2.10370087e+02, 2.28179855e+02,
    1.96538193e+02, 1.73821426e+02, 1.97186508e+02, 1.85157654e+02,
    1.97672821e+02, 1.96228012e+02, 1.98264313e+02, 2.07175583e+02,
    1.98743195e+02, 2.17875031e+02, 1.99286530e+02, 2.28428284e+02,
    1.85036026e+02, 1.73984909e+02, 1.85630081e+02, 1.85263031e+02,
    1.86273911e+02, 1.96351700e+02, 1.86886703e+02, 2.07346054e+02,
    1.87442719e+02, 2.18085983e+02, 1.88149445e+02, 2.28715775e+02 ]
