%YAML:1.0
---
points: [ 9.20448669e+02, 4.47733521e+02, 9.20499390e+02, 4.79877075e+02,
    9.20573730e+02, 5.11432709e+02, 9.20689575e+02, 5.42313110e+02,
    9.20769104e+02, 5.72782227e+02, 9.20853882e+02, 6.02792419e+02,
    8.87521362e+02, 4.47669861e+02, 8.87861084e+02, 4.79820282e+02,
    8.88327759e+02, 5.11425079e+02, 8.88638367e+02, 5.42381409e+02,
    8.89052490e+02, 5.72881287e+02, 8.89408386e+02, 6.03227051e+02,
    8.54707092e+02, 4.47811646e+02, 8.55355896e+02, 4.80055542e+02,
    8.56049500e+02, 5.11713654e+02, 8.56687805e+02, 5.42700745e+02,
    8.57388367e+02, 5.73393677e+02, 8.58042419e+02, 6.03638428e+02,
    8.21864258e+02, 4.48177399e+02, 8.22796753e+02, 4.80457336e+02,
    8.23704285e+02, 5.12245239e+02, 8.24536011e+02, 5.43384827e+02,
    8.25531128e+02, 5.74112305e+02, 8.26453125e+02, 6.04277710e+02,
    7.88737366e+02, 4.48509583e+02, 7.89870239e+02, 4.80746765e+02,
    7.91046570e+02, 5.12669067e+02, 7.92177368e+02, 5.43872681e+02,
    7.93306885e+02, 5.74705811e+02, 7.94574463e+02, 6.05076416e+02,
    7.55357422e+02, 4.48744385e+02, 7.56861633e+02, 4.81211792e+02,
    7.58376099e+02, 5.13070679e+02, 7.59667664e+02, 5.44390808e+02,
    7.61029053e+02, 5.75204041e+02, 7.62516724e+02, 6.05719421e+02,
    7.22151550e+02, 4.48859772e+02, 7.23657227e+02, 4.81319000e+02,
    7.25411621e+02, 5.13304688e+02, 7.27181702e+02, 5.44697815e+02,
    7.28745056e+02, 5.75674683e+02, 7.30429810e+02, 6.06263550e+02,
    6.88514771e+02, 4.48949738e+02, 6.90547913e+02, 4.81404053e+02,
    6.92385315e+02, 5.13458618e+02, 6.94425537e+02, 5.44892517e+02,
    6.96322205e+02, 5.75893799e+02, 6.98101196e+02, 6.06650696e+02 ]
