%YAML:1.0
---
points: [ 9.92545288e+02, 4.48768036e+02, 9.92038025e+02, 4.80724487e+02,
    9.91453796e+02, 5.12118652e+02, 9.90936584e+02, 5.42772705e+02,
    9.90525269e+02, 5.72939453e+02, 9.89958252e+02, 6.02757690e+02,
    9.59860657e+02, 4.48694214e+02, 9.59588257e+02, 4.80571228e+02,
    9.59422485e+02, 5.12014343e+02, 9.59174377e+02, 5.42785461e+02,
    9.58852173e+02, 5.73143433e+02, 9.58664917e+02, 6.03072571e+02,
    9.27265381e+02, 4.48727631e+02, 9.27328796e+02, 4.80686829e+02,
    9.27357910e+02, 5.12289124e+02, 9.27390564e+02, 5.43206665e+02,
    9.27428650e+02, 5.73559143e+02, 9.27489746e+02, 6.03495117e+02,
    8.94570557e+02, 4.48956329e+02, 8.94879578e+02, 4.81185638e+02,
    8.95227600e+02, 5.12684448e+02, 8.95514343e+02, 5.43721069e+02,
    8.95794373e+02, 5.74275940e+02, 8.96155396e+02, 6.04218994e+02,
    8.61493774e+02, 4.49347839e+02, 8.62126282e+02, 4.81506256e+02,
    8.62740906e+02, 5.13208313e+02, 8.63390137e+02, 5.44279236e+02,
    8.63944397e+02, 5.74811829e+02, 8.64565369e+02, 6.04825378e+02,
    8.28398499e+02, 4.49615021e+02, 8.29245789e+02, 4.81876831e+02,
    8.30097229e+02, 5.13573303e+02, 8.31104431e+02, 5.44764526e+02,
    8.31905273e+02, 5.75364319e+02, 8.32775574e+02, 6.05617981e+02,
    7.95200134e+02, 4.49774536e+02, 7.96335144e+02, 4.82044586e+02,
    7.97475220e+02, 5.13816711e+02, 7.98595825e+02, 5.45065979e+02,
    7.99845581e+02, 5.75779602e+02, 8.01000916e+02, 6.06197571e+02,
    7.61765686e+02, 4.49821655e+02, 7.63404541e+02, 4.82132324e+02,
    7.64732483e+02, 5.14071472e+02, 7.66141479e+02, 5.45322144e+02,
    7.67636169e+02, 5.76156189e+02, 7.69020691e+02, 6.06517212e+02 ]
