%YAML:1.0
---
points: [ 2.90279388e+02, 1.73065231e+02, 2.89984741e+02, 1.84194839e+02,
    2.89654083e+02, 1.94964920e+02, 2.89358551e+02, 2.05594513e+02,
    2.89225830e+02, 2.16132736e+02, 2.88955017e+02, 2.26398849e+02,
    2.78918335e+02, 1.73122604e+02, 2.78738159e+02, 1.84166931e+02,
    2.78534668e+02, 1.95110977e+02, 2.78349030e+02, 2.05715286e+02,
    2.78231079e+02, 2.16254089e+02, 2.78191956e+02, 2.26598679e+02,
    2.67537781e+02, 1.73198654e+02, 2.67499268e+02, 1.84281219e+02,
    2.67434784e+02, 1.95233200e+02, 2.67426697e+02, 2.05954742e+02,
    2.67349426e+02, 2.16458267e+02, 2.67353241e+02, 2.26928711e+02,
    2.56279297e+02, 1.73355148e+02, 2.56298737e+02, 1.84480865e+02,
    2.56377594e+02, 1.95466476e+02, 2.56359863e+02, 2.06310852e+02,
    2.56372528e+02, 2.16830231e+02, 2.56407745e+02, 2.27194260e+02,
    2.44981339e+02, 1.73550369e+02, 2.45159882e+02, 1.84798584e+02,
    2.45266678e+02, 1.95781876e+02, 2.45353943e+02, 2.06518799e+02,
    2.45459854e+02, 2.17139877e+02, 2.45620911e+02, 2.27540817e+02,
    2.33427002e+02, 1.73842773e+02, 2.33749557e+02, 1.85092590e+02,
    2.34071198e+02, 1.96135086e+02, 2.34220795e+02, 2.06792496e+02,
    2.34354828e+02, 2.17377609e+02, 2.34616562e+02, 2.27940094e+02,
    2.22072495e+02, 1.74003372e+02, 2.22388748e+02, 1.85200363e+02,
    2.22685364e+02, 1.96210281e+02, 2.23176453e+02, 2.07117828e+02,
    2.23363480e+02, 2.17664536e+02, 2.23650879e+02, 2.28200119e+02,
    2.10457230e+02, 1.74091232e+02, 2.11022308e+02, 1.85377823e+02,
    2.11383316e+02, 1.96356644e+02, 2.11797928e+02, 2.07252045e+02,
    2.12234177e+02, 2.17899780e+02, 2.12565811e+02, 2.28353394e+02 ]
