%YAML:1.0
---
points: [ 1.14013977e+03, 4.42495209e+02, 1.13962964e+03, 4.73305878e+02,
    1.13916992e+03, 5.03692627e+02, 1.13853638e+03, 5.34055359e+02,
    1.13807068e+03, 5.64332275e+02, 1.13753613e+03, 5.94317566e+02,
    1.11002832e+03, 4.42501617e+02, 1.10957397e+03, 4.73321381e+02,
    1.10910974e+03, 5.03874329e+02, 1.10859692e+03, 5.34322083e+02,
    1.10829980e+03, 5.64635803e+02, 1.10791113e+03, 5.94767456e+02,
    1.07986853e+03, 4.42587952e+02, 1.07956665e+03, 4.73484741e+02,
    1.07928906e+03, 5.04144470e+02, 1.07893591e+03, 5.34580505e+02,
    1.07869446e+03, 5.65078064e+02, 1.07843616e+03, 5.95375793e+02,
    1.04961230e+03, 4.42656464e+02, 1.04949353e+03, 4.73722321e+02,
    1.04940271e+03, 5.04473083e+02, 1.04914185e+03, 5.35041443e+02,
    1.04885706e+03, 5.65664551e+02, 1.04871399e+03, 5.96072021e+02,
    1.01932465e+03, 4.42714508e+02, 1.01923151e+03, 4.73938629e+02,
    1.01919904e+03, 5.04786591e+02, 1.01898425e+03, 5.35469666e+02,
    1.01886041e+03, 5.66169373e+02, 1.01871149e+03, 5.96669067e+02,
    9.88700745e+02, 4.42810120e+02, 9.88726135e+02, 4.74131195e+02,
    9.88683594e+02, 5.05245209e+02, 9.88598389e+02, 5.35973999e+02,
    9.88560547e+02, 5.66640137e+02, 9.88574951e+02, 5.97409424e+02,
    9.57682983e+02, 4.42852661e+02, 9.57729248e+02, 4.74299652e+02,
    9.57796631e+02, 5.05407654e+02, 9.57805786e+02, 5.36337769e+02,
    9.57891296e+02, 5.67222473e+02, 9.58006226e+02, 5.97870117e+02,
    9.26518250e+02, 4.43007507e+02, 9.26625854e+02, 4.74507294e+02,
    9.26749817e+02, 5.05666748e+02, 9.26867310e+02, 5.36787354e+02,
    9.27100464e+02, 5.67572571e+02, 9.27371643e+02, 5.98420166e+02 ]
