%YAML:1.0
---
points: [ 3.40335236e+02, 1.70204315e+02, 3.40273895e+02, 1.80935822e+02,
    3.40116608e+02, 1.91570389e+02, 3.39908051e+02, 2.02116425e+02,
    3.39667694e+02, 2.12622131e+02, 3.39575806e+02, 2.23133774e+02,
    3.29896606e+02, 1.70342316e+02, 3.29716583e+02, 1.81120102e+02,
    3.29579651e+02, 1.91764832e+02, 3.29455170e+02, 2.02308167e+02,
    3.29388855e+02, 2.12911423e+02, 3.29276886e+02, 2.23336090e+02,
    3.19356964e+02, 1.70455902e+02, 3.19315155e+02, 1.81253296e+02,
    3.19229401e+02, 1.91990311e+02, 3.19208282e+02, 2.02537994e+02,
    3.19151794e+02, 2.13148224e+02, 3.19114655e+02, 2.23614487e+02,
    3.08992371e+02, 1.70651154e+02, 3.08959503e+02, 1.81368195e+02,
    3.08918976e+02, 1.92244034e+02, 3.08896851e+02, 2.02802643e+02,
    3.08840271e+02, 2.13396484e+02, 3.08816895e+02, 2.23955994e+02,
    2.98394928e+02, 1.70775223e+02, 2.98419800e+02, 1.81597687e+02,
    2.98408417e+02, 1.92381088e+02, 2.98438293e+02, 2.03099594e+02,
    2.98358154e+02, 2.13750671e+02, 2.98470490e+02, 2.24259537e+02,
    2.87987183e+02, 1.70999924e+02, 2.87941132e+02, 1.81763260e+02,
    2.88002716e+02, 1.92622437e+02, 2.88035431e+02, 2.03250122e+02,
    2.88122223e+02, 2.14065414e+02, 2.88125275e+02, 2.24532501e+02,
    2.77161926e+02, 1.71140686e+02, 2.77259521e+02, 1.82038162e+02,
    2.77290161e+02, 1.92788925e+02, 2.77321472e+02, 2.03462112e+02,
    2.77377045e+02, 2.14257904e+02, 2.77458496e+02, 2.24854675e+02,
    2.66402740e+02, 1.71259903e+02, 2.66481018e+02, 1.82148193e+02,
    2.66614502e+02, 1.93088669e+02, 2.66687286e+02, 2.03658859e+02,
    2.66821930e+02, 2.14452423e+02, 2.66929779e+02, 2.25213974e+02 ]
