%YAML:1.0
---
points: [ 1.18168079e+03, 4.41933502e+02, 1.18154749e+03, 4.72429169e+02,
    1.18137610e+03, 5.02725586e+02, 1.18123511e+03, 5.33023010e+02,
    1.18105457e+03, 5.63016785e+02, 1.18092407e+03, 5.93209106e+02,
    1.15159534e+03, 4.42201874e+02, 1.15151489e+03, 4.72599640e+02,
    1.15142261e+03, 5.03074280e+02, 1.15134558e+03, 5.33308777e+02,
    1.15130908e+03, 5.63476501e+02, 1.15129089e+03, 5.93561829e+02,
    1.12161841e+03, 4.42360962e+02, 1.12165271e+03, 4.72871765e+02,
    1.12165930e+03, 5.03363159e+02, 1.12165955e+03, 5.33616272e+02,
    1.12172107e+03, 5.63957520e+02, 1.12173779e+03, 5.94097412e+02,
    1.09167505e+03, 4.42535675e+02, 1.09177039e+03, 4.73205139e+02,
    1.09185339e+03, 5.03594055e+02, 1.09198669e+03, 5.33933838e+02,
    1.09206531e+03, 5.64468201e+02, 1.09220557e+03, 5.94632141e+02,
    1.06163330e+03, 4.42684509e+02, 1.06177539e+03, 4.73386932e+02,
    1.06194653e+03, 5.03946869e+02, 1.06209167e+03, 5.34438416e+02,
    1.06229297e+03, 5.64878906e+02, 1.06238745e+03, 5.95310547e+02,
    1.03146326e+03, 4.42853058e+02, 1.03166467e+03, 4.73630249e+02,
    1.03177588e+03, 5.04318817e+02, 1.03197778e+03, 5.34784241e+02,
    1.03222009e+03, 5.65454468e+02, 1.03243945e+03, 5.95857178e+02,
    1.00075708e+03, 4.43164978e+02, 1.00106354e+03, 4.73878235e+02,
    1.00137421e+03, 5.04529633e+02, 1.00153033e+03, 5.35200012e+02,
    1.00171954e+03, 5.65803650e+02, 1.00202344e+03, 5.96405884e+02,
    9.70273987e+02, 4.43400330e+02, 9.70497803e+02, 4.74224274e+02,
    9.70712158e+02, 5.04863647e+02, 9.71045471e+02, 5.35525513e+02,
    9.71299377e+02, 5.66267822e+02, 9.71578857e+02, 5.96836731e+02 ]
