%YAML:1.0
---
points: [ 3.54595734e+02, 1.69814728e+02, 3.54613403e+02, 1.80538177e+02,
    3.54711914e+02, 1.91066391e+02, 3.54682159e+02, 2.01615036e+02,
    3.54667145e+02, 2.12099350e+02, 3.54723297e+02, 2.22619019e+02,
    3.44175720e+02, 1.70116562e+02, 3.44210297e+02, 1.80660797e+02,
    3.44196350e+02, 1.91306549e+02, 3.44278381e+02, 2.01766373e+02,
    3.44305939e+02, 2.12303253e+02, 3.44360260e+02, 2.22820709e+02,
    3.33664429e+02, 1.70275208e+02, 3.33799255e+02, 1.80880569e+02,
    3.33820923e+02, 1.91517914e+02, 3.33893646e+02, 2.02078781e+02,
    3.34044281e+02, 2.12558670e+02, 3.34170044e+02, 2.23081848e+02,
    3.23258392e+02, 1.70429886e+02, 3.23343018e+02, 1.81126236e+02,
    3.23394653e+02, 1.91755554e+02, 3.23569244e+02, 2.02256973e+02,
    3.23629852e+02, 2.12837067e+02, 3.23832550e+02, 2.23333191e+02,
    3.12966400e+02, 1.70582077e+02, 3.13072571e+02, 1.81272034e+02,
    3.13171448e+02, 1.91987473e+02, 3.13241730e+02, 2.02541153e+02,
    3.13264832e+02, 2.13134827e+02, 3.13431488e+02, 2.23581741e+02,
    3.02383881e+02, 1.70810440e+02, 3.02427338e+02, 1.81418121e+02,
    3.02577789e+02, 1.92199661e+02, 3.02759766e+02, 2.02734344e+02,
    3.03017059e+02, 2.13316101e+02, 3.03103027e+02, 2.23926102e+02,
    2.91771210e+02, 1.71064865e+02, 2.92040863e+02, 1.81644119e+02,
    2.92133179e+02, 1.92338684e+02, 2.92274231e+02, 2.03034164e+02,
    2.92366119e+02, 2.13607468e+02, 2.92536469e+02, 2.24184021e+02,
    2.81204376e+02, 1.71263336e+02, 2.81335022e+02, 1.81949142e+02,
    2.81495178e+02, 1.92561356e+02, 2.81643005e+02, 2.03220398e+02,
    2.81953278e+02, 2.13853806e+02, 2.82131256e+02, 2.24344147e+02 ]
