%YAML:1.0
---
points: [ 1.24269861e+03, 4.42674683e+02, 1.24266016e+03, 4.72601105e+02,
    1.24256921e+03, 5.02592834e+02, 1.24243677e+03, 5.32521729e+02,
    1.24234778e+03, 5.62263367e+02, 1.24228918e+03, 5.92114563e+02,
    1.21313794e+03, 4.42830933e+02, 1.21302100e+03, 4.72815002e+02,
    1.21290747e+03, 5.02766449e+02, 1.21296985e+03, 5.32741699e+02,
    1.21293359e+03, 5.62513916e+02, 1.21300146e+03, 5.92461365e+02,
    1.18395618e+03, 4.42939056e+02, 1.18392590e+03, 4.73078033e+02,
    1.18395862e+03, 5.03070831e+02, 1.18403198e+03, 5.33084167e+02,
    1.18414001e+03, 5.62896606e+02, 1.18422986e+03, 5.92814270e+02,
    1.15465344e+03, 4.43090698e+02, 1.15468921e+03, 4.73281738e+02,
    1.15487927e+03, 5.03391113e+02, 1.15493494e+03, 5.33464539e+02,
    1.15501477e+03, 5.63468567e+02, 1.15524548e+03, 5.93403015e+02,
    1.12535693e+03, 4.43114227e+02, 1.12547192e+03, 4.73410065e+02,
    1.12562927e+03, 5.03579407e+02, 1.12575037e+03, 5.33703918e+02,
    1.12591431e+03, 5.63919495e+02, 1.12604224e+03, 5.94044617e+02,
    1.09574426e+03, 4.43210663e+02, 1.09589148e+03, 4.73528412e+02,
    1.09609045e+03, 5.03815369e+02, 1.09632715e+03, 5.34067444e+02,
    1.09644238e+03, 5.64459778e+02, 1.09655945e+03, 5.94570251e+02,
    1.06574634e+03, 4.43297577e+02, 1.06602209e+03, 4.73703247e+02,
    1.06625610e+03, 5.04072998e+02, 1.06640308e+03, 5.34433533e+02,
    1.06659668e+03, 5.64865784e+02, 1.06680664e+03, 5.95210632e+02,
    1.03573914e+03, 4.43418854e+02, 1.03606470e+03, 4.73914581e+02,
    1.03632898e+03, 5.04392792e+02, 1.03654504e+03, 5.34695557e+02,
    1.03672815e+03, 5.65310364e+02, 1.03704346e+03, 5.95716858e+02 ]
