%YAML:1.0
---
points: [ 3.75744019e+02, 1.69784805e+02, 3.75773804e+02, 1.80435013e+02,
    3.75872925e+02, 1.90800873e+02, 3.75827393e+02, 2.01252289e+02,
    3.75835693e+02, 2.11563080e+02, 3.75974457e+02, 2.22032578e+02,
    3.65405823e+02, 1.70047836e+02, 3.65449097e+02, 1.80566452e+02,
    3.65523315e+02, 1.91008453e+02, 3.65583466e+02, 2.01387527e+02,
    3.65693390e+02, 2.11837646e+02, 3.65783936e+02, 2.22262787e+02,
    3.55281403e+02, 1.70168350e+02, 3.55304230e+02, 1.80727310e+02,
    3.55408020e+02, 1.91212494e+02, 3.55408936e+02, 2.01601440e+02,
    3.55531036e+02, 2.12111618e+02, 3.55682556e+02, 2.22503296e+02,
    3.45118347e+02, 1.70350937e+02, 3.45195740e+02, 1.80877930e+02,
    3.45239777e+02, 1.91422958e+02, 3.45349945e+02, 2.01820145e+02,
    3.45448486e+02, 2.12309021e+02, 3.45562897e+02, 2.22760117e+02,
    3.34916901e+02, 1.70414780e+02, 3.35048401e+02, 1.81080292e+02,
    3.35177551e+02, 1.91568680e+02, 3.35244324e+02, 2.02109924e+02,
    3.35287476e+02, 2.12572067e+02, 3.35471344e+02, 2.23124771e+02,
    3.24565521e+02, 1.70622681e+02, 3.24670197e+02, 1.81209503e+02,
    3.24880432e+02, 1.91782379e+02, 3.25087555e+02, 2.02246109e+02,
    3.25189850e+02, 2.12838760e+02, 3.25280029e+02, 2.23295181e+02,
    3.14262146e+02, 1.70783813e+02, 3.14342957e+02, 1.81320663e+02,
    3.14465179e+02, 1.91994080e+02, 3.14599609e+02, 2.02507004e+02,
    3.14795898e+02, 2.13096039e+02, 3.15059601e+02, 2.23581863e+02,
    3.03750916e+02, 1.71064987e+02, 3.03980652e+02, 1.81474594e+02,
    3.04155334e+02, 1.92229813e+02, 3.04258362e+02, 2.02729141e+02,
    3.04396027e+02, 2.13299622e+02, 3.04505890e+02, 2.23823334e+02 ]
