%YAML:1.0
---
points: [ 1.41157642e+03, 4.30271210e+02, 1.41225220e+03, 4.63620697e+02,
    1.41276575e+03, 4.96971619e+02, 1.41348633e+03, 5.30365112e+02,
    1.41418030e+03, 5.64009521e+02, 1.41503650e+03, 5.97692871e+02,
    1.37550806e+03, 4.31695679e+02, 1.37614868e+03, 4.64775391e+02,
    1.37672961e+03, 4.97704803e+02, 1.37735168e+03, 5.30795654e+02,
    1.37811523e+03, 5.64274231e+02, 1.37877075e+03, 5.97604370e+02,
    1.34025171e+03, 4.32996643e+02, 1.34079236e+03, 4.65679169e+02,
    1.34150513e+03, 4.98500488e+02, 1.34198206e+03, 5.31292664e+02,
    1.34263770e+03, 5.64414917e+02, 1.34340466e+03, 5.97552185e+02,
    1.30582996e+03, 4.34091583e+02, 1.30640588e+03, 4.66575256e+02,
    1.30677783e+03, 4.99210236e+02, 1.30737073e+03, 5.31753052e+02,
    1.30792334e+03, 5.64563110e+02, 1.30844006e+03, 5.97494934e+02,
    1.27155737e+03, 4.35141998e+02, 1.27200586e+03, 4.67381683e+02,
    1.27263489e+03, 4.99746887e+02, 1.27315369e+03, 5.32229980e+02,
    1.27359143e+03, 5.64712036e+02, 1.27419238e+03, 5.97428528e+02,
    1.23803455e+03, 4.36215973e+02, 1.23847070e+03, 4.68216888e+02,
    1.23881958e+03, 5.00402618e+02, 1.23931177e+03, 5.32543274e+02,
    1.23969934e+03, 5.64808228e+02, 1.24028186e+03, 5.97315979e+02,
    1.20514368e+03, 4.37462463e+02, 1.20547131e+03, 4.69269318e+02,
    1.20576086e+03, 5.01060425e+02, 1.20609485e+03, 5.32852539e+02,
    1.20650964e+03, 5.64948364e+02, 1.20696667e+03, 5.97264587e+02,
    1.17258350e+03, 4.38590393e+02, 1.17283899e+03, 4.70134979e+02,
    1.17321021e+03, 5.01777679e+02, 1.17355676e+03, 5.33369629e+02,
    1.17386365e+03, 5.65198120e+02, 1.17426770e+03, 5.97155701e+02 ]
