%YAML:1.0
---
points: [ 4.36361145e+02, 1.64994690e+02, 4.36753082e+02, 1.76760590e+02,
    4.37144531e+02, 1.88188721e+02, 4.37579437e+02, 1.99897888e+02,
    4.37885223e+02, 2.11551743e+02, 4.38345764e+02, 2.23463943e+02,
    4.23801117e+02, 1.65724121e+02, 4.24296906e+02, 1.77118942e+02,
    4.24656494e+02, 1.88737518e+02, 4.24913422e+02, 2.00088837e+02,
    4.25326782e+02, 2.11876892e+02, 4.25649445e+02, 2.23437119e+02,
    4.11598145e+02, 1.66190414e+02, 4.11924469e+02, 1.77647400e+02,
    4.12346985e+02, 1.88914169e+02, 4.12687836e+02, 2.00534119e+02,
    4.13044159e+02, 2.11897079e+02, 4.13449280e+02, 2.23619766e+02,
    3.99428223e+02, 1.66684814e+02, 3.99872253e+02, 1.77956757e+02,
    4.00179810e+02, 1.89369919e+02, 4.00455170e+02, 2.00683975e+02,
    4.00829651e+02, 2.12146790e+02, 4.01194824e+02, 2.23540421e+02,
    3.87436584e+02, 1.67121857e+02, 3.87774719e+02, 1.78449066e+02,
    3.88194427e+02, 1.89646637e+02, 3.88367554e+02, 2.00950241e+02,
    3.88691284e+02, 2.12245193e+02, 3.89170532e+02, 2.23745331e+02,
    3.75519135e+02, 1.67690033e+02, 3.75955811e+02, 1.78763779e+02,
    3.76227905e+02, 1.90031235e+02, 3.76461334e+02, 2.01176575e+02,
    3.76714417e+02, 2.12525360e+02, 3.77080292e+02, 2.23744980e+02,
    3.63942108e+02, 1.68247818e+02, 3.64193604e+02, 1.79254501e+02,
    3.64432373e+02, 1.90373810e+02, 3.64537415e+02, 2.01474442e+02,
    3.64865631e+02, 2.12524597e+02, 3.65303406e+02, 2.23955475e+02,
    3.52311310e+02, 1.68698929e+02, 3.52566833e+02, 1.79719437e+02,
    3.52770813e+02, 1.90734772e+02, 3.53244110e+02, 2.01801544e+02,
    3.53338715e+02, 2.12563095e+02, 3.53846741e+02, 2.24188736e+02 ]
