%YAML:1.0
---
points: [ 4.56021942e+02, 1.63913696e+02, 4.56004761e+02, 1.76480728e+02,
    4.55821045e+02, 1.88572815e+02, 4.55695190e+02, 2.00677582e+02,
    4.55571289e+02, 2.12482910e+02, 4.55386261e+02, 2.24512405e+02,
    4.42690277e+02, 1.64664566e+02, 4.42724121e+02, 1.76710907e+02,
    4.42624390e+02, 1.88838226e+02, 4.42516785e+02, 2.00617661e+02,
    4.42535400e+02, 2.12741562e+02, 4.42397797e+02, 2.24378357e+02,
    4.29710175e+02, 1.65166595e+02, 4.29692413e+02, 1.77231766e+02,
    4.29694641e+02, 1.89186249e+02, 4.29646576e+02, 2.00931076e+02,
    4.29560364e+02, 2.12703537e+02, 4.29632446e+02, 2.24489883e+02,
    4.16635406e+02, 1.65833862e+02, 4.16783478e+02, 1.77646820e+02,
    4.16812164e+02, 1.89686249e+02, 4.16879364e+02, 2.01344742e+02,
    4.16965302e+02, 2.12871033e+02, 4.16918488e+02, 2.24483459e+02,
    4.04070496e+02, 1.66311905e+02, 4.04145142e+02, 1.78222931e+02,
    4.04209991e+02, 1.89882660e+02, 4.04321625e+02, 2.01606552e+02,
    4.04267517e+02, 2.13066956e+02, 4.04430023e+02, 2.24638428e+02,
    3.91366821e+02, 1.66992401e+02, 3.91354004e+02, 1.78692703e+02,
    3.91631866e+02, 1.90353165e+02, 3.91752411e+02, 2.01817154e+02,
    3.92040283e+02, 2.13318359e+02, 3.92102753e+02, 2.24658661e+02,
    3.78795044e+02, 1.67427994e+02, 3.79188599e+02, 1.79037567e+02,
    3.79256409e+02, 1.90710571e+02, 3.79464386e+02, 2.02055237e+02,
    3.79681091e+02, 2.13425842e+02, 3.79963806e+02, 2.24670731e+02,
    3.66526917e+02, 1.67731110e+02, 3.66950012e+02, 1.79653168e+02,
    3.67266418e+02, 1.91046646e+02, 3.67483002e+02, 2.02298508e+02,
    3.67776550e+02, 2.13579086e+02, 3.68047302e+02, 2.24619431e+02 ]
