%YAML:1.0
---
points: [ 1.46635510e+03, 4.27620636e+02, 1.46577173e+03, 4.62987000e+02,
    1.46522705e+03, 4.98081757e+02, 1.46463696e+03, 5.32699280e+02,
    1.46427661e+03, 5.67187561e+02, 1.46375354e+03, 6.01322754e+02,
    1.42753699e+03, 4.28867004e+02, 1.42720471e+03, 4.63979797e+02,
    1.42675818e+03, 4.98548248e+02, 1.42643420e+03, 5.32894592e+02,
    1.42621130e+03, 5.67010559e+02, 1.42598047e+03, 6.00880188e+02,
    1.38958789e+03, 4.30302307e+02, 1.38941028e+03, 4.65111359e+02,
    1.38926392e+03, 4.99309814e+02, 1.38918433e+03, 5.33381897e+02,
    1.38903503e+03, 5.67015137e+02, 1.38903979e+03, 6.00606384e+02,
    1.35251990e+03, 4.31836945e+02, 1.35252661e+03, 4.66206177e+02,
    1.35255859e+03, 5.00256439e+02, 1.35259534e+03, 5.33793274e+02,
    1.35268140e+03, 5.67176392e+02, 1.35276160e+03, 6.00399475e+02,
    1.31616345e+03, 4.33285461e+02, 1.31631799e+03, 4.67278717e+02,
    1.31647266e+03, 5.00992676e+02, 1.31662781e+03, 5.34288391e+02,
    1.31673608e+03, 5.67328613e+02, 1.31711121e+03, 6.00223694e+02,
    1.28040588e+03, 4.34620941e+02, 1.28064673e+03, 4.68393250e+02,
    1.28101990e+03, 5.01771393e+02, 1.28143103e+03, 5.34584045e+02,
    1.28168335e+03, 5.67380798e+02, 1.28221655e+03, 5.99923584e+02,
    1.24533899e+03, 4.35937531e+02, 1.24581799e+03, 4.69474426e+02,
    1.24637317e+03, 5.02408783e+02, 1.24684363e+03, 5.34888000e+02,
    1.24747668e+03, 5.67421387e+02, 1.24793201e+03, 5.99671387e+02,
    1.21132825e+03, 4.37373169e+02, 1.21178613e+03, 4.70379761e+02,
    1.21245312e+03, 5.02882782e+02, 1.21306030e+03, 5.35265503e+02,
    1.21368359e+03, 5.67412292e+02, 1.21443811e+03, 5.99347229e+02 ]
