%YAML:1.0
---
points: [ 1.58702145e+01, 6.56427536e+01, 2.79943447e+01, 6.62445297e+01,
    4.01580696e+01, 6.67592621e+01, 5.24808693e+01, 6.76429825e+01,
    6.46079788e+01, 6.84669952e+01, 7.68024902e+01, 6.93088379e+01,
    1.52953100e+01, 7.71343155e+01, 2.74724274e+01, 7.75888901e+01,
    3.97691040e+01, 7.82151947e+01, 5.19475136e+01, 7.87372360e+01,
    6.44718399e+01, 7.96538162e+01, 7.66246796e+01, 8.05842056e+01,
    1.46592045e+01, 8.86515884e+01, 2.70204678e+01, 8.91580048e+01,
    3.94666862e+01, 8.95945740e+01, 5.17563934e+01, 9.03400269e+01,
    6.41484985e+01, 9.09272919e+01, 7.65961990e+01, 9.17381744e+01,
    1.43179512e+01, 1.00405197e+02, 2.67714901e+01, 1.00658554e+02,
    3.92578316e+01, 1.01427887e+02, 5.16891289e+01, 1.01755394e+02,
    6.40807266e+01, 1.02611076e+02, 7.66407928e+01, 1.03284286e+02,
    1.39125338e+01, 1.12094254e+02, 2.65841351e+01, 1.12648827e+02,
    3.90318794e+01, 1.12823425e+02, 5.16758652e+01, 1.13618752e+02,
    6.40425034e+01, 1.14123642e+02, 7.66149216e+01, 1.14838379e+02,
    1.38143435e+01, 1.23869057e+02, 2.63970737e+01, 1.24314590e+02,
    3.89534760e+01, 1.24779610e+02, 5.16326942e+01, 1.25148544e+02,
    6.41206589e+01, 1.25704453e+02, 7.66545334e+01, 1.26330025e+02,
    1.36396990e+01, 1.35649445e+02, 2.63030834e+01, 1.35973557e+02,
    3.88798943e+01, 1.36432510e+02, 5.15850143e+01, 1.36765762e+02,
    6.40828323e+01, 1.37287476e+02, 7.67168732e+01, 1.37770782e+02,
    1.35230036e+01, 1.47558990e+02, 2.61412354e+01, 1.47681122e+02,
    3.88089828e+01, 1.48091827e+02, 5.14933205e+01, 1.48409454e+02,
    6.39621506e+01, 1.48773987e+02, 7.66676712e+01, 1.49147354e+02 ]
