%YAML:1.0
---
points: [ 1.75776154e+02, 1.18784256e+02, 2.16714310e+02, 1.23277237e+02,
    2.56826202e+02, 1.27482506e+02, 2.96266602e+02, 1.31674469e+02,
    3.34817169e+02, 1.35856857e+02, 3.72786102e+02, 1.40240463e+02,
    1.75617096e+02, 1.53962753e+02, 2.16732849e+02, 1.57640198e+02,
    2.56747803e+02, 1.61636917e+02, 2.96280853e+02, 1.65642853e+02,
    3.34844910e+02, 1.69700958e+02, 3.73095825e+02, 1.73468918e+02,
    1.75778458e+02, 1.88889496e+02, 2.16680130e+02, 1.92598083e+02,
    2.56855774e+02, 1.96307480e+02, 2.96340668e+02, 1.99767273e+02,
    3.35015472e+02, 2.03351044e+02, 3.73204254e+02, 2.07102753e+02,
    1.76030090e+02, 2.24277008e+02, 2.17134323e+02, 2.27675400e+02,
    2.57229462e+02, 2.30783508e+02, 2.96723938e+02, 2.34213776e+02,
    3.35432098e+02, 2.37424576e+02, 3.73557953e+02, 2.40458069e+02,
    1.76431427e+02, 2.59584534e+02, 2.17494995e+02, 2.62514923e+02,
    2.57786743e+02, 2.65493256e+02, 2.97162750e+02, 2.68421417e+02,
    3.35915527e+02, 2.71334534e+02, 3.73918762e+02, 2.74253632e+02,
    1.76755508e+02, 2.94771637e+02, 2.17961914e+02, 2.97391022e+02,
    2.58325134e+02, 2.99920776e+02, 2.97541504e+02, 3.02545013e+02,
    3.36306915e+02, 3.05076782e+02, 3.74385315e+02, 3.07582916e+02,
    1.77161087e+02, 3.29542603e+02, 2.18255569e+02, 3.32031616e+02,
    2.58574127e+02, 3.34268066e+02, 2.97765839e+02, 3.36348938e+02,
    3.36495514e+02, 3.38571106e+02, 3.74549866e+02, 3.40770325e+02,
    1.77358627e+02, 3.64763000e+02, 2.18311447e+02, 3.66473663e+02,
    2.58456116e+02, 3.68371429e+02, 2.97708832e+02, 3.70259247e+02,
    3.36352997e+02, 3.71992950e+02, 3.74529388e+02, 3.73913696e+02 ]
