%YAML:1.0
---
points: [ 3.85824371e+02, 2.04568375e+02, 4.20976471e+02, 2.04658493e+02,
    4.55584900e+02, 2.04699860e+02, 4.89960876e+02, 2.04916138e+02,
    5.24023376e+02, 2.04975891e+02, 5.57840515e+02, 2.05117218e+02,
    3.87372925e+02, 2.37335693e+02, 4.22660553e+02, 2.37224197e+02,
    4.57246033e+02, 2.37167145e+02, 4.91721344e+02, 2.37083786e+02,
    5.25759644e+02, 2.37081879e+02, 5.59600464e+02, 2.37075409e+02,
    3.89467285e+02, 2.70249207e+02, 4.24433716e+02, 2.69954224e+02,
    4.59322754e+02, 2.69686401e+02, 4.93451324e+02, 2.69474762e+02,
    5.27573120e+02, 2.69255676e+02, 5.61188721e+02, 2.69113861e+02,
    3.91448334e+02, 3.03150238e+02, 4.26646637e+02, 3.02671509e+02,
    4.61206329e+02, 3.02366119e+02, 4.95596222e+02, 3.01923126e+02,
    5.29520813e+02, 3.01620697e+02, 5.63430420e+02, 3.01244080e+02,
    3.93552338e+02, 3.35861908e+02, 4.28691162e+02, 3.35346954e+02,
    4.63487396e+02, 3.34710297e+02, 4.97509247e+02, 3.34357208e+02,
    5.31636475e+02, 3.33830719e+02, 5.65280334e+02, 3.33360046e+02,
    3.95782288e+02, 3.68640106e+02, 4.30676605e+02, 3.67792603e+02,
    4.65452759e+02, 3.67180206e+02, 4.99569244e+02, 3.66473846e+02,
    5.33653809e+02, 3.65808899e+02, 5.67345093e+02, 3.65290771e+02,
    3.97470917e+02, 4.01214813e+02, 4.32558136e+02, 4.00252289e+02,
    4.67187958e+02, 3.99336182e+02, 5.01422180e+02, 3.98454559e+02,
    5.35292236e+02, 3.97664490e+02, 5.69070557e+02, 3.96838013e+02,
    3.98942963e+02, 4.33613373e+02, 4.33880005e+02, 4.32556396e+02,
    4.68590881e+02, 4.31509521e+02, 5.02614960e+02, 4.30382294e+02,
    5.36760986e+02, 4.29500305e+02, 5.70497742e+02, 4.28606812e+02 ]
