%YAML:1.0
---
points: [ 7.97438354e+01, 9.08872452e+01, 9.16043091e+01, 9.06258011e+01,
    1.03176231e+02, 9.03890228e+01, 1.14766861e+02, 8.99772110e+01,
    1.26384895e+02, 8.98933640e+01, 1.37928345e+02, 8.97556686e+01,
    8.02838287e+01, 1.01950188e+02, 9.20185699e+01, 1.01725563e+02,
    1.03805840e+02, 1.01539612e+02, 1.15397255e+02, 1.01122841e+02,
    1.26985909e+02, 1.00872696e+02, 1.38549072e+02, 1.00741692e+02,
    8.07973709e+01, 1.13319489e+02, 9.27519455e+01, 1.12919731e+02,
    1.04420868e+02, 1.12683136e+02, 1.15984413e+02, 1.12343079e+02,
    1.27658791e+02, 1.11984596e+02, 1.39250549e+02, 1.11825188e+02,
    8.16171341e+01, 1.24715378e+02, 9.33723373e+01, 1.24263802e+02,
    1.05150200e+02, 1.23842651e+02, 1.16806175e+02, 1.23596024e+02,
    1.28429749e+02, 1.23331100e+02, 1.39967819e+02, 1.22952972e+02,
    8.23445282e+01, 1.35842712e+02, 9.41537704e+01, 1.35639145e+02,
    1.05899094e+02, 1.35159210e+02, 1.17585167e+02, 1.34778046e+02,
    1.29224213e+02, 1.34547562e+02, 1.40781555e+02, 1.34148788e+02,
    8.30339355e+01, 1.47244217e+02, 9.48467865e+01, 1.46706863e+02,
    1.06679527e+02, 1.46412125e+02, 1.18340126e+02, 1.45889496e+02,
    1.30027725e+02, 1.45599899e+02, 1.41550598e+02, 1.45266022e+02,
    8.37192764e+01, 1.58447876e+02, 9.55433350e+01, 1.57861420e+02,
    1.07420250e+02, 1.57526764e+02, 1.19111168e+02, 1.57026154e+02,
    1.30709473e+02, 1.56660461e+02, 1.42266846e+02, 1.56237976e+02,
    8.42849045e+01, 1.69684845e+02, 9.61193008e+01, 1.69108948e+02,
    1.07956360e+02, 1.68699539e+02, 1.19680389e+02, 1.68148666e+02,
    1.31315094e+02, 1.67705658e+02, 1.43036407e+02, 1.67255814e+02 ]
