%YAML:1.0
---
points: [ 4.38568481e+02, 1.84488815e+02, 4.73854462e+02, 1.84871994e+02,
    5.08671509e+02, 1.85413834e+02, 5.43132446e+02, 1.85793167e+02,
    5.77320129e+02, 1.86310959e+02, 6.11100525e+02, 1.86768188e+02,
    4.40252167e+02, 2.17312744e+02, 4.75759125e+02, 2.17498352e+02,
    5.10672760e+02, 2.17674133e+02, 5.45019226e+02, 2.17951492e+02,
    5.79180603e+02, 2.18285187e+02, 6.12974731e+02, 2.18555847e+02,
    4.42552612e+02, 2.50258713e+02, 4.77699799e+02, 2.50316620e+02,
    5.12661621e+02, 2.50327713e+02, 5.46963257e+02, 2.50357956e+02,
    5.81228638e+02, 2.50350418e+02, 6.14860046e+02, 2.50404678e+02,
    4.44654633e+02, 2.83287292e+02, 4.80072357e+02, 2.83126892e+02,
    5.14888184e+02, 2.82936005e+02, 5.49230347e+02, 2.82762421e+02,
    5.83192627e+02, 2.82699493e+02, 6.17048950e+02, 2.82577911e+02,
    4.47024841e+02, 3.16384857e+02, 4.82199585e+02, 3.16041473e+02,
    5.17242126e+02, 3.15616180e+02, 5.51307495e+02, 3.15346710e+02,
    5.85505310e+02, 3.14934967e+02, 6.19027222e+02, 3.14616333e+02,
    4.49167969e+02, 3.49281708e+02, 4.84576996e+02, 3.48665314e+02,
    5.19205688e+02, 3.48220642e+02, 5.53598022e+02, 3.47652710e+02,
    5.87454834e+02, 3.47190002e+02, 6.21283630e+02, 3.46566010e+02,
    4.51242157e+02, 3.81746063e+02, 4.86500092e+02, 3.81209656e+02,
    5.21394226e+02, 3.80472046e+02, 5.55455872e+02, 3.79701874e+02,
    5.89541382e+02, 3.78910187e+02, 6.23084351e+02, 3.78236176e+02,
    4.53202881e+02, 4.14463318e+02, 4.88340332e+02, 4.13447266e+02,
    5.22969421e+02, 4.12628082e+02, 5.57277771e+02, 4.11650024e+02,
    5.91116394e+02, 4.10738007e+02, 6.24696167e+02, 4.09844666e+02 ]
