%YAML:1.0
---
points: [ 9.87397766e+01, 8.21046066e+01, 1.10705238e+02, 8.20715179e+01,
    1.22509827e+02, 8.18539886e+01, 1.34205338e+02, 8.18021164e+01,
    1.45800690e+02, 8.18657913e+01, 1.57412247e+02, 8.18781586e+01,
    9.94553680e+01, 9.35473785e+01, 1.11351601e+02, 9.33675461e+01,
    1.23184525e+02, 9.30712585e+01, 1.34864563e+02, 9.29455032e+01,
    1.46560013e+02, 9.29278030e+01, 1.58123062e+02, 9.28677139e+01,
    1.00020706e+02, 1.04687248e+02, 1.12005913e+02, 1.04700371e+02,
    1.23867851e+02, 1.04484596e+02, 1.35688889e+02, 1.04345596e+02,
    1.47285767e+02, 1.04189354e+02, 1.58842346e+02, 1.04028625e+02,
    1.00765244e+02, 1.16286964e+02, 1.12796822e+02, 1.15969444e+02,
    1.24692261e+02, 1.15721687e+02, 1.36371841e+02, 1.15645210e+02,
    1.48131210e+02, 1.15506592e+02, 1.59658798e+02, 1.15296562e+02,
    1.01611679e+02, 1.27671494e+02, 1.13590500e+02, 1.27475716e+02,
    1.25481071e+02, 1.27120064e+02, 1.37219604e+02, 1.26825272e+02,
    1.48894333e+02, 1.26678673e+02, 1.60471863e+02, 1.26458015e+02,
    1.02453979e+02, 1.39086334e+02, 1.14385536e+02, 1.38750641e+02,
    1.26297691e+02, 1.38567780e+02, 1.38088089e+02, 1.38142319e+02,
    1.49687943e+02, 1.37824493e+02, 1.61264374e+02, 1.37562241e+02,
    1.03172089e+02, 1.50529724e+02, 1.15173744e+02, 1.50001724e+02,
    1.27114365e+02, 1.49677200e+02, 1.38842514e+02, 1.49367188e+02,
    1.50398315e+02, 1.48955841e+02, 1.62038544e+02, 1.48614349e+02,
    1.03883247e+02, 1.61727783e+02, 1.15959816e+02, 1.61348984e+02,
    1.27845032e+02, 1.60846878e+02, 1.39548447e+02, 1.60427475e+02,
    1.51219116e+02, 1.60009964e+02, 1.62744675e+02, 1.59640839e+02 ]
