%YAML:1.0
---
points: [ 1.20646980e+02, 7.32996063e+01, 1.32637985e+02, 7.37037125e+01,
    1.44262207e+02, 7.38636093e+01, 1.55941910e+02, 7.43036652e+01,
    1.67614166e+02, 7.47122650e+01, 1.79125153e+02, 7.51140900e+01,
    1.20858437e+02, 8.48442383e+01, 1.32767731e+02, 8.49570999e+01,
    1.44673981e+02, 8.54234161e+01, 1.56302078e+02, 8.57427444e+01,
    1.67900101e+02, 8.60925674e+01, 1.79419601e+02, 8.65558090e+01,
    1.21266449e+02, 9.65218048e+01, 1.33189651e+02, 9.67239151e+01,
    1.44923279e+02, 9.68899918e+01, 1.56671509e+02, 9.72455444e+01,
    1.68265656e+02, 9.76024094e+01, 1.79749161e+02, 9.78692093e+01,
    1.21706703e+02, 1.07981087e+02, 1.33628113e+02, 1.08304008e+02,
    1.45412796e+02, 1.08559525e+02, 1.57072784e+02, 1.08734619e+02,
    1.68604477e+02, 1.09014961e+02, 1.80135880e+02, 1.09307678e+02,
    1.22136787e+02, 1.19636757e+02, 1.34077530e+02, 1.19794144e+02,
    1.45852051e+02, 1.19958046e+02, 1.57447006e+02, 1.20244812e+02,
    1.69035355e+02, 1.20467316e+02, 1.80435120e+02, 1.20635826e+02,
    1.22632294e+02, 1.31105865e+02, 1.34527237e+02, 1.31264969e+02,
    1.46276703e+02, 1.31493500e+02, 1.57907303e+02, 1.31557251e+02,
    1.69358765e+02, 1.31743164e+02, 1.80842667e+02, 1.31932205e+02,
    1.23106949e+02, 1.42651459e+02, 1.34942200e+02, 1.42683533e+02,
    1.46610641e+02, 1.42693085e+02, 1.58206421e+02, 1.42793564e+02,
    1.69722275e+02, 1.42907837e+02, 1.81229034e+02, 1.43085175e+02,
    1.23445976e+02, 1.53851456e+02, 1.35214737e+02, 1.53822952e+02,
    1.47082413e+02, 1.53888290e+02, 1.58352951e+02, 1.53968658e+02,
    1.70220016e+02, 1.54056824e+02, 1.81381317e+02, 1.54115021e+02 ]
