%YAML:1.0
---
points: [ 5.05319366e+02, 1.56442520e+02, 5.40107971e+02, 1.58114304e+02,
    5.74807068e+02, 1.59794662e+02, 6.08932617e+02, 1.61480392e+02,
    6.43146545e+02, 1.63197388e+02, 6.76452515e+02, 1.65042633e+02,
    5.06171844e+02, 1.90075424e+02, 5.41148743e+02, 1.91613373e+02,
    5.75703369e+02, 1.93063263e+02, 6.09958008e+02, 1.94573593e+02,
    6.43676147e+02, 1.96266479e+02, 6.77237366e+02, 1.97622803e+02,
    5.07319519e+02, 2.23765289e+02, 5.42334656e+02, 2.25133713e+02,
    5.76684204e+02, 2.26465820e+02, 6.10851440e+02, 2.27836456e+02,
    6.44617310e+02, 2.29021744e+02, 6.78054565e+02, 2.30317688e+02,
    5.08565552e+02, 2.57392609e+02, 5.43507446e+02, 2.58642700e+02,
    5.77932983e+02, 2.59854248e+02, 6.11872559e+02, 2.60861969e+02,
    6.45428040e+02, 2.61977509e+02, 6.78992737e+02, 2.63067841e+02,
    5.10003143e+02, 2.90905914e+02, 5.44630493e+02, 2.91900116e+02,
    5.79159119e+02, 2.92811035e+02, 6.12968811e+02, 2.93746948e+02,
    6.46578613e+02, 2.94777527e+02, 6.79804443e+02, 2.95759735e+02,
    5.11299408e+02, 3.24160858e+02, 5.45910034e+02, 3.24833466e+02,
    5.80287842e+02, 3.25592010e+02, 6.13950378e+02, 3.26448364e+02,
    6.47556946e+02, 3.27365784e+02, 6.80602295e+02, 3.27920044e+02,
    5.12415161e+02, 3.56881714e+02, 5.46992004e+02, 3.57474640e+02,
    5.81115601e+02, 3.58088409e+02, 6.14695129e+02, 3.58641754e+02,
    6.48275757e+02, 3.59365326e+02, 6.81320862e+02, 3.59812256e+02,
    5.13374634e+02, 3.89693634e+02, 5.47754639e+02, 3.90114655e+02,
    5.81578003e+02, 3.90528961e+02, 6.15343872e+02, 3.90912720e+02,
    6.48598206e+02, 3.91395752e+02, 6.81815247e+02, 3.91746246e+02 ]
