%YAML:1.0
---
points: [ 6.14245605e+02, 1.52187515e+02, 6.48407043e+02, 1.54382782e+02,
    6.82133850e+02, 1.56265762e+02, 7.15359680e+02, 1.58260864e+02,
    7.48390869e+02, 1.60479507e+02, 7.80805969e+02, 1.62204086e+02,
    6.14725403e+02, 1.85496048e+02, 6.48865601e+02, 1.87364334e+02,
    6.82437256e+02, 1.89127335e+02, 7.15880432e+02, 1.91086349e+02,
    7.48659363e+02, 1.92746414e+02, 7.81272034e+02, 1.94550735e+02,
    6.15440369e+02, 2.18696335e+02, 6.49512756e+02, 2.20371414e+02,
    6.83140747e+02, 2.22140228e+02, 7.16286011e+02, 2.23646606e+02,
    7.49192932e+02, 2.25122208e+02, 7.81486023e+02, 2.26808701e+02,
    6.16240601e+02, 2.51971512e+02, 6.50240051e+02, 2.53629044e+02,
    6.83737854e+02, 2.55067657e+02, 7.16753906e+02, 2.56405426e+02,
    7.49449097e+02, 2.57690582e+02, 7.81718018e+02, 2.59156433e+02,
    6.16846252e+02, 2.85402527e+02, 6.50721252e+02, 2.86550537e+02,
    6.84371399e+02, 2.87628937e+02, 7.17331482e+02, 2.88836243e+02,
    7.49835999e+02, 2.90218536e+02, 7.82119202e+02, 2.91266663e+02,
    6.17622253e+02, 3.17961914e+02, 6.51469604e+02, 3.19129883e+02,
    6.84875244e+02, 3.20194305e+02, 7.17640320e+02, 3.21149475e+02,
    7.50257507e+02, 3.22272919e+02, 7.82367737e+02, 3.23208923e+02,
    6.18151611e+02, 3.50537598e+02, 6.51912048e+02, 3.51313629e+02,
    6.85342834e+02, 3.52238892e+02, 7.17996948e+02, 3.53130463e+02,
    7.50534119e+02, 3.53954254e+02, 7.82645996e+02, 3.54729858e+02,
    6.18515686e+02, 3.82893768e+02, 6.52366516e+02, 3.83574371e+02,
    6.85532471e+02, 3.84358398e+02, 7.18373474e+02, 3.84965942e+02,
    7.50741089e+02, 3.85628998e+02, 7.82932373e+02, 3.86338684e+02 ]
