%YAML:1.0
---
points: [ 1.57823868e+02, 7.12607651e+01, 1.69693497e+02, 7.17874832e+01,
    1.81097702e+02, 7.23330383e+01, 1.92633179e+02, 7.28351898e+01,
    2.03797516e+02, 7.33734589e+01, 2.15064301e+02, 7.38528442e+01,
    1.58163742e+02, 8.26879272e+01, 1.69798813e+02, 8.31346588e+01,
    1.81464890e+02, 8.36816406e+01, 1.92775925e+02, 8.41264343e+01,
    2.04096451e+02, 8.46516266e+01, 2.15328308e+02, 8.51070557e+01,
    1.58460922e+02, 9.42389297e+01, 1.70101913e+02, 9.46804276e+01,
    1.81623978e+02, 9.50685959e+01, 1.92997803e+02, 9.54597244e+01,
    2.04290619e+02, 9.59978714e+01, 2.15532379e+02, 9.62998199e+01,
    1.58693832e+02, 1.05721657e+02, 1.70406570e+02, 1.06135132e+02,
    1.81919403e+02, 1.06468468e+02, 1.93268265e+02, 1.06903183e+02,
    2.04519485e+02, 1.07257629e+02, 2.15678223e+02, 1.07623741e+02,
    1.59031006e+02, 1.17220535e+02, 1.70669922e+02, 1.17557655e+02,
    1.82247391e+02, 1.17953384e+02, 1.93450012e+02, 1.18187157e+02,
    2.04717468e+02, 1.18452278e+02, 2.15876617e+02, 1.18883049e+02,
    1.59343765e+02, 1.28678085e+02, 1.71020294e+02, 1.28958817e+02,
    1.82364151e+02, 1.29219116e+02, 1.93727692e+02, 1.29417358e+02,
    2.04966553e+02, 1.29735626e+02, 2.16099838e+02, 1.30068527e+02,
    1.59523315e+02, 1.39942688e+02, 1.71246323e+02, 1.40181610e+02,
    1.82655975e+02, 1.40331604e+02, 1.93934860e+02, 1.40560181e+02,
    2.05217438e+02, 1.40777969e+02, 2.16257431e+02, 1.41047852e+02,
    1.59933731e+02, 1.51271057e+02, 1.71366776e+02, 1.51460190e+02,
    1.83272263e+02, 1.51715408e+02, 1.93748962e+02, 1.52159470e+02,
    2.05384399e+02, 1.51975204e+02, 2.16398651e+02, 1.51998260e+02 ]
