%YAML:1.0
---
points: [ 1.85592651e+02, 7.87586060e+01, 1.96844193e+02, 7.93522415e+01,
    2.08152878e+02, 7.99538345e+01, 2.19284424e+02, 8.04566116e+01,
    2.30275055e+02, 8.11093445e+01, 2.41132355e+02, 8.16213150e+01,
    1.85689117e+02, 9.00547638e+01, 1.97001358e+02, 9.05826874e+01,
    2.08346100e+02, 9.10764771e+01, 2.19408157e+02, 9.16125641e+01,
    2.30417938e+02, 9.21374207e+01, 2.41281235e+02, 9.26057510e+01,
    1.85806992e+02, 1.01323608e+02, 1.97209076e+02, 1.01875183e+02,
    2.08440567e+02, 1.02302780e+02, 2.19527267e+02, 1.02775757e+02,
    2.30574600e+02, 1.03225037e+02, 2.41419800e+02, 1.03659653e+02,
    1.85970154e+02, 1.12733955e+02, 1.97315231e+02, 1.13188522e+02,
    2.08521515e+02, 1.13471298e+02, 2.19619751e+02, 1.14013153e+02,
    2.30597504e+02, 1.14272865e+02, 2.41493866e+02, 1.14751251e+02,
    1.86177017e+02, 1.24059784e+02, 1.97457047e+02, 1.24306213e+02,
    2.08657043e+02, 1.24754425e+02, 2.19716705e+02, 1.25110107e+02,
    2.30705643e+02, 1.25357605e+02, 2.41517181e+02, 1.25716202e+02,
    1.86358627e+02, 1.35244904e+02, 1.97632385e+02, 1.35482117e+02,
    2.08844681e+02, 1.35911804e+02, 2.19907227e+02, 1.36170639e+02,
    2.30780991e+02, 1.36350739e+02, 2.41618362e+02, 1.36658417e+02,
    1.86385910e+02, 1.46318146e+02, 1.97771561e+02, 1.46502563e+02,
    2.09030350e+02, 1.46849625e+02, 2.20074768e+02, 1.47125488e+02,
    2.30981689e+02, 1.47273804e+02, 2.41738190e+02, 1.47459991e+02,
    1.86740860e+02, 1.57465225e+02, 1.97820679e+02, 1.57688034e+02,
    2.09323730e+02, 1.57805374e+02, 2.20109161e+02, 1.58093185e+02,
    2.31124100e+02, 1.58191803e+02, 2.41854614e+02, 1.58342850e+02 ]
