%YAML:1.0
---
points: [ 6.95083008e+02, 1.75568115e+02, 7.28061340e+02, 1.77567551e+02,
    7.60776855e+02, 1.79724152e+02, 7.92954346e+02, 1.81669312e+02,
    8.24947083e+02, 1.83593658e+02, 8.56603088e+02, 1.85725464e+02,
    6.95155579e+02, 2.07990784e+02, 7.28317810e+02, 2.09788345e+02,
    7.60818604e+02, 2.11790634e+02, 7.93170959e+02, 2.13570801e+02,
    8.25069580e+02, 2.15258972e+02, 8.56704712e+02, 2.17206787e+02,
    6.95413330e+02, 2.40502762e+02, 7.28424316e+02, 2.42179123e+02,
    7.60951599e+02, 2.43895065e+02, 7.93184998e+02, 2.45409088e+02,
    8.25133484e+02, 2.47003754e+02, 8.56700439e+02, 2.48769028e+02,
    6.95565308e+02, 2.73033813e+02, 7.28585510e+02, 2.74648590e+02,
    7.61098755e+02, 2.76023407e+02, 7.93222717e+02, 2.77471283e+02,
    8.25132751e+02, 2.78903900e+02, 8.56639465e+02, 2.80428162e+02,
    6.95724121e+02, 3.05548340e+02, 7.28661743e+02, 3.06904541e+02,
    7.61190430e+02, 3.08206787e+02, 7.93260498e+02, 3.09333649e+02,
    8.25098633e+02, 3.10635437e+02, 8.56585388e+02, 3.11850586e+02,
    6.95852539e+02, 3.37709167e+02, 7.28796326e+02, 3.38879578e+02,
    7.61258911e+02, 3.39848999e+02, 7.93267395e+02, 3.41066193e+02,
    8.25066833e+02, 3.42138031e+02, 8.56476807e+02, 3.43203644e+02,
    6.95962646e+02, 3.69732056e+02, 7.28807983e+02, 3.70558075e+02,
    7.61298218e+02, 3.71470673e+02, 7.93293945e+02, 3.72363342e+02,
    8.25081421e+02, 3.73313324e+02, 8.56519775e+02, 3.74387695e+02,
    6.95974609e+02, 4.01657318e+02, 7.28804810e+02, 4.02441895e+02,
    7.61244080e+02, 4.03181244e+02, 7.93365662e+02, 4.03787842e+02,
    8.25109192e+02, 4.04507721e+02, 8.56542419e+02, 4.05444061e+02 ]
