%YAML:1.0
---
points: [ 2.23518814e+02, 8.16369858e+01, 2.34439056e+02, 8.22897339e+01,
    2.45213516e+02, 8.29459076e+01, 2.55894806e+02, 8.34828720e+01,
    2.66522247e+02, 8.41522980e+01, 2.76948059e+02, 8.46887970e+01,
    2.23626175e+02, 9.26293564e+01, 2.34625015e+02, 9.32000809e+01,
    2.45400314e+02, 9.38339996e+01, 2.56028595e+02, 9.42720795e+01,
    2.66722931e+02, 9.48990097e+01, 2.77093109e+02, 9.53644867e+01,
    2.23682251e+02, 1.03814461e+02, 2.34721344e+02, 1.04310204e+02,
    2.45510757e+02, 1.04817719e+02, 2.56198914e+02, 1.05209114e+02,
    2.66808289e+02, 1.05696678e+02, 2.77262390e+02, 1.06128937e+02,
    2.23887863e+02, 1.14992500e+02, 2.34790482e+02, 1.15340691e+02,
    2.45617126e+02, 1.15814728e+02, 2.56292542e+02, 1.16208443e+02,
    2.66861664e+02, 1.16563507e+02, 2.77285553e+02, 1.17079475e+02,
    2.24004623e+02, 1.26117676e+02, 2.34922394e+02, 1.26337029e+02,
    2.45660568e+02, 1.26796112e+02, 2.56336456e+02, 1.27135139e+02,
    2.66939545e+02, 1.27379349e+02, 2.77351471e+02, 1.27726334e+02,
    2.24148468e+02, 1.37097916e+02, 2.35090851e+02, 1.37310822e+02,
    2.45820877e+02, 1.37591843e+02, 2.56459747e+02, 1.38076019e+02,
    2.67043701e+02, 1.38227753e+02, 2.77356567e+02, 1.38421783e+02,
    2.24292419e+02, 1.48041290e+02, 2.35255219e+02, 1.48243927e+02,
    2.46011566e+02, 1.48380844e+02, 2.56607330e+02, 1.48646805e+02,
    2.67226562e+02, 1.48998169e+02, 2.77555176e+02, 1.49185394e+02,
    2.24417145e+02, 1.58929443e+02, 2.35377274e+02, 1.59100342e+02,
    2.46261475e+02, 1.59243134e+02, 2.56886597e+02, 1.59361832e+02,
    2.67359833e+02, 1.59459106e+02, 2.77815918e+02, 1.59800812e+02 ]
