%YAML:1.0
---
points: [ 8.05079590e+02, 1.85323669e+02, 8.36829102e+02, 1.87331924e+02,
    8.68410950e+02, 1.89513962e+02, 8.99249939e+02, 1.91566864e+02,
    9.29961060e+02, 1.93544724e+02, 9.60395874e+02, 1.95621490e+02,
    8.05204529e+02, 2.16791962e+02, 8.37032043e+02, 2.18660599e+02,
    8.68491699e+02, 2.20622452e+02, 8.99528503e+02, 2.22568146e+02,
    9.30093506e+02, 2.24349060e+02, 9.60516418e+02, 2.26293747e+02,
    8.05317322e+02, 2.48611877e+02, 8.37047913e+02, 2.50332581e+02,
    8.68625793e+02, 2.52018753e+02, 8.99554382e+02, 2.53786682e+02,
    9.30306763e+02, 2.55377411e+02, 9.60544312e+02, 2.57039124e+02,
    8.05312500e+02, 2.80525726e+02, 8.37148010e+02, 2.82053223e+02,
    8.68559326e+02, 2.83495239e+02, 8.99515442e+02, 2.85126343e+02,
    9.30169434e+02, 2.86477112e+02, 9.60515015e+02, 2.87725220e+02,
    8.05338501e+02, 3.12278076e+02, 8.37100647e+02, 3.13572266e+02,
    8.68521057e+02, 3.14763062e+02, 8.99418640e+02, 3.16244202e+02,
    9.30074402e+02, 3.17501007e+02, 9.60437195e+02, 3.18672333e+02,
    8.05358215e+02, 3.43753540e+02, 8.37149292e+02, 3.44900238e+02,
    8.68520325e+02, 3.46007385e+02, 8.99420288e+02, 3.47228119e+02,
    9.30125793e+02, 3.48333710e+02, 9.60401672e+02, 3.49441711e+02,
    8.05424377e+02, 3.75132629e+02, 8.37232727e+02, 3.76080566e+02,
    8.68657837e+02, 3.76858917e+02, 8.99609009e+02, 3.77818298e+02,
    9.30229126e+02, 3.78888672e+02, 9.60560303e+02, 3.79906952e+02,
    8.05443420e+02, 4.06545074e+02, 8.37374451e+02, 4.07284119e+02,
    8.68769104e+02, 4.07934235e+02, 8.99859131e+02, 4.08648163e+02,
    9.30495728e+02, 4.09453674e+02, 9.60750793e+02, 4.10410675e+02 ]
