%YAML:1.0
---
points: [ 2.60739868e+02, 8.51185837e+01, 2.71609711e+02, 8.59002304e+01,
    2.82068207e+02, 8.65259094e+01, 2.92596924e+02, 8.72619629e+01,
    3.02825226e+02, 8.80042343e+01, 3.13176117e+02, 8.86658478e+01,
    2.60772949e+02, 9.61332855e+01, 2.71482544e+02, 9.68246460e+01,
    2.82019043e+02, 9.73834839e+01, 2.92547089e+02, 9.81180801e+01,
    3.02817444e+02, 9.87637939e+01, 3.13133698e+02, 9.93690720e+01,
    2.60661835e+02, 1.07163300e+02, 2.71387756e+02, 1.07868263e+02,
    2.81908997e+02, 1.08364143e+02, 2.92399323e+02, 1.09048714e+02,
    3.02763458e+02, 1.09466248e+02, 3.13104156e+02, 1.10158478e+02,
    2.60553650e+02, 1.18272148e+02, 2.71277252e+02, 1.18873779e+02,
    2.81827576e+02, 1.19300858e+02, 2.92267517e+02, 1.19945305e+02,
    3.02641327e+02, 1.20330116e+02, 3.12934540e+02, 1.20981102e+02,
    2.60380951e+02, 1.29320282e+02, 2.71090820e+02, 1.29869202e+02,
    2.81684174e+02, 1.30291229e+02, 2.92151886e+02, 1.30825974e+02,
    3.02475861e+02, 1.31201385e+02, 3.12706879e+02, 1.31635925e+02,
    2.60306183e+02, 1.40292908e+02, 2.71011169e+02, 1.40757767e+02,
    2.81571747e+02, 1.41208466e+02, 2.92015625e+02, 1.41513702e+02,
    3.02316071e+02, 1.42067322e+02, 3.12539490e+02, 1.42357758e+02,
    2.60285278e+02, 1.51275894e+02, 2.71007355e+02, 1.51579285e+02,
    2.81519440e+02, 1.52039124e+02, 2.92006866e+02, 1.52301331e+02,
    3.02280701e+02, 1.52640335e+02, 3.12451935e+02, 1.53073380e+02,
    2.60288208e+02, 1.62173645e+02, 2.71026520e+02, 1.62364929e+02,
    2.81615814e+02, 1.62690948e+02, 2.92090637e+02, 1.63134232e+02,
    3.02326477e+02, 1.63293640e+02, 3.12433777e+02, 1.63624481e+02 ]
