%YAML:1.0
---
points: [ 9.11827454e+02, 1.96464844e+02, 9.42880920e+02, 1.98693802e+02,
    9.73677002e+02, 2.01397354e+02, 1.00375897e+03, 2.03565689e+02,
    1.03382935e+03, 2.06196991e+02, 1.06360010e+03, 2.08310516e+02,
    9.11454834e+02, 2.27849716e+02, 9.42622009e+02, 2.30088013e+02,
    9.73233337e+02, 2.32418182e+02, 1.00348389e+03, 2.34571594e+02,
    1.03345044e+03, 2.36727844e+02, 1.06326184e+03, 2.39036667e+02,
    9.11013977e+02, 2.59564301e+02, 9.42187988e+02, 2.61583832e+02,
    9.72758667e+02, 2.63604401e+02, 1.00298541e+03, 2.65652710e+02,
    1.03317761e+03, 2.67475433e+02, 1.06285327e+03, 2.69608002e+02,
    9.10473206e+02, 2.91188385e+02, 9.41565613e+02, 2.93071411e+02,
    9.72170715e+02, 2.94909454e+02, 1.00243597e+03, 2.96763641e+02,
    1.03253333e+03, 2.98516602e+02, 1.06228845e+03, 3.00437439e+02,
    9.09878235e+02, 3.22758667e+02, 9.40917847e+02, 3.24462891e+02,
    9.71555603e+02, 3.26192596e+02, 1.00181177e+03, 3.27913422e+02,
    1.03192712e+03, 3.29429474e+02, 1.06153345e+03, 3.31038361e+02,
    9.09361267e+02, 3.54277161e+02, 9.40429871e+02, 3.55732635e+02,
    9.71116333e+02, 3.57194305e+02, 1.00136639e+03, 3.58734650e+02,
    1.03144678e+03, 3.60173401e+02, 1.06103564e+03, 3.61543610e+02,
    9.08883362e+02, 3.85455200e+02, 9.40104980e+02, 3.86700562e+02,
    9.70705505e+02, 3.87940704e+02, 1.00114771e+03, 3.89371674e+02,
    1.03113257e+03, 3.90820251e+02, 1.06069519e+03, 3.92080383e+02,
    9.08554260e+02, 4.16740448e+02, 9.39718262e+02, 4.17870361e+02,
    9.70608276e+02, 4.18881287e+02, 1.00095868e+03, 4.20116241e+02,
    1.03093982e+03, 4.21366791e+02, 1.06046472e+03, 4.22660980e+02 ]
