%YAML:1.0
---
points: [ 9.15122070e+02, 1.95328033e+02, 9.46135010e+02, 1.97924896e+02,
    9.76833191e+02, 2.00496155e+02, 1.00714508e+03, 2.03061493e+02,
    1.03738025e+03, 2.05576721e+02, 1.06688684e+03, 2.08041977e+02,
    9.14452942e+02, 2.26983871e+02, 9.45646484e+02, 2.29410980e+02,
    9.76343018e+02, 2.31785660e+02, 1.00674915e+03, 2.34212708e+02,
    1.03674817e+03, 2.36473526e+02, 1.06643616e+03, 2.38783875e+02,
    9.13930969e+02, 2.58877411e+02, 9.45109619e+02, 2.61031006e+02,
    9.75718811e+02, 2.63255493e+02, 1.00621576e+03, 2.65365784e+02,
    1.03636755e+03, 2.67389740e+02, 1.06583643e+03, 2.69598907e+02,
    9.13275391e+02, 2.90753540e+02, 9.44408508e+02, 2.92645721e+02,
    9.75145996e+02, 2.94661224e+02, 1.00551898e+03, 2.96680115e+02,
    1.03545068e+03, 2.98531311e+02, 1.06525952e+03, 3.00520355e+02,
    9.12610840e+02, 3.22474518e+02, 9.43773804e+02, 3.24229523e+02,
    9.74444824e+02, 3.26056213e+02, 1.00473602e+03, 3.27919373e+02,
    1.03463269e+03, 3.29523224e+02, 1.06450159e+03, 3.31230530e+02,
    9.12063843e+02, 3.54003357e+02, 9.43271118e+02, 3.55651001e+02,
    9.73806458e+02, 3.57190338e+02, 1.00401477e+03, 3.58855316e+02,
    1.03397778e+03, 3.60410370e+02, 1.06373352e+03, 3.61858887e+02,
    9.11579468e+02, 3.85380280e+02, 9.42736084e+02, 3.86701111e+02,
    9.73404541e+02, 3.88073486e+02, 1.00358258e+03, 3.89616241e+02,
    1.03355469e+03, 3.91185944e+02, 1.06336121e+03, 3.92509583e+02,
    9.11114136e+02, 4.16756317e+02, 9.42338013e+02, 4.18061584e+02,
    9.73132751e+02, 4.19174652e+02, 1.00336102e+03, 4.20459290e+02,
    1.03337720e+03, 4.21802521e+02, 1.06288684e+03, 4.23213593e+02 ]
