%YAML:1.0
---
points: [ 2.62715240e+02, 8.42812119e+01, 2.73538940e+02, 8.51817017e+01,
    2.84072174e+02, 8.60360641e+01, 2.94569550e+02, 8.68686829e+01,
    3.04824951e+02, 8.77001343e+01, 3.15152771e+02, 8.84482574e+01,
    2.62620941e+02, 9.54178696e+01, 2.73317017e+02, 9.62247772e+01,
    2.83921722e+02, 9.70259933e+01, 2.94389130e+02, 9.77280197e+01,
    3.04699066e+02, 9.84453278e+01, 3.14927460e+02, 9.92558212e+01,
    2.62443634e+02, 1.06588921e+02, 2.73139740e+02, 1.07339645e+02,
    2.83755005e+02, 1.08086113e+02, 2.94201965e+02, 1.08702133e+02,
    3.04520264e+02, 1.09311569e+02, 3.14798431e+02, 1.10108765e+02,
    2.62223083e+02, 1.17769241e+02, 2.72918884e+02, 1.18391479e+02,
    2.83456299e+02, 1.19061592e+02, 2.93943115e+02, 1.19693031e+02,
    3.04245697e+02, 1.20235992e+02, 3.14460785e+02, 1.20905029e+02,
    2.62027802e+02, 1.28993988e+02, 2.72661560e+02, 1.29443130e+02,
    2.83261902e+02, 1.30140244e+02, 2.93638062e+02, 1.30557816e+02,
    3.04037567e+02, 1.31149185e+02, 3.14245178e+02, 1.31649216e+02,
    2.61854858e+02, 1.39984238e+02, 2.72471527e+02, 1.40360550e+02,
    2.83119110e+02, 1.41044037e+02, 2.93381744e+02, 1.41357483e+02,
    3.03809845e+02, 1.41948593e+02, 3.14068726e+02, 1.42413147e+02,
    2.61688049e+02, 1.50987808e+02, 2.72377075e+02, 1.51330002e+02,
    2.82974823e+02, 1.51823303e+02, 2.93303284e+02, 1.52209839e+02,
    3.03616699e+02, 1.52621201e+02, 3.13891327e+02, 1.53119736e+02,
    2.61567871e+02, 1.61849289e+02, 2.72322083e+02, 1.62218750e+02,
    2.82926727e+02, 1.62487488e+02, 2.93283264e+02, 1.63056000e+02,
    3.03552338e+02, 1.63315811e+02, 3.13708344e+02, 1.63778366e+02 ]
