%YAML:1.0
---
points: [ 2.97989899e+02, 4.57441635e+01, 3.08603729e+02, 4.58093948e+01,
    3.18725220e+02, 4.58586960e+01, 3.28978973e+02, 4.58968353e+01,
    3.38856781e+02, 4.61934128e+01, 3.49010651e+02, 4.63905029e+01,
    2.98839783e+02, 5.68182144e+01, 3.09197083e+02, 5.68400002e+01,
    3.19593353e+02, 5.68772087e+01, 3.29609711e+02, 5.69022255e+01,
    3.39790009e+02, 5.70053215e+01, 3.49520569e+02, 5.70427895e+01,
    2.99430298e+02, 6.81542435e+01, 3.09889221e+02, 6.80061569e+01,
    3.20074463e+02, 6.80246353e+01, 3.30254730e+02, 6.79053650e+01,
    3.40244507e+02, 6.78670425e+01, 3.50217743e+02, 6.78964233e+01,
    3.00043060e+02, 7.95750961e+01, 3.10376404e+02, 7.93269043e+01,
    3.20673676e+02, 7.91477127e+01, 3.30768524e+02, 7.90822525e+01,
    3.40778198e+02, 7.88736496e+01, 3.50668854e+02, 7.88025055e+01,
    3.00553711e+02, 9.08220291e+01, 3.10886841e+02, 9.05920944e+01,
    3.21084290e+02, 9.03368073e+01, 3.31201141e+02, 9.01143112e+01,
    3.41172333e+02, 8.99272156e+01, 3.51035736e+02, 8.96815872e+01,
    3.01045319e+02, 1.01977325e+02, 3.11361664e+02, 1.01617424e+02,
    3.21528412e+02, 1.01353416e+02, 3.31590973e+02, 1.01076500e+02,
    3.41575134e+02, 1.00846268e+02, 3.51419373e+02, 1.00623192e+02,
    3.01586243e+02, 1.13092323e+02, 3.12018311e+02, 1.12650543e+02,
    3.22147980e+02, 1.12279022e+02, 3.32183228e+02, 1.11955536e+02,
    3.42169098e+02, 1.11569641e+02, 3.52007568e+02, 1.11278099e+02,
    3.02281799e+02, 1.24038963e+02, 3.12555237e+02, 1.23518463e+02,
    3.22740875e+02, 1.23160606e+02, 3.32816620e+02, 1.22709976e+02,
    3.42798828e+02, 1.22259163e+02, 3.52619934e+02, 1.21925743e+02 ]
