%YAML:1.0
---
points: [ 1025., 101., 1.05034509e+03, 8.38457260e+01, 1.08047778e+03,
    8.43816833e+01, 1.11014905e+03, 8.46891022e+01, 1.13952710e+03,
    8.53327789e+01, 1.16860168e+03, 8.56135101e+01, 1.02176825e+03,
    1.15990685e+02, 1.05236890e+03, 1.16270531e+02, 1.08207825e+03,
    1.16419350e+02, 1.11180151e+03, 1.16660286e+02, 1.14099341e+03,
    1.16936661e+02, 1.17009509e+03, 1.17259750e+02, 1.02349872e+03,
    1.48586533e+02, 1.05378699e+03, 1.48641296e+02, 1.08375720e+03,
    1.48642288e+02, 1.11323718e+03, 1.48615570e+02, 1.14253040e+03,
    1.48597885e+02, 1.17139905e+03, 1.48584991e+02, 1.02502283e+03,
    1.81180145e+02, 1.05515149e+03, 1.80943039e+02, 1.08510620e+03,
    1.80714203e+02, 1.11448535e+03, 1.80544800e+02, 1.14355798e+03,
    1.80383118e+02, 1.17246021e+03, 1.80233307e+02, 1.02653540e+03,
    2.13443680e+02, 1.05656604e+03, 2.13151962e+02, 1.08634534e+03,
    2.12685883e+02, 1.11570093e+03, 2.12349808e+02, 1.14464514e+03,
    2.11980988e+02, 1.17355933e+03, 2.11626068e+02, 1.02802185e+03,
    2.45322937e+02, 1.05803271e+03, 2.44787659e+02, 1.08754016e+03,
    2.44351303e+02, 1.11684644e+03, 2.43768951e+02, 1.14570544e+03,
    2.43299042e+02, 1.17449097e+03, 2.42577484e+02, 1.02955383e+03,
    2.76909302e+02, 1.05955579e+03, 2.76308929e+02, 1.08925281e+03,
    2.75590912e+02, 1.11819482e+03, 2.74907745e+02, 1.14731335e+03,
    2.74227081e+02, 1.17583594e+03, 2.73423767e+02, 1.03144666e+03,
    3.08457672e+02, 1.06131323e+03, 3.07611481e+02, 1.09088416e+03,
    3.06762207e+02, 1.12014197e+03, 3.05784088e+02, 1.14895911e+03,
    3.04756287e+02, 1.17748059e+03, 3.04079895e+02 ]
