%YAML:1.0
---
points: [ 3.50386108e+02, 5.37291718e+01, 3.61965698e+02, 5.32086525e+01,
    3.73606415e+02, 5.27275848e+01, 3.85365143e+02, 5.21876526e+01,
    3.96894409e+02, 5.17524796e+01, 4.08826721e+02, 5.13798676e+01,
    3.50570068e+02, 6.47583160e+01, 3.62076569e+02, 6.42187805e+01,
    3.73890472e+02, 6.36716805e+01, 3.85558197e+02, 6.32283249e+01,
    3.97404633e+02, 6.27686310e+01, 4.08982635e+02, 6.25111694e+01,
    3.50540405e+02, 7.58063202e+01, 3.62208679e+02, 7.54007187e+01,
    3.73847931e+02, 7.48326569e+01, 3.85760254e+02, 7.44914246e+01,
    3.97588318e+02, 7.39016037e+01, 4.09522278e+02, 7.35856400e+01,
    3.50539673e+02, 8.71606827e+01, 3.62206360e+02, 8.66813812e+01,
    3.73978455e+02, 8.61848679e+01, 3.85722076e+02, 8.57515564e+01,
    3.97731781e+02, 8.53288574e+01, 4.09607513e+02, 8.48807755e+01,
    3.50417816e+02, 9.84898834e+01, 3.62213715e+02, 9.79318771e+01,
    3.73962433e+02, 9.75785294e+01, 3.85877960e+02, 9.70856552e+01,
    3.97775818e+02, 9.67270508e+01, 4.09731140e+02, 9.62776260e+01,
    3.50405029e+02, 1.09715157e+02, 3.62206299e+02, 1.09318527e+02,
    3.74077606e+02, 1.08787872e+02, 3.85892731e+02, 1.08596725e+02,
    3.97858948e+02, 1.08090538e+02, 4.09843628e+02, 1.07771233e+02,
    3.50373596e+02, 1.20902542e+02, 3.62224152e+02, 1.20579208e+02,
    3.74125275e+02, 1.20209541e+02, 3.85998260e+02, 1.19793526e+02,
    3.98051788e+02, 1.19518471e+02, 4.10077393e+02, 1.19052231e+02,
    3.50419189e+02, 1.32186203e+02, 3.62246552e+02, 1.31833740e+02,
    3.74167664e+02, 1.31461243e+02, 3.86183411e+02, 1.31151779e+02,
    3.98219238e+02, 1.30752762e+02, 4.10300995e+02, 1.30677689e+02 ]
