%YAML:1.0
---
points: [ 1.16992224e+03, 1.08810509e+02, 1.20315894e+03, 1.07493843e+02,
    1.23677539e+03, 1.06055817e+02, 1.27057495e+03, 1.04471260e+02,
    1.30482239e+03, 1.03038071e+02, 1.33932251e+03, 1.01691040e+02,
    1.16941528e+03, 1.40822311e+02, 1.20261328e+03, 1.39593491e+02,
    1.23639062e+03, 1.38364456e+02, 1.27021350e+03, 1.36851929e+02,
    1.30449146e+03, 1.35617783e+02, 1.33895190e+03, 1.34326950e+02,
    1.16878540e+03, 1.73160233e+02, 1.20219409e+03, 1.71905197e+02,
    1.23576465e+03, 1.70793945e+02, 1.26960645e+03, 1.69628525e+02,
    1.30408289e+03, 1.68308716e+02, 1.33858032e+03, 1.67174591e+02,
    1.16827942e+03, 2.05684402e+02, 1.20150830e+03, 2.04580429e+02,
    1.23517310e+03, 2.03552887e+02, 1.26922876e+03, 2.02514801e+02,
    1.30339160e+03, 2.01494766e+02, 1.33821106e+03, 2.00383514e+02,
    1.16758569e+03, 2.38366776e+02, 1.20093164e+03, 2.37367142e+02,
    1.23451904e+03, 2.36432053e+02, 1.26851233e+03, 2.35456421e+02,
    1.30274756e+03, 2.34534515e+02, 1.33751514e+03, 2.33605087e+02,
    1.16702673e+03, 2.70534241e+02, 1.20047705e+03, 2.69823944e+02,
    1.23405396e+03, 2.69106384e+02, 1.26794324e+03, 2.68344818e+02,
    1.30224719e+03, 2.67456573e+02, 1.33692126e+03, 2.66610107e+02,
    1.16647144e+03, 3.02617523e+02, 1.19998840e+03, 3.02192230e+02,
    1.23353528e+03, 3.01584534e+02, 1.26757263e+03, 3.00888092e+02,
    1.30176172e+03, 3.00258484e+02, 1.33676025e+03, 2.99509796e+02,
    1.16600647e+03, 3.34744904e+02, 1.19947058e+03, 3.34455566e+02,
    1.23319360e+03, 3.33921234e+02, 1.26726160e+03, 3.33440002e+02,
    1.30163989e+03, 3.32929199e+02, 1.33657178e+03, 3.32463654e+02 ]
