%YAML:1.0
---
points: [ 1.16542456e+03, 1.05784126e+02, 1.19875745e+03, 1.03438309e+02,
    1.23244971e+03, 1.01101997e+02, 1.26610486e+03, 9.86509247e+01,
    1.30036267e+03, 9.63700256e+01, 1.33475146e+03, 9.40574188e+01,
    1.16567700e+03, 1.37621994e+02, 1.19913000e+03, 1.35378021e+02,
    1.23267786e+03, 1.33344238e+02, 1.26646350e+03, 1.30884918e+02,
    1.30079944e+03, 1.28765671e+02, 1.33539429e+03, 1.26523087e+02,
    1.16593457e+03, 1.69841095e+02, 1.19938953e+03, 1.67642883e+02,
    1.23296814e+03, 1.65774536e+02, 1.26678394e+03, 1.63532516e+02,
    1.30138037e+03, 1.61355621e+02, 1.33598169e+03, 1.59443802e+02,
    1.16619458e+03, 2.02294785e+02, 1.19962354e+03, 2.00243851e+02,
    1.23330518e+03, 1.98325882e+02, 1.26721765e+03, 1.96434189e+02,
    1.30149194e+03, 1.94429810e+02, 1.33639734e+03, 1.92338898e+02,
    1.16638904e+03, 2.34650726e+02, 1.19982202e+03, 2.32977249e+02,
    1.23347839e+03, 2.31050095e+02, 1.26742944e+03, 2.29280258e+02,
    1.30172522e+03, 2.27457275e+02, 1.33659290e+03, 2.25475204e+02,
    1.16663953e+03, 2.66810455e+02, 1.20016602e+03, 2.65364349e+02,
    1.23363745e+03, 2.63737396e+02, 1.26775049e+03, 2.62038727e+02,
    1.30214014e+03, 2.60443207e+02, 1.33690356e+03, 2.58695679e+02,
    1.16691150e+03, 2.98810852e+02, 1.20049939e+03, 2.97524902e+02,
    1.23415186e+03, 2.96127075e+02, 1.26823438e+03, 2.94475098e+02,
    1.30258362e+03, 2.92875366e+02, 1.33751721e+03, 2.91514954e+02,
    1.16730249e+03, 3.31029938e+02, 1.20074536e+03, 3.29672516e+02,
    1.23451025e+03, 3.28479919e+02, 1.26875098e+03, 3.27153992e+02,
    1.30329993e+03, 3.25591003e+02, 1.33831750e+03, 3.24487915e+02 ]
