%YAML:1.0
---
points: [ 3.49054077e+02, 5.28525658e+01, 3.60769806e+02, 5.21123848e+01,
    3.72247192e+02, 5.14762840e+01, 3.83946716e+02, 5.06820450e+01,
    3.95651703e+02, 4.99827080e+01, 4.07496887e+02, 4.95278969e+01,
    3.49554901e+02, 6.38731728e+01, 3.60952179e+02, 6.31426315e+01,
    3.72767792e+02, 6.24286919e+01, 3.84437744e+02, 6.16997299e+01,
    3.96286011e+02, 6.09056625e+01, 4.07879120e+02, 6.04761543e+01,
    3.49727722e+02, 7.50037155e+01, 3.61403107e+02, 7.43402176e+01,
    3.72960602e+02, 7.36441650e+01, 3.84879364e+02, 7.27364044e+01,
    3.96725006e+02, 7.21011047e+01, 4.08605927e+02, 7.15413513e+01,
    3.49945465e+02, 8.62758331e+01, 3.61669434e+02, 8.56135101e+01,
    3.73384888e+02, 8.47672043e+01, 3.85125702e+02, 8.40976028e+01,
    3.97153442e+02, 8.35514755e+01, 4.08914337e+02, 8.28596497e+01,
    3.50194641e+02, 9.75753250e+01, 3.61888336e+02, 9.68122101e+01,
    3.73650177e+02, 9.61734390e+01, 3.85575195e+02, 9.55458908e+01,
    3.97451050e+02, 9.48002701e+01, 4.09447906e+02, 9.41849594e+01,
    3.50374878e+02, 1.08764595e+02, 3.62166290e+02, 1.08162041e+02,
    3.74023163e+02, 1.07484093e+02, 3.85843323e+02, 1.06775650e+02,
    3.97764160e+02, 1.06173058e+02, 4.09799927e+02, 1.05690544e+02,
    3.50603271e+02, 1.19954361e+02, 3.62333496e+02, 1.19354721e+02,
    3.74293915e+02, 1.18731010e+02, 3.86099457e+02, 1.18077042e+02,
    3.98205414e+02, 1.17587875e+02, 4.10265472e+02, 1.16841682e+02,
    3.50918243e+02, 1.31163361e+02, 3.62619110e+02, 1.30602341e+02,
    3.74509857e+02, 1.29946503e+02, 3.86453796e+02, 1.29464096e+02,
    3.98626862e+02, 1.28732971e+02, 4.10790863e+02, 1.28393646e+02 ]
