%YAML:1.0
---
points: [ 2.79620300e+02, 3.08057587e+02, 2.81477234e+02, 2.71487305e+02,
    2.83407471e+02, 2.34881409e+02, 2.85316467e+02, 1.98266846e+02,
    2.87152527e+02, 1.61249756e+02, 2.89207520e+02, 1.24083847e+02,
    3.20246582e+02, 3.12987244e+02, 3.22318848e+02, 2.76848114e+02,
    3.24074463e+02, 2.40569275e+02, 3.26065125e+02, 2.04217178e+02,
    3.28002777e+02, 1.67548340e+02, 3.29904266e+02, 1.30650299e+02,
    3.60406799e+02, 3.18077393e+02, 3.62337463e+02, 2.82338989e+02,
    3.64373413e+02, 2.46349503e+02, 3.66173462e+02, 2.10395691e+02,
    3.68306610e+02, 1.74004791e+02, 3.70248322e+02, 1.37486542e+02,
    3.99737701e+02, 3.23113617e+02, 4.01677338e+02, 2.87545166e+02,
    4.03688507e+02, 2.52181763e+02, 4.05747162e+02, 2.16551575e+02,
    4.07894562e+02, 1.80654495e+02, 4.09976837e+02, 1.44463150e+02,
    4.38364014e+02, 3.27931396e+02, 4.40317932e+02, 2.92809631e+02,
    4.42530182e+02, 2.57728241e+02, 4.44611145e+02, 2.22598572e+02,
    4.46599396e+02, 1.87016281e+02, 4.48848938e+02, 1.51142685e+02,
    4.75841034e+02, 3.32622833e+02, 4.78122833e+02, 2.97963562e+02,
    4.80309845e+02, 2.63345306e+02, 4.82401031e+02, 2.28522903e+02,
    4.84819458e+02, 1.93229507e+02, 4.86720337e+02, 1.57759720e+02,
    5.12575134e+02, 3.37251648e+02, 5.14900879e+02, 3.03099030e+02,
    5.17345642e+02, 2.68653595e+02, 5.19350464e+02, 2.34243607e+02,
    5.21770752e+02, 1.99197723e+02, 5.24104309e+02, 1.64303024e+02,
    5.48940552e+02, 3.41710419e+02, 5.51154846e+02, 3.07903687e+02,
    5.53542358e+02, 2.73773560e+02, 5.55681091e+02, 2.39598755e+02,
    5.58227905e+02, 2.04984909e+02, 5.60548035e+02, 1.70423035e+02 ]
