%YAML:1.0
---
points: [ 4.62336388e+01, 1.27052773e+02, 4.70077591e+01, 1.14595688e+02,
    4.78812714e+01, 1.02163635e+02, 4.88111382e+01, 8.96477280e+01,
    4.98044128e+01, 7.73851547e+01, 5.07992134e+01, 6.47910614e+01,
    5.94963112e+01, 1.28382599e+02, 6.01967430e+01, 1.16022537e+02,
    6.09890022e+01, 1.03581009e+02, 6.17758369e+01, 9.11949081e+01,
    6.27258797e+01, 7.87903748e+01, 6.37914314e+01, 6.65104980e+01,
    7.25918961e+01, 1.29802002e+02, 7.33125000e+01, 1.17400162e+02,
    7.40225372e+01, 1.05240700e+02, 7.48386765e+01, 9.28302841e+01,
    7.57102966e+01, 8.04352646e+01, 7.66174850e+01, 6.81335602e+01,
    8.56629181e+01, 1.31175537e+02, 8.63577728e+01, 1.19136543e+02,
    8.70666504e+01, 1.06735329e+02, 8.78150330e+01, 9.46089401e+01,
    8.86433105e+01, 8.22783585e+01, 8.97139130e+01, 7.00428085e+01,
    9.85326614e+01, 1.32725296e+02, 9.92006912e+01, 1.20591171e+02,
    9.99423065e+01, 1.08462868e+02, 1.00743446e+02, 9.62624512e+01,
    1.01610603e+02, 8.41404114e+01, 1.02372490e+02, 7.19367371e+01,
    1.11183846e+02, 1.34076202e+02, 1.11969109e+02, 1.22171181e+02,
    1.12658600e+02, 1.10105904e+02, 1.13479477e+02, 9.81479645e+01,
    1.14236061e+02, 8.59550095e+01, 1.15178360e+02, 7.38539047e+01,
    1.23626625e+02, 1.35587631e+02, 1.24391220e+02, 1.23618988e+02,
    1.25228470e+02, 1.11782494e+02, 1.25925423e+02, 9.98264771e+01,
    1.26765793e+02, 8.78484116e+01, 1.27552444e+02, 7.56770020e+01,
    1.35936188e+02, 1.37058853e+02, 1.36794144e+02, 1.25192017e+02,
    1.37493042e+02, 1.13357254e+02, 1.38369980e+02, 1.01494164e+02,
    1.39137451e+02, 8.95332794e+01, 1.39936462e+02, 7.75354462e+01 ]
