%YAML:1.0
---
points: [ 3.88707916e+02, 3.30742767e+02, 3.90614685e+02, 2.96516785e+02,
    3.92367706e+02, 2.61839569e+02, 3.94244171e+02, 2.27475357e+02,
    3.96133362e+02, 1.92471542e+02, 3.97926971e+02, 1.57472031e+02,
    4.26005035e+02, 3.34899597e+02, 4.27735901e+02, 3.00809753e+02,
    4.29584167e+02, 2.66510834e+02, 4.31510956e+02, 2.32344025e+02,
    4.33401062e+02, 1.97660645e+02, 4.35110046e+02, 1.62893494e+02,
    4.62663635e+02, 3.39090485e+02, 4.64650085e+02, 3.05260498e+02,
    4.66472839e+02, 2.71228973e+02, 4.68443665e+02, 2.37298309e+02,
    4.70226990e+02, 2.02846283e+02, 4.72103241e+02, 1.68338699e+02,
    4.98888977e+02, 3.43229156e+02, 5.00911621e+02, 3.09538788e+02,
    5.02737396e+02, 2.75967438e+02, 5.04649689e+02, 2.42157242e+02,
    5.06745361e+02, 2.08215912e+02, 5.08484863e+02, 1.73914444e+02,
    5.34482056e+02, 3.47156647e+02, 5.36604126e+02, 3.13801544e+02,
    5.38502808e+02, 2.80719177e+02, 5.40494080e+02, 2.47154175e+02,
    5.42519287e+02, 2.13498138e+02, 5.44467407e+02, 1.79555695e+02,
    5.69449829e+02, 3.51059265e+02, 5.71405396e+02, 3.18202515e+02,
    5.73567017e+02, 2.85275299e+02, 5.75577576e+02, 2.51918259e+02,
    5.77666504e+02, 2.18557617e+02, 5.79651367e+02, 1.85079987e+02,
    6.03517883e+02, 3.54985596e+02, 6.05891602e+02, 3.22344330e+02,
    6.07852783e+02, 2.89457672e+02, 6.10120972e+02, 2.56528046e+02,
    6.12224609e+02, 2.23458679e+02, 6.14332947e+02, 1.90073517e+02,
    6.37582764e+02, 3.58746063e+02, 6.39630554e+02, 3.26269958e+02,
    6.41969788e+02, 2.93557587e+02, 6.43965698e+02, 2.60947662e+02,
    6.46179565e+02, 2.28082535e+02, 6.48400818e+02, 1.94850311e+02 ]
