%YAML:1.0
---
points: [ 8.16072006e+01, 1.34259171e+02, 8.21545410e+01, 1.22331917e+02,
    8.28169403e+01, 1.10467880e+02, 8.35771561e+01, 9.85731812e+01,
    8.42799683e+01, 8.67291946e+01, 8.50048599e+01, 7.46871262e+01,
    9.39709091e+01, 1.35379562e+02, 9.46502075e+01, 1.23661766e+02,
    9.52562714e+01, 1.11723518e+02, 9.59151154e+01, 9.99283600e+01,
    9.66572571e+01, 8.80333328e+01, 9.75005722e+01, 7.61934509e+01,
    1.06402824e+02, 1.36649261e+02, 1.07068184e+02, 1.24870453e+02,
    1.07748512e+02, 1.13174889e+02, 1.08357445e+02, 1.01306122e+02,
    1.09007484e+02, 8.94487991e+01, 1.09736618e+02, 7.76813507e+01,
    1.18768768e+02, 1.37835083e+02, 1.19408028e+02, 1.26227333e+02,
    1.19969330e+02, 1.14547058e+02, 1.20646744e+02, 1.02904625e+02,
    1.21347412e+02, 9.10442810e+01, 1.21979706e+02, 7.92345352e+01,
    1.30928024e+02, 1.39124603e+02, 1.31528671e+02, 1.27587555e+02,
    1.32161926e+02, 1.15939270e+02, 1.32804626e+02, 1.04332703e+02,
    1.33526550e+02, 9.26842194e+01, 1.34119843e+02, 8.09488907e+01,
    1.42792419e+02, 1.40235825e+02, 1.43474030e+02, 1.28889648e+02,
    1.44165375e+02, 1.17348969e+02, 1.44782166e+02, 1.05885658e+02,
    1.45493927e+02, 9.42514725e+01, 1.46130951e+02, 8.25625153e+01,
    1.54611755e+02, 1.41533539e+02, 1.55200348e+02, 1.30201752e+02,
    1.55907272e+02, 1.18766022e+02, 1.56548645e+02, 1.07291496e+02,
    1.57253067e+02, 9.57480621e+01, 1.57887939e+02, 8.41000519e+01,
    1.66101593e+02, 1.42698441e+02, 1.66903824e+02, 1.31400345e+02,
    1.67450790e+02, 1.20074005e+02, 1.68214111e+02, 1.08671684e+02,
    1.68838837e+02, 9.71522369e+01, 1.69625397e+02, 8.57002487e+01 ]
