%YAML:1.0
---
points: [ 1.36049072e+02, 1.45184494e+02, 1.36504410e+02, 1.33906036e+02,
    1.37085907e+02, 1.22679970e+02, 1.37603226e+02, 1.11431145e+02,
    1.38159241e+02, 1.00210899e+02, 1.38708939e+02, 8.89007263e+01,
    1.47636826e+02, 1.45992676e+02, 1.48211761e+02, 1.34777679e+02,
    1.48636932e+02, 1.23596390e+02, 1.49198730e+02, 1.12382675e+02,
    1.49688858e+02, 1.01176048e+02, 1.50246552e+02, 8.99694519e+01,
    1.59242691e+02, 1.46844040e+02, 1.59736618e+02, 1.35656494e+02,
    1.60270630e+02, 1.24583176e+02, 1.60686508e+02, 1.13346031e+02,
    1.61273209e+02, 1.02215950e+02, 1.61760712e+02, 9.09713669e+01,
    1.70671661e+02, 1.47743759e+02, 1.71224915e+02, 1.36627213e+02,
    1.71653580e+02, 1.25462875e+02, 1.72230682e+02, 1.14431816e+02,
    1.72594254e+02, 1.03308754e+02, 1.73154480e+02, 9.21421051e+01,
    1.82133133e+02, 1.48601562e+02, 1.82475250e+02, 1.37577866e+02,
    1.83129532e+02, 1.26480858e+02, 1.83441681e+02, 1.15405098e+02,
    1.83991333e+02, 1.04334167e+02, 1.84477264e+02, 9.32910156e+01,
    1.93243835e+02, 1.49429489e+02, 1.93643494e+02, 1.38442200e+02,
    1.94197800e+02, 1.27449348e+02, 1.94674667e+02, 1.16487144e+02,
    1.95145660e+02, 1.05406319e+02, 1.95652908e+02, 9.43760376e+01,
    2.04266479e+02, 1.50280304e+02, 2.04692947e+02, 1.39295822e+02,
    2.05246002e+02, 1.28339462e+02, 2.05722641e+02, 1.17370476e+02,
    2.06218689e+02, 1.06360512e+02, 2.06660721e+02, 9.53287506e+01,
    2.15208389e+02, 1.51045792e+02, 2.15663437e+02, 1.40185440e+02,
    2.16182938e+02, 1.29181229e+02, 2.16682556e+02, 1.18239098e+02,
    2.17222321e+02, 1.07216072e+02, 2.17718445e+02, 9.62705688e+01 ]
