%YAML:1.0
---
points: [ 5.50143555e+02, 3.64915253e+02, 5.51953857e+02, 3.32610901e+02,
    5.53797302e+02, 3.00159912e+02, 5.55506958e+02, 2.67702026e+02,
    5.57357300e+02, 2.35450043e+02, 5.59296082e+02, 2.03018402e+02,
    5.84116577e+02, 3.67546478e+02, 5.85758789e+02, 3.35327789e+02,
    5.87556458e+02, 3.03287964e+02, 5.89396912e+02, 2.70974365e+02,
    5.91126221e+02, 2.38869690e+02, 5.92695312e+02, 2.06532242e+02,
    6.17604004e+02, 3.70457977e+02, 6.19368469e+02, 3.38451782e+02,
    6.21278381e+02, 3.06378662e+02, 6.22942688e+02, 2.74363434e+02,
    6.24573608e+02, 2.41985611e+02, 6.26534729e+02, 2.09894348e+02,
    6.50944702e+02, 3.73227509e+02, 6.52731079e+02, 3.41264435e+02,
    6.54451111e+02, 3.09419586e+02, 6.56213745e+02, 2.77491486e+02,
    6.58129333e+02, 2.45631561e+02, 6.59621277e+02, 2.13605621e+02,
    6.83739502e+02, 3.76101105e+02, 6.85587097e+02, 3.44415222e+02,
    6.87260254e+02, 3.12586548e+02, 6.89128052e+02, 2.80926208e+02,
    6.90718811e+02, 2.49195572e+02, 6.92482239e+02, 2.17364746e+02,
    7.16175232e+02, 3.78604553e+02, 7.17845093e+02, 3.47015747e+02,
    7.19664307e+02, 3.15593475e+02, 7.21524048e+02, 2.84038666e+02,
    7.23217651e+02, 2.52452545e+02, 7.24849182e+02, 2.20618225e+02,
    7.48162598e+02, 3.81311768e+02, 7.49836609e+02, 3.49804932e+02,
    7.51596863e+02, 3.18432770e+02, 7.53522583e+02, 2.87066376e+02,
    7.55212219e+02, 2.55504684e+02, 7.57039307e+02, 2.23874207e+02,
    7.79877319e+02, 3.83596405e+02, 7.81545471e+02, 3.52426819e+02,
    7.83344482e+02, 3.21090149e+02, 7.85241028e+02, 2.89749664e+02,
    7.86873718e+02, 2.58394257e+02, 7.88730042e+02, 2.26780609e+02 ]
