%YAML:1.0
---
points: [ 6.58051270e+02, 3.61323273e+02, 6.60848999e+02, 3.29595490e+02,
    6.63897583e+02, 2.97878632e+02, 6.66797729e+02, 2.66300720e+02,
    6.69723389e+02, 2.34727570e+02, 673., 219., 6.90737793e+02,
    3.65262115e+02, 6.93682190e+02, 3.33571136e+02, 6.96678955e+02,
    3.02055573e+02, 6.99589539e+02, 2.70493530e+02, 7.02466797e+02,
    2.39163101e+02, 7.05386292e+02, 2.07496994e+02, 7.23348206e+02,
    3.68855072e+02, 7.26354675e+02, 3.37471344e+02, 7.29114136e+02,
    3.06070343e+02, 7.32152710e+02, 2.74718170e+02, 7.34714417e+02,
    2.43275894e+02, 7.37833618e+02, 2.12005493e+02, 7.55491089e+02,
    3.72599792e+02, 7.58453796e+02, 3.41286346e+02, 7.61221863e+02,
    3.10118103e+02, 7.64201355e+02, 2.78829590e+02, 7.66811523e+02,
    2.47769363e+02, 7.69718933e+02, 2.16475800e+02, 7.87273987e+02,
    3.76419250e+02, 7.90197876e+02, 3.45289185e+02, 7.93012512e+02,
    3.14054596e+02, 7.95865417e+02, 2.83192108e+02, 7.98578918e+02,
    2.52021194e+02, 8.01513733e+02, 2.21059265e+02, 8.18615540e+02,
    3.80069611e+02, 8.21628479e+02, 3.49116302e+02, 8.24316040e+02,
    3.18158325e+02, 8.27293335e+02, 2.87288300e+02, 8.29880615e+02,
    2.56376160e+02, 8.32713257e+02, 2.25356171e+02, 8.49679199e+02,
    3.83389313e+02, 8.52694458e+02, 3.52672028e+02, 8.55352051e+02,
    3.21890900e+02, 8.58303467e+02, 2.91280457e+02, 8.60927368e+02,
    2.60421844e+02, 8.63972290e+02, 2.29443420e+02, 8.80673462e+02,
    3.86963745e+02, 8.83572876e+02, 3.56229156e+02, 8.86389709e+02,
    3.25373322e+02, 8.89319641e+02, 2.94710175e+02, 8.91919922e+02,
    2.64018311e+02, 8.94810181e+02, 2.33367722e+02 ]
