%YAML:1.0
---
points: [ 1.73220520e+02, 1.43552994e+02, 1.74117279e+02, 1.32455063e+02,
    1.75030197e+02, 1.21405464e+02, 1.75891739e+02, 1.10371017e+02,
    1.76744812e+02, 9.93825836e+01, 1.77635376e+02, 8.84097824e+01,
    1.84507721e+02, 1.44776810e+02, 1.85411957e+02, 1.33744949e+02,
    1.86286865e+02, 1.22734528e+02, 1.87188766e+02, 1.11772842e+02,
    1.88038223e+02, 1.00769463e+02, 1.88950424e+02, 8.97566071e+01,
    1.95800385e+02, 1.45997955e+02, 1.96634644e+02, 1.35043854e+02,
    1.97442307e+02, 1.24038010e+02, 1.98359390e+02, 1.13155502e+02,
    1.99256027e+02, 1.02173012e+02, 2.00100388e+02, 9.11641083e+01,
    2.06893280e+02, 1.47226761e+02, 2.07745850e+02, 1.36367294e+02,
    2.08559189e+02, 1.25419701e+02, 2.09396927e+02, 1.14558258e+02,
    2.10280930e+02, 1.03598465e+02, 2.11175110e+02, 9.26576538e+01,
    2.17899582e+02, 1.48440369e+02, 2.18662827e+02, 1.37577591e+02,
    2.19535156e+02, 1.26740196e+02, 2.20363739e+02, 1.15866219e+02,
    2.21257904e+02, 1.04999245e+02, 2.22098587e+02, 9.41494675e+01,
    2.28687653e+02, 1.49615402e+02, 2.29487823e+02, 1.38832336e+02,
    2.30344696e+02, 1.28044540e+02, 2.31209793e+02, 1.17230988e+02,
    2.32036789e+02, 1.06449852e+02, 2.32850723e+02, 9.56151657e+01,
    2.39364609e+02, 1.50797073e+02, 2.40229614e+02, 1.40014206e+02,
    2.41142731e+02, 1.29252289e+02, 2.41922836e+02, 1.18436562e+02,
    2.42772415e+02, 1.07714607e+02, 2.43642960e+02, 9.68958588e+01,
    2.50088211e+02, 1.51863739e+02, 2.50907669e+02, 1.41115753e+02,
    2.51788727e+02, 1.30373016e+02, 2.52641693e+02, 1.19604309e+02,
    2.53524414e+02, 1.08871040e+02, 2.54396866e+02, 9.80518570e+01 ]
