%YAML:1.0
---
points: [ 6.57483093e+02, 3.60748199e+02, 6.60368103e+02, 3.29147034e+02,
    6.63309387e+02, 2.97481079e+02, 6.66053711e+02, 2.65922089e+02,
    6.68941528e+02, 2.34458740e+02, 6.68941528e+02, 2.34458725e+02,
    6.90379211e+02, 3.64525055e+02, 6.93113281e+02, 3.32862488e+02,
    6.96062439e+02, 3.01492554e+02, 6.98669922e+02, 2.69940216e+02,
    7.01672913e+02, 2.38659561e+02, 700., 221., 7.22830994e+02,
    3.67939331e+02, 7.25704529e+02, 3.36605713e+02, 7.28430664e+02,
    3.05224792e+02, 7.31223511e+02, 2.74049225e+02, 7.33768738e+02,
    2.42579407e+02, 7.36807434e+02, 2.11471680e+02, 7.55039001e+02,
    3.71607666e+02, 7.57761658e+02, 3.40354858e+02, 7.60477478e+02,
    3.09162781e+02, 7.63362305e+02, 2.77939514e+02, 7.65992371e+02,
    2.46875092e+02, 7.68734863e+02, 2.15717728e+02, 7.86677124e+02,
    3.75278931e+02, 7.89623718e+02, 3.44230804e+02, 7.92287476e+02,
    3.13016968e+02, 7.95057190e+02, 2.82198517e+02, 7.97611206e+02,
    2.50992355e+02, 8.00448120e+02, 2.20203308e+02, 8.18224548e+02,
    3.78650604e+02, 8.20987976e+02, 3.47764709e+02, 8.23556091e+02,
    3.16909393e+02, 8.26433167e+02, 2.86261108e+02, 8.28914734e+02,
    2.55367767e+02, 8.31669617e+02, 2.24382675e+02, 8.49398865e+02,
    3.82044312e+02, 8.52086243e+02, 3.51203033e+02, 8.54600525e+02,
    3.20407471e+02, 8.57422546e+02, 2.89819458e+02, 8.59987305e+02,
    2.59110260e+02, 8.62801819e+02, 2.28313904e+02, 8.80303650e+02,
    3.85378326e+02, 8.82987671e+02, 3.54613098e+02, 8.85681335e+02,
    3.23832611e+02, 8.88382690e+02, 2.93150513e+02, 8.91080505e+02,
    2.62445953e+02, 8.93676025e+02, 2.31842590e+02 ]
