%YAML:1.0
---
points: [ 1.72734970e+02, 1.43427078e+02, 1.73476547e+02, 1.32411163e+02,
    1.74303574e+02, 1.21395546e+02, 1.75062973e+02, 1.10395546e+02,
    1.75872360e+02, 9.94354858e+01, 1.76583984e+02, 8.84965286e+01,
    1.84136597e+02, 1.44496109e+02, 1.84909119e+02, 1.33555618e+02,
    1.85608353e+02, 1.22523865e+02, 1.86345184e+02, 1.11618805e+02,
    1.87116608e+02, 1.00661949e+02, 1.87845856e+02, 8.97018051e+01,
    1.95319778e+02, 1.45590668e+02, 1.96121094e+02, 1.34667007e+02,
    1.96841980e+02, 1.23746437e+02, 1.97537216e+02, 1.12851013e+02,
    1.98292969e+02, 1.01905235e+02, 1.99004135e+02, 9.09206924e+01,
    2.06447083e+02, 1.46737473e+02, 2.07238419e+02, 1.35831146e+02,
    2.07917908e+02, 1.24933182e+02, 2.08553391e+02, 1.14020737e+02,
    2.09321976e+02, 1.03158295e+02, 2.10083054e+02, 9.22732391e+01,
    2.17400513e+02, 1.47774857e+02, 2.18179398e+02, 1.36991364e+02,
    2.18881882e+02, 1.26105476e+02, 2.19557449e+02, 1.15266197e+02,
    2.20301147e+02, 1.04465759e+02, 2.20942215e+02, 9.36299286e+01,
    2.28312393e+02, 1.48795227e+02, 2.29010101e+02, 1.38015411e+02,
    2.29667892e+02, 1.27239746e+02, 2.30379211e+02, 1.16506279e+02,
    2.31121277e+02, 1.05658714e+02, 2.31775543e+02, 9.48980026e+01,
    2.39045090e+02, 1.49829636e+02, 2.39725281e+02, 1.39073837e+02,
    2.40466080e+02, 1.28314514e+02, 2.41125275e+02, 1.17529930e+02,
    2.41876801e+02, 1.06796379e+02, 2.42602905e+02, 9.60332260e+01,
    2.49713181e+02, 1.50766159e+02, 2.50423767e+02, 1.40031082e+02,
    2.51162994e+02, 1.29286179e+02, 2.51845139e+02, 1.18548485e+02,
    2.52578323e+02, 1.07823257e+02, 2.53315918e+02, 9.70968933e+01 ]
