%YAML:1.0
---
points: [ 8.89895569e+02, 2.23848251e+02, 8.92227783e+02, 2.54412643e+02,
    8.94776306e+02, 2.84997742e+02, 8.97193665e+02, 3.15332611e+02,
    8.99680969e+02, 3.45803558e+02, 9.02077393e+02, 3.76507935e+02,
    8.59143494e+02, 2.25967422e+02, 8.61474426e+02, 2.56568817e+02,
    8.64108521e+02, 2.87098114e+02, 8.66416138e+02, 3.17586121e+02,
    8.68941101e+02, 3.48110779e+02, 8.71277466e+02, 3.78586914e+02,
    8.28346924e+02, 2.28246735e+02, 8.30777466e+02, 2.58749390e+02,
    8.33239258e+02, 2.89211578e+02, 8.35651917e+02, 3.19591217e+02,
    8.38157898e+02, 3.50277222e+02, 8.40534546e+02, 3.80921234e+02,
    7.97460571e+02, 2.29741714e+02, 7.99941589e+02, 2.60421509e+02,
    8.02424011e+02, 2.91096588e+02, 8.04888489e+02, 3.21544067e+02,
    8.07279968e+02, 3.52147491e+02, 8.09670349e+02, 3.82788483e+02,
    7.66184998e+02, 2.31311676e+02, 7.68810669e+02, 2.62056580e+02,
    7.71077393e+02, 2.92596222e+02, 7.73666016e+02, 3.23480591e+02,
    7.76036194e+02, 3.54347687e+02, 7.78504456e+02, 3.84973267e+02,
    7.34892944e+02, 2.33056458e+02, 7.37406677e+02, 2.63620148e+02,
    7.39715088e+02, 2.94497864e+02, 7.42298523e+02, 3.25277802e+02,
    7.44614258e+02, 3.56085632e+02, 7.47198181e+02, 3.87049988e+02,
    7.03358582e+02, 2.34634109e+02, 7.05990051e+02, 2.65631226e+02,
    7.08252686e+02, 2.96462860e+02, 7.10717346e+02, 3.27339661e+02,
    7.13037476e+02, 3.58178650e+02, 7.15603149e+02, 3.89133728e+02, 682.,
    253., 6.74309631e+02, 2.67336121e+02, 6.76628723e+02, 2.98310577e+02,
    6.79113770e+02, 3.29245697e+02, 6.81525391e+02, 3.60169281e+02,
    6.83920227e+02, 3.91325714e+02 ]
