%YAML:1.0
---
points: [ 2.52382568e+02, 9.52538528e+01, 2.53372025e+02, 1.05928375e+02,
    2.54349030e+02, 1.16523865e+02, 2.55283310e+02, 1.27226143e+02,
    2.56294006e+02, 1.37906784e+02, 2.57240479e+02, 1.48517273e+02,
    2.41713303e+02, 9.61435318e+01, 2.42715317e+02, 1.06806198e+02,
    2.43706619e+02, 1.17422623e+02, 2.44693253e+02, 1.28171616e+02,
    2.45652283e+02, 1.38726318e+02, 2.46661926e+02, 1.49365799e+02,
    2.31071838e+02, 9.69882736e+01, 2.32052582e+02, 1.07581161e+02,
    2.33028931e+02, 1.18225342e+02, 2.34062881e+02, 1.28915466e+02,
    2.35060684e+02, 1.39521301e+02, 2.36044052e+02, 1.50196548e+02,
    2.20377762e+02, 9.76072540e+01, 2.21347641e+02, 1.08293297e+02,
    2.22327209e+02, 1.19052902e+02, 2.23353653e+02, 1.29622681e+02,
    2.24306763e+02, 1.40373367e+02, 2.25350937e+02, 1.51084991e+02,
    2.09607864e+02, 9.82635880e+01, 2.10563232e+02, 1.09021324e+02,
    2.11594254e+02, 1.19696297e+02, 2.12558197e+02, 1.30351715e+02,
    2.13561676e+02, 1.41121902e+02, 2.14507141e+02, 1.51857178e+02,
    1.98756943e+02, 9.89243622e+01, 1.99740967e+02, 1.09617851e+02,
    2.00714478e+02, 1.20334312e+02, 2.01713165e+02, 1.31189667e+02,
    2.02710175e+02, 1.41934738e+02, 2.03751068e+02, 1.52630127e+02,
    1.87897766e+02, 9.96246490e+01, 1.88839081e+02, 1.10400673e+02,
    1.89838852e+02, 1.21181808e+02, 1.90797073e+02, 1.31919800e+02,
    1.91833939e+02, 1.42620834e+02, 1.92808105e+02, 1.53386948e+02,
    1.76937317e+02, 1.00338837e+02, 1.77908615e+02, 1.11171928e+02,
    1.78923386e+02, 1.21886963e+02, 1.79893631e+02, 1.32601379e+02,
    1.80851181e+02, 1.43425583e+02, 1.81831635e+02, 1.54225983e+02 ]
