%YAML:1.0
---
points: [ 6.88990845e+02, 3.86653259e+02, 6.88909851e+02, 3.54799133e+02,
    6.88841614e+02, 3.22943359e+02, 6.88785645e+02, 2.91043884e+02,
    6.88666077e+02, 2.59108948e+02, 6.88626038e+02, 2.27123398e+02,
    7.21521973e+02, 3.87516663e+02, 7.21453247e+02, 3.55698425e+02,
    7.21399414e+02, 3.23967804e+02, 7.21335510e+02, 2.92232849e+02,
    7.21252747e+02, 2.60477692e+02, 7.21056091e+02, 2.28368973e+02,
    7.53691833e+02, 3.88257568e+02, 7.53689209e+02, 3.56605591e+02,
    7.53616943e+02, 3.24960480e+02, 7.53613770e+02, 2.93401093e+02,
    7.53508423e+02, 2.61584839e+02, 7.53476868e+02, 2.29762817e+02,
    7.85549072e+02, 3.89043060e+02, 7.85523682e+02, 3.57535736e+02,
    7.85531677e+02, 3.26091461e+02, 7.85541565e+02, 2.94626617e+02,
    7.85486938e+02, 2.63126068e+02, 7.85445374e+02, 2.31337769e+02,
    8.17049561e+02, 3.89749725e+02, 8.17129211e+02, 3.58537140e+02,
    8.17125916e+02, 3.27327362e+02, 8.17185303e+02, 2.96000244e+02,
    8.17193420e+02, 2.64534424e+02, 8.17167297e+02, 2.33122971e+02,
    8.48299255e+02, 3.90512543e+02, 8.48356812e+02, 3.59417236e+02,
    8.48395386e+02, 3.28329712e+02, 8.48432739e+02, 2.97202698e+02,
    8.48491089e+02, 2.65795471e+02, 8.48486206e+02, 2.34505447e+02,
    8.79105225e+02, 3.91247162e+02, 8.79241821e+02, 3.60164276e+02,
    8.79305908e+02, 3.29187073e+02, 8.79415588e+02, 2.98146454e+02,
    8.79502136e+02, 2.66837433e+02, 8.79604309e+02, 2.35541687e+02,
    9.09830017e+02, 3.91820831e+02, 9.10043152e+02, 3.60772430e+02,
    9.10235474e+02, 3.29835510e+02, 9.10373169e+02, 2.98903748e+02,
    9.10532288e+02, 2.67745544e+02, 9.10608643e+02, 2.36703644e+02 ]
