%YAML:1.0
---
points: [ 1.83953247e+02, 1.52268677e+02, 1.83700989e+02, 1.41168930e+02,
    1.83542542e+02, 1.30083939e+02, 1.83417923e+02, 1.18880882e+02,
    1.83311783e+02, 1.07686394e+02, 1.83133881e+02, 9.64521255e+01,
    1.95106964e+02, 1.52416595e+02, 1.95025360e+02, 1.41349670e+02,
    1.94835846e+02, 1.30240540e+02, 1.94632477e+02, 1.19194511e+02,
    1.94511139e+02, 1.08059578e+02, 1.94381714e+02, 9.68663635e+01,
    2.06274261e+02, 1.52630402e+02, 2.06124908e+02, 1.41607086e+02,
    2.05999786e+02, 1.30520660e+02, 2.05826370e+02, 1.19463310e+02,
    2.05684448e+02, 1.08374977e+02, 2.05532516e+02, 9.72353821e+01,
    2.17233673e+02, 1.52895309e+02, 2.17152847e+02, 1.41892380e+02,
    2.17028244e+02, 1.30932541e+02, 2.16848953e+02, 1.19946426e+02,
    2.16755127e+02, 1.08895386e+02, 2.16655090e+02, 9.77258301e+01,
    2.28141129e+02, 1.53090805e+02, 2.27964340e+02, 1.42245316e+02,
    2.27882019e+02, 1.31217453e+02, 2.27795578e+02, 1.20226967e+02,
    2.27674866e+02, 1.09205803e+02, 2.27614471e+02, 9.82161255e+01,
    2.38833313e+02, 1.53163498e+02, 2.38722794e+02, 1.42323166e+02,
    2.38634872e+02, 1.31370132e+02, 2.38578934e+02, 1.20464645e+02,
    2.38471558e+02, 1.09540901e+02, 2.38400375e+02, 9.85663071e+01,
    2.49413086e+02, 1.53275803e+02, 2.49370682e+02, 1.42469208e+02,
    2.49283234e+02, 1.31645462e+02, 2.49264099e+02, 1.20840019e+02,
    2.49198441e+02, 1.09964500e+02, 2.49136612e+02, 9.89572754e+01,
    2.60016357e+02, 1.53409836e+02, 2.60051575e+02, 1.42687866e+02,
    2.59967285e+02, 1.31918015e+02, 2.59965088e+02, 1.21108047e+02,
    2.59952393e+02, 1.10191528e+02, 2.59893768e+02, 9.92341843e+01 ]
