%YAML:1.0
---
points: [ 2.11297714e+02, 1.44195038e+02, 2.11357498e+02, 1.33247559e+02,
    2.11484314e+02, 1.22241722e+02, 2.11582352e+02, 1.11239243e+02,
    2.11651657e+02, 1.00163010e+02, 2.11740417e+02, 8.91493149e+01,
    2.22304718e+02, 1.44684174e+02, 2.22426117e+02, 1.33708649e+02,
    2.22480652e+02, 1.22735756e+02, 2.22633286e+02, 1.11836159e+02,
    2.22630447e+02, 1.00785164e+02, 2.22735001e+02, 8.97314301e+01,
    2.33173386e+02, 1.45135239e+02, 2.33262115e+02, 1.34238678e+02,
    2.33332336e+02, 1.23270538e+02, 2.33414642e+02, 1.12352295e+02,
    2.33607437e+02, 1.01327934e+02, 2.33712952e+02, 9.02922211e+01,
    2.43869888e+02, 1.45463837e+02, 2.43975342e+02, 1.34687256e+02,
    2.44102173e+02, 1.23857536e+02, 2.44239212e+02, 1.13018494e+02,
    2.44337601e+02, 1.02119713e+02, 2.44561432e+02, 9.11229477e+01,
    2.54489517e+02, 1.46066620e+02, 2.54590851e+02, 1.35197906e+02,
    2.54734741e+02, 1.24318840e+02, 2.54867401e+02, 1.13513954e+02,
    2.54982346e+02, 1.02668510e+02, 2.55132034e+02, 9.17882156e+01,
    2.65015259e+02, 1.46285324e+02, 2.65153778e+02, 1.35632538e+02,
    2.65267212e+02, 1.25000092e+02, 2.65428467e+02, 1.14159737e+02,
    2.65616394e+02, 1.03244362e+02, 2.65764252e+02, 9.24511185e+01,
    2.75369446e+02, 1.46744141e+02, 2.75560242e+02, 1.36165573e+02,
    2.75700287e+02, 1.25300423e+02, 2.75881622e+02, 1.14587822e+02,
    2.76062988e+02, 1.03873169e+02, 2.76272949e+02, 9.30270615e+01,
    2.85839417e+02, 1.47173676e+02, 2.86035004e+02, 1.36369049e+02,
    2.86214966e+02, 1.25754219e+02, 2.86441589e+02, 1.15091881e+02,
    2.86622467e+02, 1.04212326e+02, 2.86771088e+02, 9.34757309e+01 ]
