%YAML:1.0
---
points: [ 7.68406311e+02, 3.64095123e+02, 7.69056946e+02, 3.32608124e+02,
    7.69682739e+02, 3.00962341e+02, 7.70307556e+02, 2.69569550e+02,
    7.70812622e+02, 2.37843765e+02, 7.71429626e+02, 2.06275665e+02,
    8.00190430e+02, 3.65637268e+02, 8.00803040e+02, 3.34241638e+02,
    8.01462585e+02, 3.02756439e+02, 8.02093506e+02, 2.71341278e+02,
    8.02733154e+02, 2.39866211e+02, 8.03221741e+02, 2.08253525e+02,
    8.31685303e+02, 3.67075073e+02, 8.32332642e+02, 3.35770935e+02,
    8.32908997e+02, 3.04562683e+02, 8.33585266e+02, 2.73412811e+02,
    8.34236450e+02, 2.41808640e+02, 8.34871887e+02, 2.10440491e+02,
    8.62811157e+02, 3.68667267e+02, 8.63542542e+02, 3.37609070e+02,
    8.64249817e+02, 3.06553558e+02, 8.64788879e+02, 2.75447479e+02,
    8.65486084e+02, 2.44285233e+02, 8.66166016e+02, 2.12960922e+02,
    8.93677246e+02, 3.70172699e+02, 8.94431580e+02, 3.39281036e+02,
    8.95132080e+02, 3.08293396e+02, 8.95702698e+02, 2.77362396e+02,
    8.96492981e+02, 2.46299988e+02, 8.97202881e+02, 2.15194427e+02,
    9.24217529e+02, 3.71536041e+02, 9.24858704e+02, 3.40790619e+02,
    9.25573059e+02, 3.10112091e+02, 9.26354492e+02, 2.79348724e+02,
    9.26980957e+02, 2.48592590e+02, 9.27647217e+02, 2.17475784e+02,
    9.54403809e+02, 3.72965118e+02, 9.55105957e+02, 3.42397949e+02,
    9.55820312e+02, 3.11755371e+02, 9.56629150e+02, 2.81226990e+02,
    9.57434875e+02, 2.50293716e+02, 9.58202271e+02, 2.19401337e+02,
    9.84611755e+02, 3.74474548e+02, 9.85425781e+02, 3.43839355e+02,
    9.86186035e+02, 3.13264282e+02, 9.86920044e+02, 2.82560638e+02,
    9.87694580e+02, 2.51807877e+02, 9.88498291e+02, 2.21200699e+02 ]
