%YAML:1.0
---
points: [ 8.37095825e+02, 3.68234650e+02, 8.37200073e+02, 3.36896362e+02,
    8.37338440e+02, 3.05479706e+02, 8.37461792e+02, 2.74112640e+02,
    8.37596069e+02, 2.42503159e+02, 8.37717651e+02, 2.10998367e+02,
    8.68363708e+02, 3.69490356e+02, 8.68501465e+02, 3.38189026e+02,
    8.68619568e+02, 3.06950775e+02, 8.68746582e+02, 2.75688141e+02,
    8.68863281e+02, 2.44358612e+02, 8.68946960e+02, 2.12986832e+02,
    8.99262451e+02, 3.70567993e+02, 8.99421570e+02, 3.39438599e+02,
    8.99597229e+02, 3.08380524e+02, 8.99823914e+02, 2.77197968e+02,
    9.00035706e+02, 2.45910294e+02, 9.00277039e+02, 2.14649323e+02,
    9.29664368e+02, 3.71596039e+02, 9.29850708e+02, 3.40656586e+02,
    9.30122131e+02, 3.09755249e+02, 9.30330383e+02, 2.78877747e+02,
    9.30574036e+02, 2.47935211e+02, 9.30713745e+02, 2.16800156e+02,
    9.59941467e+02, 3.72719055e+02, 9.60192932e+02, 3.42047150e+02,
    9.60336487e+02, 3.11348724e+02, 9.60483276e+02, 2.80679749e+02,
    9.60661255e+02, 2.49755630e+02, 9.60923706e+02, 2.18750931e+02,
    9.89807068e+02, 3.73786682e+02, 9.89995789e+02, 3.43305908e+02,
    9.90299683e+02, 3.12718964e+02, 9.90432861e+02, 2.82224274e+02,
    9.90578918e+02, 2.51512589e+02, 9.90750427e+02, 2.20690842e+02,
    1.01930988e+03, 3.74872559e+02, 1.01951508e+03, 3.44505798e+02,
    1.01975879e+03, 3.13963898e+02, 1.02010010e+03, 2.83591888e+02,
    1.02033832e+03, 2.53110870e+02, 1.02071222e+03, 2.22462524e+02,
    1.04868030e+03, 3.75809418e+02, 1.04903491e+03, 3.45468018e+02,
    1.04940833e+03, 3.15149139e+02, 1.04964880e+03, 2.84934998e+02,
    1.05005017e+03, 2.54454514e+02, 1.05023792e+03, 2.23877045e+02 ]
