%YAML:1.0
---
points: [ 2.35120377e+02, 1.45447510e+02, 2.34981537e+02, 1.34485794e+02,
    2.34927887e+02, 1.23532471e+02, 2.34830017e+02, 1.12553757e+02,
    2.34775528e+02, 1.01593124e+02, 2.34687958e+02, 9.05471268e+01,
    2.45797348e+02, 1.45889282e+02, 2.45708389e+02, 1.34963104e+02,
    2.45641342e+02, 1.24075630e+02, 2.45639648e+02, 1.13136635e+02,
    2.45570404e+02, 1.02173660e+02, 2.45530151e+02, 9.10994492e+01,
    2.56417816e+02, 1.46190292e+02, 2.56322571e+02, 1.35266342e+02,
    2.56294556e+02, 1.24324615e+02, 2.56239777e+02, 1.13476341e+02,
    2.56233826e+02, 1.02464401e+02, 2.56251099e+02, 9.15454559e+01,
    2.66984100e+02, 1.46277908e+02, 2.66898468e+02, 1.35553528e+02,
    2.66850708e+02, 1.24800430e+02, 2.66844757e+02, 1.14064651e+02,
    2.66816620e+02, 1.03114586e+02, 2.66786438e+02, 9.22220154e+01,
    2.77282623e+02, 1.46616791e+02, 2.77266296e+02, 1.35971405e+02,
    2.77249512e+02, 1.25202782e+02, 2.77216034e+02, 1.14395218e+02,
    2.77189758e+02, 1.03618256e+02, 2.77171204e+02, 9.28664474e+01,
    2.87568726e+02, 1.46931168e+02, 2.87494995e+02, 1.36231735e+02,
    2.87495148e+02, 1.25464790e+02, 2.87571564e+02, 1.14957130e+02,
    2.87548035e+02, 1.04105240e+02, 2.87538605e+02, 9.33072052e+01,
    2.97715790e+02, 1.47172150e+02, 2.97713318e+02, 1.36451767e+02,
    2.97736633e+02, 1.25911812e+02, 2.97771332e+02, 1.15227615e+02,
    2.97803070e+02, 1.04515236e+02, 2.97821503e+02, 9.38347549e+01,
    3.07930573e+02, 1.47283646e+02, 3.08035400e+02, 1.36771072e+02,
    3.08057098e+02, 1.26173203e+02, 3.08062866e+02, 1.15431297e+02,
    3.08095184e+02, 1.04949127e+02, 3.08048035e+02, 9.42198257e+01 ]
