%YAML:1.0
---
points: [ 2.68653168e+02, 1.46888000e+02, 2.68510468e+02, 1.36265869e+02,
    2.68418945e+02, 1.25607224e+02, 2.68361298e+02, 1.15128830e+02,
    2.68234894e+02, 1.04433937e+02, 2.68114105e+02, 9.40347519e+01,
    2.79297333e+02, 1.46953583e+02, 2.79175690e+02, 1.36307449e+02,
    2.79053802e+02, 1.25703735e+02, 2.78929230e+02, 1.15235306e+02,
    2.78821411e+02, 1.04636612e+02, 2.78695068e+02, 9.41629944e+01,
    2.89903168e+02, 1.47013184e+02, 2.89683655e+02, 1.36361816e+02,
    2.89535004e+02, 1.25871933e+02, 2.89480743e+02, 1.15278740e+02,
    2.89353027e+02, 1.04785027e+02, 2.89190460e+02, 9.41999588e+01,
    3.00366119e+02, 1.47111588e+02, 3.00275055e+02, 1.36478683e+02,
    3.00116394e+02, 1.26028107e+02, 2.99999420e+02, 1.15380554e+02,
    2.99845093e+02, 1.04983833e+02, 2.99716888e+02, 9.43849258e+01,
    3.10867218e+02, 1.47166992e+02, 3.10643555e+02, 1.36519943e+02,
    3.10522583e+02, 1.26124535e+02, 3.10316742e+02, 1.15519867e+02,
    3.10240356e+02, 1.05136971e+02, 3.10123901e+02, 9.47066727e+01,
    3.21292664e+02, 1.47151749e+02, 3.21146088e+02, 1.36615845e+02,
    3.21002319e+02, 1.26170555e+02, 3.20765137e+02, 1.15690933e+02,
    3.20570221e+02, 1.05230957e+02, 3.20479736e+02, 9.48529816e+01,
    3.31646240e+02, 1.47188828e+02, 3.31440186e+02, 1.36679749e+02,
    3.31363037e+02, 1.26213211e+02, 3.31237061e+02, 1.15784424e+02,
    3.31012604e+02, 1.05299835e+02, 3.30833466e+02, 9.48944473e+01,
    3.42260498e+02, 1.47189789e+02, 3.42058105e+02, 1.36681778e+02,
    3.41831879e+02, 1.26226746e+02, 3.41630737e+02, 1.15782616e+02,
    3.41437347e+02, 1.05296066e+02, 3.41299805e+02, 9.49155960e+01 ]
