%YAML:1.0
---
points: [ 9.34919312e+02, 3.72963104e+02, 9.34892761e+02, 3.42714355e+02,
    9.34934387e+02, 3.12401093e+02, 9.35099426e+02, 2.82276581e+02,
    9.35096313e+02, 2.51964600e+02, 9.35120972e+02, 2.22027328e+02,
    9.65527832e+02, 3.73489197e+02, 9.65516968e+02, 3.43253143e+02,
    9.65488281e+02, 3.12861053e+02, 9.65518677e+02, 2.82700348e+02,
    9.65508545e+02, 2.52614288e+02, 9.65539124e+02, 2.22617722e+02,
    9.96218750e+02, 3.74181671e+02, 9.96142822e+02, 3.43829468e+02,
    9.96071838e+02, 3.13596100e+02, 9.96044861e+02, 2.83452698e+02,
    9.95910278e+02, 2.53412582e+02, 9.95938843e+02, 2.23325989e+02,
    1.02650635e+03, 3.74670166e+02, 1.02637793e+03, 3.44487091e+02,
    1.02633533e+03, 3.14272888e+02, 1.02624475e+03, 2.84260956e+02,
    1.02621191e+03, 2.54344330e+02, 1.02603650e+03, 2.24253204e+02,
    1.05659656e+03, 3.75305573e+02, 1.05644568e+03, 3.45026611e+02,
    1.05632239e+03, 3.14931122e+02, 1.05620801e+03, 2.85191406e+02,
    1.05601477e+03, 2.55213150e+02, 1.05603381e+03, 2.25135025e+02,
    1.08660510e+03, 3.75708313e+02, 1.08641467e+03, 3.45564026e+02,
    1.08627991e+03, 3.15628876e+02, 1.08619727e+03, 2.85822723e+02,
    1.08595386e+03, 2.55895493e+02, 1.08575635e+03, 2.26069809e+02,
    1.11656873e+03, 3.76222931e+02, 1.11641284e+03, 3.46076233e+02,
    1.11624121e+03, 3.16154388e+02, 1.11609985e+03, 2.86372955e+02,
    1.11583447e+03, 2.56409821e+02, 1.11574390e+03, 2.26546188e+02,
    1.14656079e+03, 3.76553040e+02, 1.14636011e+03, 3.46370728e+02,
    1.14617200e+03, 3.16471924e+02, 1.14599255e+03, 2.86615051e+02,
    1.14586731e+03, 2.56631897e+02, 1.14552148e+03, 2.27158997e+02 ]
