%YAML:1.0
---
points: [ 9.93201965e+02, 3.81996674e+02, 9.93401917e+02, 3.51359863e+02,
    9.93768250e+02, 3.20666412e+02, 9.94158997e+02, 2.90275848e+02,
    9.94491821e+02, 2.59600830e+02, 9.94735229e+02, 2.28736298e+02,
    1.02365259e+03, 3.82475433e+02, 1.02401428e+03, 3.51717682e+02,
    1.02434412e+03, 3.21211670e+02, 1.02462537e+03, 2.90643066e+02,
    1.02501294e+03, 2.60058044e+02, 1.02531287e+03, 2.29263733e+02,
    1.05438220e+03, 3.82829163e+02, 1.05461328e+03, 3.52318146e+02,
    1.05486035e+03, 3.21696777e+02, 1.05527881e+03, 2.91143646e+02,
    1.05557336e+03, 2.60456207e+02, 1.05592957e+03, 2.29646088e+02,
    1.08489343e+03, 3.83356323e+02, 1.08523438e+03, 3.52819244e+02,
    1.08549219e+03, 3.22360352e+02, 1.08576318e+03, 2.91684235e+02,
    1.08617090e+03, 2.61127899e+02, 1.08641235e+03, 2.30326370e+02,
    1.11540198e+03, 3.83836273e+02, 1.11558423e+03, 3.53396515e+02,
    1.11591650e+03, 3.22789612e+02, 1.11635132e+03, 2.92336975e+02,
    1.11659241e+03, 2.61642273e+02, 1.11686536e+03, 2.30983994e+02,
    1.14560022e+03, 3.84375519e+02, 1.14585315e+03, 3.53791870e+02,
    1.14620227e+03, 3.23341919e+02, 1.14654907e+03, 2.92635834e+02,
    1.14684424e+03, 2.62235840e+02, 1.14723206e+03, 2.31625107e+02,
    1.17600476e+03, 3.84698120e+02, 1.17635291e+03, 3.54266174e+02,
    1.17656348e+03, 3.23616058e+02, 1.17696423e+03, 2.93080231e+02,
    1.17731604e+03, 2.62436310e+02, 1.17766650e+03, 2.31918228e+02,
    1.20658337e+03, 3.85054535e+02, 1.20699414e+03, 3.54516113e+02,
    1.20738342e+03, 3.23857666e+02, 1.20761169e+03, 2.93274750e+02,
    1.20815637e+03, 2.62534882e+02, 1.20832520e+03, 2.32207993e+02 ]
