%YAML:1.0
---
points: [ 2.88961151e+02, 1.49740463e+02, 2.88942017e+02, 1.39175797e+02,
    2.88963745e+02, 1.28282059e+02, 2.88956818e+02, 1.17686432e+02,
    2.89009644e+02, 1.06948334e+02, 2.88907532e+02, 9.61986389e+01,
    2.99492188e+02, 1.49825806e+02, 2.99539337e+02, 1.39153320e+02,
    2.99535278e+02, 1.28303421e+02, 2.99677277e+02, 1.17620102e+02,
    2.99688873e+02, 1.06980438e+02, 2.99742737e+02, 9.61997299e+01,
    3.10219360e+02, 1.49859787e+02, 3.10261475e+02, 1.39131424e+02,
    3.10266357e+02, 1.28314621e+02, 3.10268616e+02, 1.17674690e+02,
    3.10317413e+02, 1.06948250e+02, 3.10333069e+02, 9.61846695e+01,
    3.20880951e+02, 1.49896835e+02, 3.20928589e+02, 1.39191711e+02,
    3.20896637e+02, 1.28384644e+02, 3.21013000e+02, 1.17826195e+02,
    3.20933685e+02, 1.07129715e+02, 3.20994019e+02, 9.63038101e+01,
    3.31406097e+02, 1.49847610e+02, 3.31392059e+02, 1.39211517e+02,
    3.31411926e+02, 1.28482803e+02, 3.31445160e+02, 1.17841499e+02,
    3.31504547e+02, 1.07145935e+02, 3.31570007e+02, 9.64617386e+01,
    3.42205933e+02, 1.49852676e+02, 3.42125397e+02, 1.39254028e+02,
    3.42206116e+02, 1.28539078e+02, 3.42195465e+02, 1.17894699e+02,
    3.42154083e+02, 1.07219917e+02, 3.42140076e+02, 9.66300201e+01,
    3.52676239e+02, 1.49903259e+02, 3.52642303e+02, 1.39235046e+02,
    3.52719391e+02, 1.28561447e+02, 3.52768036e+02, 1.17899323e+02,
    3.52761017e+02, 1.07263039e+02, 3.52744843e+02, 9.66178894e+01,
    3.63376465e+02, 1.49902618e+02, 3.63401031e+02, 1.39198700e+02,
    3.63424530e+02, 1.28541077e+02, 3.63406281e+02, 1.17823997e+02,
    3.63505615e+02, 1.07102844e+02, 3.63514496e+02, 9.66261826e+01 ]
