%YAML:1.0
---
points: [ 4.06667816e+02, 9.26394882e+01, 4.06465454e+02, 1.03852554e+02,
    4.06136108e+02, 1.14970596e+02, 4.05883240e+02, 1.26411980e+02,
    4.05569397e+02, 1.37576767e+02, 4.05293243e+02, 1.48786041e+02,
    3.94976868e+02, 9.28120346e+01, 3.94820404e+02, 1.03975266e+02,
    3.94528351e+02, 1.15339806e+02, 3.94302856e+02, 1.26562927e+02,
    3.94016937e+02, 1.37683502e+02, 3.93726990e+02, 1.48769547e+02,
    3.83722992e+02, 9.29837265e+01, 3.83396790e+02, 1.04284225e+02,
    3.83120544e+02, 1.15518768e+02, 3.82825439e+02, 1.26650352e+02,
    3.82487671e+02, 1.37713333e+02, 3.82301178e+02, 1.48863235e+02,
    3.72288147e+02, 9.31659470e+01, 3.72041260e+02, 1.04337105e+02,
    3.71721161e+02, 1.15619652e+02, 3.71439606e+02, 1.26608086e+02,
    3.71217590e+02, 1.37797287e+02, 3.70960205e+02, 1.48815903e+02,
    3.60985840e+02, 9.33101273e+01, 3.60704681e+02, 1.04552429e+02,
    3.60427582e+02, 1.15657204e+02, 3.60167999e+02, 1.26710320e+02,
    3.59893951e+02, 1.37759491e+02, 3.59590942e+02, 1.48869156e+02,
    3.49758881e+02, 9.35180969e+01, 3.49475525e+02, 1.04587196e+02,
    3.49222595e+02, 1.15714241e+02, 3.48955719e+02, 1.26774017e+02,
    3.48630219e+02, 1.37874847e+02, 3.48354004e+02, 1.48899841e+02,
    3.38521179e+02, 9.37076645e+01, 3.38303192e+02, 1.04779434e+02,
    3.38018768e+02, 1.15856949e+02, 3.37714813e+02, 1.26877701e+02,
    3.37394043e+02, 1.37955032e+02, 3.37258942e+02, 1.48976074e+02,
    3.27362396e+02, 9.39404526e+01, 3.27200134e+02, 1.05022690e+02,
    3.26884735e+02, 1.16106277e+02, 3.26625793e+02, 1.27096642e+02,
    3.26374634e+02, 1.38103210e+02, 3.26194000e+02, 1.48953552e+02 ]
