%YAML:1.0
---
points: [ 1.33141992e+03, 2.22074371e+02, 1.33005273e+03, 2.54488937e+02,
    1.32861731e+03, 2.86916687e+02, 1.32730969e+03, 3.19246460e+02,
    1.32591260e+03, 3.51416321e+02, 1.32455835e+03, 3.83601898e+02,
    1.29773047e+03, 2.22587067e+02, 1.29646533e+03, 2.55017014e+02,
    1.29523376e+03, 2.87261078e+02, 1.29380347e+03, 3.19339111e+02,
    1.29255505e+03, 3.51392609e+02, 1.29138269e+03, 3.83399933e+02,
    1.26475366e+03, 2.23045563e+02, 1.26354858e+03, 2.55364044e+02,
    1.26237219e+03, 2.87397827e+02, 1.26103003e+03, 3.19326263e+02,
    1.25985352e+03, 3.51283447e+02, 1.25877979e+03, 3.82998688e+02,
    1.23238171e+03, 2.23292770e+02, 1.23112451e+03, 2.55394638e+02,
    1.22970776e+03, 2.87370911e+02, 1.22859338e+03, 3.19314850e+02,
    1.22756860e+03, 3.50987640e+02, 1.22648718e+03, 3.82686127e+02,
    1.19996594e+03, 2.23351379e+02, 1.19871521e+03, 2.55417892e+02,
    1.19753809e+03, 2.87338623e+02, 1.19644067e+03, 3.19065186e+02,
    1.19541821e+03, 3.50726501e+02, 1.19440222e+03, 3.82461273e+02,
    1.16778113e+03, 2.23395660e+02, 1.16659229e+03, 2.55379410e+02,
    1.16548547e+03, 2.87270477e+02, 1.16447827e+03, 3.18864349e+02,
    1.16350293e+03, 3.50549347e+02, 1.16237805e+03, 3.82161682e+02,
    1.13575403e+03, 2.23679947e+02, 1.13463928e+03, 2.55547806e+02,
    1.13362085e+03, 2.87278656e+02, 1.13262048e+03, 3.18726807e+02,
    1.13170422e+03, 3.50355011e+02, 1.13065576e+03, 3.81767639e+02,
    1.10412549e+03, 2.24151520e+02, 1.10310913e+03, 2.55732101e+02,
    1.10209460e+03, 2.87327423e+02, 1.10116833e+03, 3.18703796e+02,
    1.10018347e+03, 3.50107269e+02, 1.09928088e+03, 3.81532501e+02 ]
