%YAML:1.0
---
points: [ 1.09926086e+03, 3.78668030e+02, 1.10057959e+03, 3.47435516e+02,
    1.10192175e+03, 3.16064270e+02, 1.10336230e+03, 2.84648621e+02,
    1.10494800e+03, 2.53082214e+02, 1.10645935e+03, 2.21336838e+02,
    1.13057458e+03, 3.79639679e+02, 1.13209875e+03, 3.48224030e+02,
    1.13346375e+03, 3.16645508e+02, 1.13491272e+03, 2.85155731e+02,
    1.13661365e+03, 2.53391983e+02, 1.13812390e+03, 2.21406342e+02,
    1.16229993e+03, 3.80488983e+02, 1.16378406e+03, 3.48934814e+02,
    1.16518188e+03, 3.17319183e+02, 1.16672034e+03, 2.85621155e+02,
    1.16847229e+03, 2.53576401e+02, 1.17001172e+03, 2.21555466e+02,
    1.19411731e+03, 3.81357727e+02, 1.19564185e+03, 3.49567444e+02,
    1.19715991e+03, 3.17831238e+02, 1.19879663e+03, 2.86153656e+02,
    1.20055688e+03, 2.54083405e+02, 1.20209680e+03, 2.21909439e+02,
    1.22623901e+03, 3.82187042e+02, 1.22771875e+03, 3.50344666e+02,
    1.22932739e+03, 3.18529968e+02, 1.23108997e+03, 2.86673523e+02,
    1.23272473e+03, 2.54596008e+02, 1.23438013e+03, 2.22404434e+02,
    1.25846777e+03, 3.82836853e+02, 1.25996851e+03, 3.50973480e+02,
    1.26163696e+03, 3.19056793e+02, 1.26338672e+03, 2.87188263e+02,
    1.26507581e+03, 2.55029892e+02, 1.26676624e+03, 2.22645920e+02,
    1.29097168e+03, 3.83579651e+02, 1.29260315e+03, 3.51619324e+02,
    1.29454688e+03, 3.19525818e+02, 1.29627478e+03, 2.87446411e+02,
    1.29795740e+03, 2.55242157e+02, 1.29985071e+03, 2.22750885e+02,
    1.32392444e+03, 3.84486969e+02, 1.32585071e+03, 3.52345673e+02,
    1.32776001e+03, 3.19889648e+02, 1.32955408e+03, 2.87587433e+02,
    1.33163635e+03, 2.55292343e+02, 1.33328552e+03, 2.22732254e+02 ]
