%YAML:1.0
---
points: [ 3.26212219e+02, 1.48220688e+02, 3.26564026e+02, 1.37280930e+02,
    3.27122772e+02, 1.26311455e+02, 3.27474762e+02, 1.15290314e+02,
    3.27994019e+02, 1.04266098e+02, 3.28382629e+02, 9.31418228e+01,
    3.37249359e+02, 1.48369492e+02, 3.37637482e+02, 1.37350327e+02,
    3.38157898e+02, 1.26298622e+02, 3.38587524e+02, 1.15351433e+02,
    3.39142761e+02, 1.04266975e+02, 3.39564575e+02, 9.30222855e+01,
    3.48323639e+02, 1.48510681e+02, 3.48857147e+02, 1.37508392e+02,
    3.49307129e+02, 1.26417511e+02, 3.49816071e+02, 1.15384529e+02,
    3.50246979e+02, 1.04217911e+02, 3.50773163e+02, 9.30178452e+01,
    3.59574646e+02, 1.48672775e+02, 3.60161316e+02, 1.37606506e+02,
    3.60475494e+02, 1.26610382e+02, 3.61115601e+02, 1.15571465e+02,
    3.61515167e+02, 1.04397141e+02, 3.61962646e+02, 9.31251755e+01,
    3.70911530e+02, 1.48897430e+02, 3.71328705e+02, 1.37829483e+02,
    3.71829041e+02, 1.26660370e+02, 3.72314301e+02, 1.15643074e+02,
    3.72837250e+02, 1.04412628e+02, 3.73285187e+02, 9.32352066e+01,
    3.82241516e+02, 1.49053192e+02, 3.82667084e+02, 1.37934372e+02,
    3.83208771e+02, 1.26849335e+02, 3.83689026e+02, 1.15722641e+02,
    3.84175873e+02, 1.04630775e+02, 3.84670624e+02, 9.33813934e+01,
    3.93591644e+02, 1.49272141e+02, 3.94103943e+02, 1.38105026e+02,
    3.94593140e+02, 1.26818115e+02, 3.95139313e+02, 1.15765297e+02,
    3.95575439e+02, 1.04584724e+02, 3.95990936e+02, 9.34717560e+01,
    4.05122253e+02, 1.49581741e+02, 4.05671631e+02, 1.38282013e+02,
    4.06142487e+02, 1.27084053e+02, 4.06664124e+02, 1.15752975e+02,
    4.07181976e+02, 1.04702438e+02, 4.07589539e+02, 9.33239822e+01 ]
