%YAML:1.0
---
points: [ 1.75320480e+02, 1.12930977e+02, 1.76225372e+02, 9.72573853e+01,
    1.77213989e+02, 8.12990952e+01, 1.78135880e+02, 6.49052200e+01,
    1.79207199e+02, 4.83315315e+01, 1.80141983e+02, 3.14314804e+01,
    1.89921692e+02, 1.14894302e+02, 1.91043945e+02, 9.92213211e+01,
    1.92098175e+02, 8.31060944e+01, 1.93175766e+02, 6.66930313e+01,
    1.94286453e+02, 4.99514046e+01, 1.95675415e+02, 3.29860687e+01,
    2.04653870e+02, 1.16933228e+02, 2.05965912e+02, 1.01064995e+02,
    2.07175873e+02, 8.50541534e+01, 2.08375595e+02, 6.86258469e+01,
    2.09689804e+02, 5.17520676e+01, 2.11011826e+02, 3.46245651e+01,
    2.19494446e+02, 1.18902794e+02, 2.20852921e+02, 1.03131706e+02,
    2.22286148e+02, 8.69264908e+01, 2.23786484e+02, 7.05321198e+01,
    2.25262756e+02, 5.36092606e+01, 2.26846909e+02, 3.63915939e+01,
    2.34318954e+02, 1.20940948e+02, 2.35914276e+02, 1.05046745e+02,
    2.37504517e+02, 8.89323959e+01, 2.39134796e+02, 7.23182144e+01,
    2.40902725e+02, 5.53773651e+01, 2.42641251e+02, 3.80844994e+01,
    2.49260269e+02, 1.22921806e+02, 2.51024277e+02, 1.07047707e+02,
    2.52819885e+02, 9.08337708e+01, 2.54736542e+02, 7.42004776e+01,
    2.56580078e+02, 5.72215309e+01, 2.58638275e+02, 3.98321266e+01,
    2.64156891e+02, 1.24947243e+02, 2.66256195e+02, 1.09042336e+02,
    2.68285065e+02, 9.27463226e+01, 2.70259399e+02, 7.60876846e+01,
    2.72509399e+02, 5.89956665e+01, 2.74560669e+02, 4.15383263e+01,
    2.79545319e+02, 1.27043121e+02, 2.81638977e+02, 1.11183701e+02,
    2.83839966e+02, 9.45269318e+01, 2.86083221e+02, 7.79735184e+01,
    2.88250580e+02, 6.08177681e+01, 2.90852539e+02, 4.33161583e+01 ]
