%YAML:1.0
---
points: [ 6.37715515e+02, 2.75626770e+02, 6.39133179e+02, 2.30970276e+02,
    6.41397522e+02, 1.84774551e+02, 6.43060425e+02, 1.38020370e+02,
    6.45111328e+02, 8.99853592e+01, 6.47568359e+02, 4.05950661e+01,
    6.78677124e+02, 2.82069214e+02, 6.82024841e+02, 2.36798843e+02,
    6.83788330e+02, 1.90732422e+02, 6.86135742e+02, 1.44190567e+02,
    6.88911438e+02, 9.55889969e+01, 6.91529358e+02, 4.63172951e+01,
    7.21713806e+02, 2.87986328e+02, 7.24106934e+02, 2.43041641e+02,
    7.27219238e+02, 1.97080704e+02, 7.30212952e+02, 1.49969315e+02,
    7.32956909e+02, 1.01552933e+02, 7.36176270e+02, 5.17498512e+01,
    7.63488892e+02, 2.94638916e+02, 7.67443420e+02, 2.49268311e+02,
    7.70547974e+02, 2.03307693e+02, 7.74193481e+02, 1.55904327e+02,
    7.77593933e+02, 1.07533928e+02, 7.81609131e+02, 5.75186806e+01,
    8.06676147e+02, 3.00691345e+02, 8.09998108e+02, 2.55672668e+02,
    8.14909058e+02, 2.08958557e+02, 8.18226685e+02, 1.62170456e+02,
    8.22608887e+02, 1.13415268e+02, 8.26690674e+02, 6.34803047e+01,
    8.48928833e+02, 3.07192780e+02, 8.54042725e+02, 2.61543274e+02,
    8.57978577e+02, 2.15498734e+02, 8.62775024e+02, 1.68043442e+02,
    8.67390320e+02, 1.19456131e+02, 8.72310974e+02, 6.94999313e+01,
    8.93032288e+02, 3.12772034e+02, 8.96715820e+02, 2.67992096e+02,
    9.02191895e+02, 2.21524811e+02, 9.06980530e+02, 1.74079300e+02,
    9.12546509e+02, 1.25167488e+02, 9.17829529e+02, 7.48656464e+01,
    9.35116943e+02, 3.19981384e+02, 9.41269104e+02, 2.74083344e+02,
    9.46266113e+02, 2.27621521e+02, 9.52171875e+02, 1.79997543e+02,
    9.57964172e+02, 1.30969757e+02, 9.64243103e+02, 8.05702591e+01 ]
