%YAML:1.0
---
points: [ 1.48873254e+03, 2.19788834e+02, 1.48252478e+03, 2.62935577e+02,
    1.47645691e+03, 3.04581696e+02, 1.47058215e+03, 3.44845551e+02,
    1.46498181e+03, 3.83964752e+02, 1.45950732e+03, 4.22008270e+02,
    1.44254639e+03, 2.20225891e+02, 1.43712122e+03, 2.62748505e+02,
    1.43184973e+03, 3.03936890e+02, 1.42683533e+03, 3.43717773e+02,
    1.42185168e+03, 3.82376190e+02, 1.41710486e+03, 4.19891205e+02,
    1.39749438e+03, 2.20838593e+02, 1.39276099e+03, 2.62750092e+02,
    1.38839087e+03, 3.03510254e+02, 1.38410815e+03, 3.42885925e+02,
    1.37986877e+03, 3.81155518e+02, 1.37573450e+03, 4.18285583e+02,
    1.35372119e+03, 2.21679947e+02, 1.34972375e+03, 2.63197784e+02,
    1.34597900e+03, 3.03364594e+02, 1.34243579e+03, 3.42249207e+02,
    1.33879443e+03, 3.79943787e+02, 1.33546057e+03, 4.16694702e+02,
    1.31097974e+03, 2.22398438e+02, 1.30774658e+03, 2.63400848e+02,
    1.30462402e+03, 3.03166138e+02, 1.30164026e+03, 3.41386810e+02,
    1.29869824e+03, 3.78782898e+02, 1.29603772e+03, 4.15040497e+02,
    1.26929138e+03, 2.23235672e+02, 1.26654602e+03, 2.63662781e+02,
    1.26423511e+03, 3.02809296e+02, 1.26174243e+03, 3.40690735e+02,
    1.25965698e+03, 3.77632294e+02, 1.25753967e+03, 4.13508118e+02,
    1.22863086e+03, 2.23592087e+02, 1.22683447e+03, 2.63687866e+02,
    1.22479041e+03, 3.02465271e+02, 1.22302271e+03, 3.39783783e+02,
    1.22149194e+03, 3.76425964e+02, 1.21983472e+03, 4.11882202e+02,
    1.18928125e+03, 2.24161911e+02, 1.18791174e+03, 2.63697357e+02,
    1.18660974e+03, 3.02068268e+02, 1.18557776e+03, 3.38935333e+02,
    1.18444958e+03, 3.75059692e+02, 1.18342139e+03, 4.09982697e+02 ]
