%YAML:1.0
---
points: [ 4.66229736e+02, 9.27411880e+01, 4.64417023e+02, 1.07605545e+02,
    4.62506744e+02, 1.21664528e+02, 4.60521393e+02, 1.35654602e+02,
    4.58619324e+02, 1.48884811e+02, 4.56671967e+02, 1.62165222e+02,
    4.50759674e+02, 9.27550430e+01, 4.49093384e+02, 1.07138046e+02,
    4.47283752e+02, 1.21388466e+02, 4.45561371e+02, 1.34951675e+02,
    4.43783905e+02, 1.48531418e+02, 4.41995209e+02, 1.61488571e+02,
    4.35552277e+02, 9.26624146e+01, 4.33966827e+02, 1.07035172e+02,
    4.32353760e+02, 1.20993324e+02, 4.30786621e+02, 1.34703125e+02,
    4.29227661e+02, 1.47857971e+02, 4.27728699e+02, 1.60872421e+02,
    4.20396881e+02, 9.27572250e+01, 4.19050079e+02, 1.06996490e+02,
    4.17647797e+02, 1.20957008e+02, 4.16259766e+02, 1.34566055e+02,
    4.14814484e+02, 1.47691238e+02, 4.13461639e+02, 1.60507507e+02,
    4.05567139e+02, 9.28550720e+01, 4.04350616e+02, 1.07192398e+02,
    4.03128601e+02, 1.20880310e+02, 4.01890686e+02, 1.34416275e+02,
    4.00694672e+02, 1.47394806e+02, 3.99584534e+02, 1.60026886e+02,
    3.90917114e+02, 9.32444153e+01, 3.89807587e+02, 1.07290291e+02,
    3.88820221e+02, 1.20955948e+02, 3.87772583e+02, 1.34185623e+02,
    3.86777283e+02, 1.47127457e+02, 3.85771027e+02, 1.59611420e+02,
    3.76469269e+02, 9.35211563e+01, 3.75665466e+02, 1.07423584e+02,
    3.74803864e+02, 1.20897453e+02, 3.74050964e+02, 1.34007935e+02,
    3.73171661e+02, 1.46764252e+02, 3.72380463e+02, 1.59250885e+02,
    3.62459656e+02, 9.37776413e+01, 3.61736938e+02, 1.07534302e+02,
    3.61268311e+02, 1.20873451e+02, 3.60491547e+02, 1.33832748e+02,
    3.59865204e+02, 1.46433151e+02, 3.59206696e+02, 1.58715515e+02 ]
