%YAML:1.0
---
points: [ 2.89281368e+01, 3.07068298e+02, 3.66565704e+01, 2.97076935e+02,
    4.38555717e+01, 2.87886414e+02, 5.09272537e+01, 2.78886627e+02,
    5.73549690e+01, 2.70860413e+02, 6.37043877e+01, 2.62910004e+02,
    4.37512665e+01, 3.07854401e+02, 5.10627899e+01, 2.97964600e+02,
    5.80794144e+01, 2.88398804e+02, 6.45124893e+01, 2.79638702e+02,
    7.07926788e+01, 2.71269348e+02, 7.67198181e+01, 2.63576752e+02,
    5.87316780e+01, 3.08775543e+02, 6.56838150e+01, 2.98783447e+02,
    7.23472137e+01, 2.89172974e+02, 7.86455078e+01, 2.80114197e+02,
    8.44072418e+01, 2.71797333e+02, 8.99703979e+01, 2.63787537e+02,
    7.42612000e+01, 3.09719666e+02, 8.07385635e+01, 2.99480957e+02,
    8.69356537e+01, 2.89768524e+02, 9.27083054e+01, 2.80754608e+02,
    9.81053162e+01, 2.72347717e+02, 1.03324776e+02, 2.64501953e+02,
    8.97181931e+01, 3.10532227e+02, 9.58045273e+01, 3.00118896e+02,
    1.01546661e+02, 2.90349060e+02, 1.06929527e+02, 2.81270325e+02,
    1.11979263e+02, 2.72870361e+02, 1.16654587e+02, 2.64913025e+02,
    1.05473991e+02, 3.11075806e+02, 1.11122498e+02, 3.00630341e+02,
    1.16275917e+02, 2.90806274e+02, 1.21116180e+02, 2.81837311e+02,
    1.25738289e+02, 2.73337585e+02, 1.30082748e+02, 2.65398773e+02,
    1.21234589e+02, 3.11615295e+02, 1.26226486e+02, 3.01107697e+02,
    1.31003036e+02, 2.91273590e+02, 1.35372009e+02, 2.82184204e+02,
    1.39548645e+02, 2.73641846e+02, 1.43294968e+02, 2.65631622e+02,
    1.36966324e+02, 3.12035675e+02, 1.41587097e+02, 3.01339447e+02,
    1.45741730e+02, 2.91386810e+02, 1.49611282e+02, 2.82138153e+02,
    1.53276459e+02, 2.73484680e+02, 1.56815796e+02, 2.65553772e+02 ]
