%YAML:1.0
---
points: [ 1.98241364e+02, 8.33308533e+02, 2.26889557e+02, 8.03380371e+02,
    2.53416946e+02, 7.75592163e+02, 2.78096802e+02, 7.49614990e+02,
    3.01598846e+02, 7.25440979e+02, 3.23226654e+02, 7.02792114e+02,
    2.44470200e+02, 8.34961975e+02, 2.71465149e+02, 8.04964478e+02,
    2.96454895e+02, 7.77177002e+02, 3.19940460e+02, 7.50984985e+02,
    3.41527893e+02, 7.26988586e+02, 3.62282776e+02, 7.04150879e+02,
    2.90740082e+02, 8.36941650e+02, 3.15992126e+02, 8.07104553e+02,
    3.39619415e+02, 7.78968872e+02, 3.61497375e+02, 7.52650330e+02,
    3.81854248e+02, 7.28349426e+02, 4.01060760e+02, 7.05469482e+02,
    3.37303040e+02, 8.39197693e+02, 3.60915070e+02, 8.08948120e+02,
    3.82696747e+02, 7.80786743e+02, 4.03090881e+02, 7.54685486e+02,
    4.22316071e+02, 7.30320862e+02, 4.40162750e+02, 7.07418335e+02,
    3.83714081e+02, 8.41092285e+02, 4.05542053e+02, 8.10686951e+02,
    4.25795837e+02, 7.82456726e+02, 4.44734894e+02, 7.56309814e+02,
    4.62400848e+02, 7.31957458e+02, 4.79058533e+02, 7.08938599e+02,
    4.29693817e+02, 8.42773865e+02, 4.49911774e+02, 8.12401489e+02,
    4.68686035e+02, 7.84122375e+02, 4.86197266e+02, 7.57986511e+02,
    5.02426422e+02, 7.33582336e+02, 5.17622803e+02, 7.10717529e+02,
    4.75646149e+02, 8.44318237e+02, 4.94357819e+02, 8.13666748e+02,
    5.11361450e+02, 7.85669556e+02, 5.27354858e+02, 7.59434998e+02,
    5.42399231e+02, 7.34609314e+02, 5.56312866e+02, 7.11599060e+02,
    5.21628479e+02, 8.45404785e+02, 5.38580750e+02, 8.14630737e+02,
    5.54016541e+02, 7.86298401e+02, 5.68433289e+02, 7.59698792e+02,
    5.82222473e+02, 7.34636719e+02, 5.94700500e+02, 7.11728149e+02 ]
