%YAML:1.0
---
points: [ 2.29396118e+02, 2.57797882e+02, 2.29139969e+02, 2.65415100e+02,
    2.29123871e+02, 2.73748688e+02, 2.28969940e+02, 2.82658936e+02,
    2.28784760e+02, 2.92139587e+02, 2.28567413e+02, 3.02398132e+02,
    2.16351181e+02, 2.58378479e+02, 2.15975800e+02, 2.66121033e+02,
    2.15350433e+02, 2.74413422e+02, 2.14810516e+02, 2.83271057e+02,
    2.14086777e+02, 2.92732788e+02, 2.13472595e+02, 3.02993286e+02,
    2.03628632e+02, 2.58774658e+02, 2.02616623e+02, 2.66389587e+02,
    2.01694504e+02, 2.74767212e+02, 2.00568390e+02, 2.83539459e+02,
    1.99447586e+02, 2.93150940e+02, 1.98115921e+02, 3.03400116e+02,
    1.90498962e+02, 2.58859528e+02, 1.89248428e+02, 2.66603455e+02,
    1.87749512e+02, 2.75028748e+02, 1.86235565e+02, 2.83891541e+02,
    1.84577698e+02, 2.93413757e+02, 1.82804169e+02, 3.03823547e+02,
    1.77523178e+02, 2.58931519e+02, 1.75620804e+02, 2.66858368e+02,
    1.73778564e+02, 2.75260651e+02, 1.71699127e+02, 2.84143860e+02,
    1.69605682e+02, 2.93758453e+02, 1.67095856e+02, 3.04176880e+02,
    1.64162781e+02, 2.59006287e+02, 1.62019592e+02, 2.66897064e+02,
    1.59626694e+02, 2.75361420e+02, 1.57176682e+02, 2.84420929e+02,
    1.54443405e+02, 2.94117584e+02, 1.51596176e+02, 3.04344666e+02,
    1.50957855e+02, 2.59292328e+02, 1.48310760e+02, 2.67154053e+02,
    1.45549316e+02, 2.75502838e+02, 1.42511124e+02, 2.84625214e+02,
    1.39299683e+02, 2.94318848e+02, 1.35779358e+02, 3.04668945e+02,
    1.37601257e+02, 2.59434265e+02, 1.34625839e+02, 2.67404449e+02,
    1.31235687e+02, 2.75869202e+02, 1.27770241e+02, 2.84918030e+02,
    1.24118874e+02, 2.94613312e+02, 1.20143433e+02, 3.05095612e+02 ]
