%YAML:1.0
---
points: [ 8.06408325e+02, 6.91675354e+02, 8.03443604e+02, 7.13685486e+02,
    8.00647400e+02, 7.37643127e+02, 7.97307068e+02, 7.63185852e+02,
    7.93873962e+02, 7.90426514e+02, 7.90294189e+02, 8.19574402e+02,
    7.69328735e+02, 6.92902283e+02, 7.65240234e+02, 7.15402588e+02,
    7.60774902e+02, 7.39332458e+02, 7.56344360e+02, 7.64632751e+02,
    7.51404846e+02, 7.91643066e+02, 7.46074158e+02, 8.20918457e+02,
    7.32067871e+02, 6.93653198e+02, 7.26790344e+02, 7.16057617e+02,
    7.21281494e+02, 7.39759766e+02, 7.15231323e+02, 7.65208984e+02,
    7.08692444e+02, 7.92425964e+02, 7.01887512e+02, 8.21741455e+02,
    6.94482300e+02, 6.93596069e+02, 6.87894592e+02, 7.16148438e+02,
    6.81084778e+02, 7.40056335e+02, 6.73641663e+02, 7.65623047e+02,
    6.65663330e+02, 7.92894348e+02, 6.57296997e+02, 8.22612427e+02,
    6.56497314e+02, 6.93559143e+02, 6.48659241e+02, 7.16362427e+02,
    6.40519531e+02, 7.40322876e+02, 6.31725342e+02, 7.66047363e+02,
    6.22334534e+02, 7.93544006e+02, 6.12126221e+02, 8.23197021e+02,
    6.18245544e+02, 6.93332275e+02, 6.09403809e+02, 7.15884216e+02,
    5.99691772e+02, 7.40390442e+02, 5.89458374e+02, 7.66270691e+02,
    5.78490295e+02, 7.93939087e+02, 5.66647461e+02, 8.23624817e+02,
    5.79781250e+02, 6.93661011e+02, 5.69405884e+02, 7.16544617e+02,
    5.58516785e+02, 7.40663574e+02, 5.46838257e+02, 7.66585144e+02,
    5.34424622e+02, 7.94498474e+02, 5.20735840e+02, 8.24195190e+02,
    5.41292236e+02, 6.93921082e+02, 5.29591919e+02, 7.16918762e+02,
    5.17389771e+02, 7.41059875e+02, 5.04296692e+02, 7.67168762e+02,
    4.89963928e+02, 7.95204956e+02, 4.75016083e+02, 8.24968506e+02 ]
