%YAML:1.0
---
points: [ 6.74589294e+02, 8.29319641e+02, 6.83746399e+02, 7.95934509e+02,
    6.92347168e+02, 7.64718689e+02, 7.00455017e+02, 7.35394592e+02,
    7.07838684e+02, 7.07855591e+02, 7.14856079e+02, 6.81880859e+02,
    7.18935608e+02, 8.29415344e+02, 7.26737854e+02, 7.96229675e+02,
    7.33771484e+02, 7.65039856e+02, 7.40527344e+02, 7.35607239e+02,
    7.46772766e+02, 7.08335632e+02, 7.52703369e+02, 6.82321716e+02,
    7.63552979e+02, 8.29745911e+02, 7.69651245e+02, 7.96607849e+02,
    7.75401062e+02, 7.65553772e+02, 7.80687805e+02, 7.36231262e+02,
    7.85658569e+02, 7.08530334e+02, 7.90463013e+02, 6.82591248e+02,
    8.07657532e+02, 8.30389587e+02, 8.12332764e+02, 7.97192444e+02,
    8.16652954e+02, 7.66065002e+02, 8.20635132e+02, 7.36887512e+02,
    8.24376526e+02, 7.09417114e+02, 8.28030701e+02, 6.83549377e+02,
    8.51798767e+02, 8.30906250e+02, 8.54786194e+02, 7.97577576e+02,
    8.57857300e+02, 7.66489502e+02, 8.60468445e+02, 7.37471191e+02,
    8.63157593e+02, 7.10087646e+02, 8.65430542e+02, 6.84382874e+02,
    8.95636353e+02, 8.31405640e+02, 8.97267395e+02, 7.98031616e+02,
    8.98747253e+02, 7.66960083e+02, 9.00323303e+02, 7.38290161e+02,
    9.01529541e+02, 7.10834290e+02, 9.02689941e+02, 6.85230713e+02,
    9.39237427e+02, 8.31656067e+02, 9.39395264e+02, 7.98417236e+02,
    9.39552063e+02, 7.67420044e+02, 9.39704895e+02, 7.38513245e+02,
    9.39898865e+02, 7.11146484e+02, 9.40110046e+02, 6.85237976e+02,
    9.82830017e+02, 8.31782288e+02, 9.81596619e+02, 7.98363525e+02,
    9.80491638e+02, 7.67086365e+02, 9.79496765e+02, 7.38007690e+02,
    9.78473511e+02, 7.10345398e+02, 9.77439880e+02, 6.84749451e+02 ]
