%YAML:1.0
---
points: [ 1.88911438e+02, 3.06107513e+02, 1.91013596e+02, 2.94333282e+02,
    1.92910645e+02, 2.83521729e+02, 1.94709335e+02, 2.73340973e+02,
    1.96429367e+02, 2.63842621e+02, 1.97962692e+02, 2.54749039e+02,
    2.04238358e+02, 3.05988800e+02, 2.05829697e+02, 2.94344910e+02,
    2.07242920e+02, 2.83507568e+02, 2.08676926e+02, 2.73322845e+02,
    2.09862106e+02, 2.63865021e+02, 2.11063705e+02, 2.54770660e+02,
    2.19714142e+02, 3.05979553e+02, 2.20713577e+02, 2.94406616e+02,
    2.21664902e+02, 2.83511047e+02, 2.22586273e+02, 2.73343353e+02,
    2.23405655e+02, 2.63779144e+02, 2.24147095e+02, 2.54733688e+02,
    2.34963913e+02, 3.06078705e+02, 2.35499130e+02, 2.94463226e+02,
    2.35973099e+02, 2.83629913e+02, 2.36413589e+02, 2.73531769e+02,
    2.36734253e+02, 2.63971893e+02, 2.37159912e+02, 2.54981720e+02,
    2.50305161e+02, 3.06100830e+02, 2.50284058e+02, 2.94522888e+02,
    2.50230377e+02, 2.83674194e+02, 2.50195572e+02, 2.73567261e+02,
    2.50200760e+02, 2.63996887e+02, 2.50115997e+02, 2.55186600e+02,
    2.65428101e+02, 3.06158386e+02, 2.64945984e+02, 2.94633179e+02,
    2.64360565e+02, 2.83766541e+02, 2.63944092e+02, 2.73701355e+02,
    2.63418060e+02, 2.64226501e+02, 2.63132782e+02, 2.55275253e+02,
    2.80690979e+02, 3.06253143e+02, 2.79571503e+02, 2.94634674e+02,
    2.78599518e+02, 2.83836731e+02, 2.77628052e+02, 2.73691162e+02,
    2.76828217e+02, 2.64112091e+02, 2.75994537e+02, 2.55153488e+02,
    2.95766174e+02, 3.06145355e+02, 2.94223480e+02, 2.94455261e+02,
    2.92762604e+02, 2.83630585e+02, 2.91440674e+02, 2.73425446e+02,
    2.90053650e+02, 2.63799744e+02, 2.88942291e+02, 2.54925400e+02 ]
