%YAML:1.0
---
points: [ 3.19622894e+02, 2.52701309e+02, 3.22607605e+02, 2.60757935e+02,
    3.25997986e+02, 2.69459351e+02, 3.29445709e+02, 2.78656372e+02,
    3.33347137e+02, 2.88533966e+02, 3.37288422e+02, 2.99035736e+02,
    3.06974701e+02, 2.53521713e+02, 3.09806183e+02, 2.61739166e+02,
    3.12685791e+02, 2.70371246e+02, 3.15789490e+02, 2.79567444e+02,
    3.19143982e+02, 2.89426208e+02, 3.22755341e+02, 2.99903961e+02,
    2.94522217e+02, 2.54235779e+02, 2.96869598e+02, 2.62331207e+02,
    2.99425903e+02, 2.71016357e+02, 3.02106903e+02, 2.80136963e+02,
    3.05028137e+02, 2.90071136e+02, 3.08081482e+02, 3.00778961e+02,
    2.81937897e+02, 2.54606522e+02, 2.83963867e+02, 2.62798615e+02,
    2.86043427e+02, 2.71505249e+02, 2.88338562e+02, 2.80740387e+02,
    2.90758850e+02, 2.90885925e+02, 2.93430328e+02, 3.01554871e+02,
    2.69291962e+02, 2.55118973e+02, 2.70855347e+02, 2.63390015e+02,
    2.72620392e+02, 2.72092712e+02, 2.74428314e+02, 2.81463013e+02,
    2.76494568e+02, 2.91519196e+02, 2.78432007e+02, 3.02251587e+02,
    2.56616028e+02, 2.55520096e+02, 2.57812378e+02, 2.63842865e+02,
    2.59050018e+02, 2.72680634e+02, 2.60476288e+02, 2.82071869e+02,
    2.61902069e+02, 2.92164276e+02, 2.63545227e+02, 3.02884186e+02,
    2.43811707e+02, 2.56202057e+02, 2.44547241e+02, 2.64521179e+02,
    2.45489105e+02, 2.73291199e+02, 2.46363266e+02, 2.82775085e+02,
    2.47365372e+02, 2.92841644e+02, 2.48403809e+02, 3.03769104e+02,
    2.30889984e+02, 2.56901306e+02, 2.31413406e+02, 2.65169189e+02,
    2.31717194e+02, 2.74021240e+02, 2.32251038e+02, 2.83583862e+02,
    2.32693207e+02, 2.93694580e+02, 2.33323090e+02, 3.04681580e+02 ]
