%YAML:1.0
---
points: [ 1.06653088e+03, 6.78565857e+02, 1.07323022e+03, 7.01703979e+02,
    1.08030566e+03, 7.26639587e+02, 1.08756592e+03, 7.53168213e+02,
    1.09561877e+03, 7.81444031e+02, 1.10427637e+03, 8.11708313e+02,
    1.03048645e+03, 6.80840759e+02, 1.03614099e+03, 7.04288025e+02,
    1.04186877e+03, 7.29174927e+02, 1.04824829e+03, 7.55490540e+02,
    1.05470850e+03, 7.83703308e+02, 1.06201111e+03, 8.13738831e+02,
    9.94481140e+02, 6.82516602e+02, 9.98742371e+02, 7.06077271e+02,
    1.00345380e+03, 7.30735779e+02, 1.00853723e+03, 7.57169678e+02,
    1.01398163e+03, 7.85592224e+02, 1.01981854e+03, 8.16037598e+02,
    9.58116028e+02, 6.83656372e+02, 9.61380310e+02, 7.07361206e+02,
    9.65041138e+02, 7.32275452e+02, 9.68925720e+02, 7.58737244e+02,
    9.72829346e+02, 7.87386353e+02, 9.77199707e+02, 8.18090149e+02,
    9.21538025e+02, 6.84867432e+02, 9.23596497e+02, 7.08528503e+02,
    9.26116516e+02, 7.33688110e+02, 9.28535522e+02, 7.60488098e+02,
    9.31402893e+02, 7.89157532e+02, 9.34153870e+02, 8.19770447e+02,
    8.84580139e+02, 6.85771606e+02, 8.85675476e+02, 7.09484009e+02,
    8.86732178e+02, 7.34930542e+02, 8.88127258e+02, 7.61986877e+02,
    8.89516418e+02, 7.90923035e+02, 8.90846436e+02, 8.21675659e+02,
    8.47470154e+02, 6.87362183e+02, 8.47420959e+02, 7.11359314e+02,
    8.47416443e+02, 7.36503540e+02, 8.47313965e+02, 7.63740845e+02,
    8.47334534e+02, 7.92614014e+02, 8.47167297e+02, 8.23758423e+02,
    8.10145630e+02, 6.88777893e+02, 8.08739380e+02, 7.12935791e+02,
    8.07508301e+02, 7.38487549e+02, 8.06278320e+02, 7.65670349e+02,
    8.04741760e+02, 7.94793640e+02, 8.03082336e+02, 8.26242981e+02 ]
