%YAML:1.0
---
points: [ 9.48788452e+02, 8.30250183e+02, 9.48590393e+02, 7.95619934e+02,
    9.48468384e+02, 7.63324951e+02, 9.48311035e+02, 7.32925232e+02,
    9.48191406e+02, 7.04354492e+02, 9.47936646e+02, 6.77330444e+02,
    9.92263306e+02, 8.30420471e+02, 9.90698914e+02, 7.96103760e+02,
    9.89311951e+02, 7.63549561e+02, 9.87752502e+02, 7.33290955e+02,
    9.86449219e+02, 7.04661865e+02, 9.85305725e+02, 6.77653625e+02,
    1.03586829e+03, 8.30934021e+02, 1.03278430e+03, 7.96522583e+02,
    1.02983789e+03, 7.64283752e+02, 1.02739294e+03, 7.33758301e+02,
    1.02477881e+03, 7.04970642e+02, 1.02249896e+03, 6.77922119e+02,
    1.07930310e+03, 8.31684448e+02, 1.07473242e+03, 7.97152893e+02,
    1.07053113e+03, 7.64841675e+02, 1.06663293e+03, 7.34478760e+02,
    1.06327075e+03, 7.05918945e+02, 1.05963843e+03, 6.78873718e+02,
    1.12242786e+03, 8.32446289e+02, 1.11663611e+03, 7.97686829e+02,
    1.11130542e+03, 7.65474304e+02, 1.10620251e+03, 7.35111633e+02,
    1.10136023e+03, 7.06600769e+02, 1.09668127e+03, 6.79735291e+02,
    1.16542493e+03, 8.33003723e+02, 1.15841272e+03, 7.98272156e+02,
    1.15148828e+03, 7.65965332e+02, 1.14512610e+03, 7.35679626e+02,
    1.13935449e+03, 7.07320435e+02, 1.13363965e+03, 6.80417603e+02,
    1.20847400e+03, 8.33502014e+02, 1.19987451e+03, 7.98803528e+02,
    1.19173083e+03, 7.66525696e+02, 1.18448352e+03, 7.36229431e+02,
    1.17738977e+03, 7.07559692e+02, 1.17066272e+03, 6.80438171e+02,
    1.25174744e+03, 8.33692383e+02, 1.24184790e+03, 7.98837463e+02,
    1.23251624e+03, 7.66414673e+02, 1.22369434e+03, 7.35738708e+02,
    1.21567175e+03, 7.06991516e+02, 1.20803760e+03, 6.80143616e+02 ]
