%YAML:1.0
---
points: [ 2.83848938e+02, 3.05767639e+02, 2.82672302e+02, 2.93578339e+02,
    2.81589355e+02, 2.82192078e+02, 2.80550385e+02, 2.71668335e+02,
    2.79721802e+02, 2.61797455e+02, 2.78655365e+02, 2.52293350e+02,
    2.98931183e+02, 3.05695801e+02, 2.97298004e+02, 2.93639435e+02,
    2.95748871e+02, 2.82296722e+02, 2.94314972e+02, 2.71680908e+02,
    2.92891296e+02, 2.61848450e+02, 2.91714203e+02, 2.52314438e+02,
    3.14120636e+02, 3.05803528e+02, 3.11889191e+02, 2.93723236e+02,
    3.09911438e+02, 2.82377319e+02, 3.08045349e+02, 2.71746399e+02,
    3.06382599e+02, 2.61815186e+02, 3.04607513e+02, 2.52297165e+02,
    3.29110718e+02, 3.05944397e+02, 3.26507874e+02, 2.93850098e+02,
    3.24088928e+02, 2.82487518e+02, 3.21847717e+02, 2.71940338e+02,
    3.19589417e+02, 2.62017334e+02, 3.17622986e+02, 2.52481537e+02,
    3.44220917e+02, 3.06020020e+02, 3.41118652e+02, 2.93965881e+02,
    3.38122314e+02, 2.82530151e+02, 3.35517090e+02, 2.72125793e+02,
    3.32949738e+02, 2.62143402e+02, 3.30470215e+02, 2.52752792e+02,
    3.59205231e+02, 3.06115662e+02, 3.55708344e+02, 2.94147461e+02,
    3.52285492e+02, 2.82788818e+02, 3.49173218e+02, 2.72244446e+02,
    3.46197906e+02, 2.62277649e+02, 3.43432831e+02, 2.52886490e+02,
    3.74120178e+02, 3.06031738e+02, 3.70124207e+02, 2.94159912e+02,
    3.66440918e+02, 2.82901611e+02, 3.62845123e+02, 2.72271454e+02,
    3.59601471e+02, 2.62348328e+02, 3.56340149e+02, 2.52896332e+02,
    3.89175354e+02, 3.06022247e+02, 3.84649658e+02, 2.93919312e+02,
    3.80513885e+02, 2.82714630e+02, 3.76620178e+02, 2.72080505e+02,
    3.72877899e+02, 2.62052734e+02, 3.69485138e+02, 2.52581787e+02 ]
