%YAML:1.0
---
points: [ 3.40786072e+02, 3.04847534e+02, 3.39376953e+02, 2.91949005e+02,
    3.38096802e+02, 2.79748352e+02, 3.36896118e+02, 2.68305359e+02,
    3.35815552e+02, 2.57560913e+02, 3.34662415e+02, 2.47242828e+02,
    3.55858368e+02, 3.06174225e+02, 3.54083893e+02, 2.93128632e+02,
    3.52447174e+02, 2.80990814e+02, 3.50826141e+02, 2.69447937e+02,
    3.49252777e+02, 2.58561005e+02, 3.47878754e+02, 2.48196655e+02,
    3.71149750e+02, 3.07401550e+02, 3.68895081e+02, 2.94393066e+02,
    3.66815369e+02, 2.82222412e+02, 3.64849609e+02, 2.70678833e+02,
    3.63002899e+02, 2.59626953e+02, 3.61188019e+02, 2.49318741e+02,
    3.86435272e+02, 3.08714233e+02, 3.83741028e+02, 2.95764191e+02,
    3.81216309e+02, 2.83430939e+02, 3.78915588e+02, 2.71877869e+02,
    3.76572357e+02, 2.60891998e+02, 3.74538605e+02, 2.50394669e+02,
    4.01481781e+02, 3.10022980e+02, 3.98527740e+02, 2.97059326e+02,
    3.95700378e+02, 2.84684357e+02, 3.92847900e+02, 2.73062439e+02,
    3.90291168e+02, 2.61969635e+02, 3.87746368e+02, 2.51532242e+02,
    4.16707153e+02, 3.11308868e+02, 4.13218201e+02, 2.98148468e+02,
    4.09947235e+02, 2.85915924e+02, 4.06873108e+02, 2.74200958e+02,
    4.03937439e+02, 2.63167084e+02, 4.01158356e+02, 2.52636597e+02,
    4.31595947e+02, 3.12273193e+02, 4.27896729e+02, 2.99360504e+02,
    4.24328796e+02, 2.86878052e+02, 4.20870392e+02, 2.75276733e+02,
    4.17623291e+02, 2.64083740e+02, 4.14522766e+02, 2.53591263e+02,
    4.46610413e+02, 3.13263153e+02, 4.42502258e+02, 3.00084290e+02,
    4.38723816e+02, 2.87917297e+02, 4.34878784e+02, 2.75882751e+02,
    4.31482666e+02, 2.64803162e+02, 4.28073914e+02, 2.54231186e+02 ]
