%YAML:1.0
---
points: [ 1.11293091e+03, 8.28962097e+02, 1.11183008e+03, 7.91792114e+02,
    1.11097888e+03, 7.57022217e+02, 1.11013611e+03, 7.24108826e+02,
    1.10921973e+03, 6.92950256e+02, 1.10839307e+03, 6.63536011e+02,
    1.15634583e+03, 8.33160278e+02, 1.15398450e+03, 7.95821350e+02,
    1.15172986e+03, 7.60715027e+02, 1.14976013e+03, 7.27633789e+02,
    1.14785474e+03, 6.96390076e+02, 1.14604297e+03, 6.66561401e+02,
    1.19995508e+03, 8.37351440e+02, 1.19622644e+03, 7.99864868e+02,
    1.19272412e+03, 7.64651794e+02, 1.18973340e+03, 7.31282776e+02,
    1.18669617e+03, 6.99580444e+02, 1.18407983e+03, 6.69862549e+02,
    1.24356177e+03, 8.41734558e+02, 1.23852466e+03, 8.03992798e+02,
    1.23386609e+03, 7.68535767e+02, 1.22958704e+03, 7.35111145e+02,
    1.22559900e+03, 7.03475037e+02, 1.22175195e+03, 6.73365845e+02,
    1.28738623e+03, 8.46106018e+02, 1.28127332e+03, 8.08281921e+02,
    1.27540454e+03, 7.72430603e+02, 1.26989355e+03, 7.39046570e+02,
    1.26472351e+03, 7.07221741e+02, 1.25969592e+03, 6.76962097e+02,
    1.33154382e+03, 8.50460388e+02, 1.32392639e+03, 8.12494080e+02,
    1.31691833e+03, 7.76537354e+02, 1.31038477e+03, 7.42912903e+02,
    1.30393628e+03, 7.11006104e+02, 1.29794275e+03, 6.80639221e+02,
    1.37572510e+03, 8.54784180e+02, 1.36691064e+03, 8.16530884e+02,
    1.35869324e+03, 7.80523315e+02, 1.35079895e+03, 7.46404663e+02,
    1.34354382e+03, 7.14102234e+02, 1.33662927e+03, 6.83526306e+02,
    1.42058813e+03, 8.58807800e+02, 1.41061206e+03, 8.20054565e+02,
    1.40116443e+03, 7.83720093e+02, 1.39225085e+03, 7.49454346e+02,
    1.38387671e+03, 7.16844849e+02, 1.37574817e+03, 6.86313721e+02 ]
