%YAML:1.0
---
points: [ 6.22660950e+02, 8.04145996e+02, 6.21284729e+02, 8.50166443e+02,
    6.19695801e+02, 8.97119568e+02, 6.18411926e+02, 9.44651855e+02,
    6.17009583e+02, 9.93285217e+02, 6.15542725e+02, 1.04306421e+03,
    5.77609375e+02, 8.06336792e+02, 5.75805237e+02, 8.52440918e+02,
    5.74156372e+02, 8.99344604e+02, 5.72205627e+02, 9.47162903e+02,
    5.70224731e+02, 9.96140076e+02, 5.68417969e+02, 1.04570935e+03,
    5.32464355e+02, 8.08424072e+02, 5.30134216e+02, 8.54777649e+02,
    5.27817261e+02, 9.01997803e+02, 5.25495605e+02, 9.49798767e+02,
    5.23327637e+02, 9.98702332e+02, 5.20813354e+02, 1.04884045e+03,
    4.86294464e+02, 8.10727478e+02, 4.83752563e+02, 8.57183899e+02,
    4.81078247e+02, 9.04485718e+02, 4.78366180e+02, 9.52723755e+02,
    4.75631744e+02, 1.00178253e+03, 4.73032257e+02, 1.05180176e+03,
    4.39619507e+02, 8.12945129e+02, 4.36720764e+02, 8.59656738e+02,
    4.33635742e+02, 9.07328857e+02, 4.30682159e+02, 9.55456116e+02,
    4.27636261e+02, 1.00466174e+03, 4.24370605e+02, 1.05500464e+03,
    3.92625580e+02, 8.15010498e+02, 3.89371643e+02, 8.61911926e+02,
    3.85872833e+02, 9.09721313e+02, 3.82467682e+02, 9.58317017e+02,
    3.79232178e+02, 1.00762537e+03, 3.75562408e+02, 1.05816101e+03,
    3.45576050e+02, 8.17410278e+02, 3.41918579e+02, 8.64440735e+02,
    3.38061157e+02, 9.12339355e+02, 3.34138733e+02, 9.60788147e+02,
    3.30329865e+02, 1.01050970e+03, 3.26481293e+02, 1.06099902e+03,
    2.98473633e+02, 8.19393250e+02, 2.94409424e+02, 8.66524780e+02,
    2.90091400e+02, 9.14661682e+02, 2.85755402e+02, 9.63521912e+02,
    2.81406250e+02, 1.01321307e+03, 2.77075470e+02, 1.06407056e+03 ]
