%YAML:1.0
---
points: [ 1.70682892e+02, 2.97430939e+02, 1.70633240e+02, 3.13417572e+02,
    1.70567047e+02, 3.29637939e+02, 1.70693100e+02, 3.46083313e+02,
    1.70729797e+02, 3.62693146e+02, 1.70862869e+02, 3.79621185e+02,
    1.55161621e+02, 2.98267242e+02, 1.55072861e+02, 3.14303436e+02,
    1.54996857e+02, 3.30437805e+02, 1.54787689e+02, 3.46899170e+02,
    1.54803238e+02, 3.63612183e+02, 1.54735565e+02, 3.80553650e+02,
    1.39587448e+02, 2.99184235e+02, 1.39373901e+02, 3.15148773e+02,
    1.39150848e+02, 3.31406097e+02, 1.38908798e+02, 3.47864899e+02,
    1.38772354e+02, 3.64546356e+02, 1.38790359e+02, 3.81422150e+02,
    1.23891594e+02, 2.99951355e+02, 1.23419754e+02, 3.16092590e+02,
    1.23139252e+02, 3.32351715e+02, 1.22778145e+02, 3.48710999e+02,
    1.22678787e+02, 3.65545258e+02, 1.22529358e+02, 3.82257874e+02,
    1.07973007e+02, 3.00855774e+02, 1.07563011e+02, 3.16925201e+02,
    1.07097900e+02, 3.33244843e+02, 1.06793159e+02, 3.49626984e+02,
    1.06629555e+02, 3.66270813e+02, 1.06624359e+02, 3.82783875e+02,
    9.19433212e+01, 3.01622986e+02, 9.15660782e+01, 3.17741333e+02,
    9.10866776e+01, 3.33903687e+02, 9.07215805e+01, 3.50370117e+02,
    9.06120377e+01, 3.66829742e+02, 9.03299789e+01, 3.83609314e+02,
    7.63145294e+01, 3.02365997e+02, 7.57178955e+01, 3.18337372e+02,
    7.51822205e+01, 3.34645233e+02, 7.48348160e+01, 3.50982544e+02,
    7.46311111e+01, 3.67468903e+02, 7.48178482e+01, 3.83702332e+02,
    6.07208710e+01, 3.02862823e+02, 6.00932732e+01, 3.19029388e+02,
    5.96378326e+01, 3.35068756e+02, 5.91709747e+01, 3.51419586e+02,
    5.90587883e+01, 3.67661835e+02, 5.87985382e+01, 3.84079315e+02 ]
