%YAML:1.0
---
points: [ 2.15136185e+02, 2.99182800e+02, 2.15287094e+02, 3.15075958e+02,
    2.15327286e+02, 3.31031677e+02, 2.15481781e+02, 3.47195648e+02,
    2.15522217e+02, 3.63514832e+02, 2.15738251e+02, 3.79905426e+02,
    1.99864487e+02, 2.99692444e+02, 1.99781937e+02, 3.15537323e+02,
    1.99867462e+02, 3.31580383e+02, 1.99831696e+02, 3.47674744e+02,
    1.99855331e+02, 3.64093719e+02, 1.99880920e+02, 3.80516876e+02,
    1.84331268e+02, 3.00204041e+02, 1.84342468e+02, 3.16146179e+02,
    1.84312927e+02, 3.32156586e+02, 1.84274445e+02, 3.48312958e+02,
    1.84259445e+02, 3.64672150e+02, 1.84271103e+02, 3.81132782e+02,
    1.68933121e+02, 3.00827820e+02, 1.68765137e+02, 3.16703461e+02,
    1.68632584e+02, 3.32781708e+02, 1.68465759e+02, 3.49038269e+02,
    1.68415588e+02, 3.65414398e+02, 1.68340790e+02, 3.81766235e+02,
    1.53207611e+02, 3.01447113e+02, 1.53059525e+02, 3.17336578e+02,
    1.52711227e+02, 3.33418396e+02, 1.52652908e+02, 3.49580963e+02,
    1.52495392e+02, 3.66065857e+02, 1.52550308e+02, 3.82434204e+02,
    1.37360275e+02, 3.01979736e+02, 1.37073395e+02, 3.17948029e+02,
    1.36769699e+02, 3.34203461e+02, 1.36535400e+02, 3.50353394e+02,
    1.36510376e+02, 3.66639526e+02, 1.36307419e+02, 3.82976257e+02,
    1.21551544e+02, 3.02513672e+02, 1.21194489e+02, 3.18534912e+02,
    1.20792122e+02, 3.34675964e+02, 1.20603683e+02, 3.50868866e+02,
    1.20418678e+02, 3.67239624e+02, 1.20436562e+02, 3.83510742e+02,
    1.05755531e+02, 3.02988739e+02, 1.05312378e+02, 3.19064819e+02,
    1.04926178e+02, 3.35194336e+02, 1.04727509e+02, 3.51417999e+02,
    1.04568665e+02, 3.67632751e+02, 1.04376373e+02, 3.83857880e+02 ]
