%YAML:1.0
---
points: [ 7.51088989e+02, 8.10304260e+02, 7.50314392e+02, 8.55819397e+02,
    7.49564758e+02, 9.01901062e+02, 7.48830688e+02, 9.48543579e+02,
    7.48164490e+02, 9.95823853e+02, 7.47461060e+02, 1.04369702e+03,
    7.06876099e+02, 8.11340149e+02, 7.05971680e+02, 8.56786377e+02,
    7.04941956e+02, 9.03026428e+02, 7.03718262e+02, 9.49692627e+02,
    7.02634949e+02, 9.97179565e+02, 7.01634521e+02, 1.04536829e+03,
    6.62394287e+02, 8.12511719e+02, 6.61123108e+02, 8.58283813e+02,
    6.59820923e+02, 9.04437195e+02, 6.58462036e+02, 9.51279419e+02,
    6.57008484e+02, 9.98814331e+02, 6.55511108e+02, 1.04740637e+03,
    6.17280640e+02, 8.13726074e+02, 6.15633545e+02, 8.59755615e+02,
    6.13995544e+02, 9.06369568e+02, 6.12445129e+02, 9.53388916e+02,
    6.10794128e+02, 1.00103162e+03, 6.09053711e+02, 1.04956311e+03,
    5.71433411e+02, 8.15238037e+02, 5.69636902e+02, 8.61266052e+02,
    5.67671387e+02, 9.08094360e+02, 5.65845764e+02, 9.55143494e+02,
    5.64187805e+02, 1.00297461e+03, 5.61983276e+02, 1.05158301e+03,
    5.25307617e+02, 8.16627441e+02, 5.23238831e+02, 8.62901855e+02,
    5.21131653e+02, 9.09690796e+02, 5.19016724e+02, 9.57037720e+02,
    5.17010681e+02, 1.00501837e+03, 5.14615845e+02, 1.05387048e+03,
    4.79290649e+02, 8.17878052e+02, 4.76674591e+02, 8.64440552e+02,
    4.74406464e+02, 9.11463684e+02, 4.71711243e+02, 9.58928467e+02,
    4.69643829e+02, 1.00711407e+03, 4.66954926e+02, 1.05586792e+03,
    4.32893555e+02, 8.19051208e+02, 4.30023956e+02, 8.65734131e+02,
    4.27318512e+02, 9.13037537e+02, 4.24507599e+02, 9.60603149e+02,
    4.21913025e+02, 1.00896960e+03, 4.19072998e+02, 1.05829736e+03 ]
