%YAML:1.0
---
points: [ 2.43835968e+02, 3.05457489e+02, 2.44012497e+02, 3.21269196e+02,
    2.43882187e+02, 3.37336395e+02, 2.43892700e+02, 3.53702850e+02,
    2.43741577e+02, 3.70095154e+02, 2.43982361e+02, 3.86716675e+02,
    2.28846786e+02, 3.05499359e+02, 2.28635406e+02, 3.21432800e+02,
    2.28527084e+02, 3.37569153e+02, 2.28410751e+02, 3.53864563e+02,
    2.28377350e+02, 3.70315552e+02, 2.28041687e+02, 3.86984802e+02,
    2.13461990e+02, 3.05702209e+02, 2.13327240e+02, 3.21597351e+02,
    2.13094574e+02, 3.37837952e+02, 2.12853317e+02, 3.54190063e+02,
    2.12571701e+02, 3.70592346e+02, 2.12579163e+02, 3.87321716e+02,
    1.98353729e+02, 3.05978119e+02, 1.97922729e+02, 3.21983917e+02,
    1.97530121e+02, 3.38220428e+02, 1.97222961e+02, 3.54456726e+02,
    1.96910446e+02, 3.71043365e+02, 1.96539856e+02, 3.87579529e+02,
    1.82921417e+02, 3.06149506e+02, 1.82381226e+02, 3.22223083e+02,
    1.81892334e+02, 3.38394226e+02, 1.81535553e+02, 3.54773315e+02,
    1.80979202e+02, 3.71328888e+02, 1.80801682e+02, 3.87996246e+02,
    1.67252350e+02, 3.06414215e+02, 1.66692307e+02, 3.22494202e+02,
    1.66180695e+02, 3.38656006e+02, 1.65647202e+02, 3.55093506e+02,
    1.65226700e+02, 3.71605408e+02, 1.64614349e+02, 3.88284088e+02,
    1.51691162e+02, 3.06725555e+02, 1.51056564e+02, 3.22696747e+02,
    1.50335892e+02, 3.39054626e+02, 1.49742142e+02, 3.55371033e+02,
    1.49098068e+02, 3.71872742e+02, 1.48772644e+02, 3.88512939e+02,
    1.36078705e+02, 3.06917786e+02, 1.35248749e+02, 3.22995697e+02,
    1.34546387e+02, 3.39221100e+02, 1.33786041e+02, 3.55572327e+02,
    1.33307983e+02, 3.72026550e+02, 1.32582901e+02, 3.88732574e+02 ]
