%YAML:1.0
---
points: [ 8.34234131e+02, 8.28626831e+02, 8.33123047e+02, 8.74517700e+02,
    8.31934021e+02, 9.20741211e+02, 8.30775269e+02, 9.67648132e+02,
    8.29520996e+02, 1.01563092e+03, 8.28399658e+02, 1.06438477e+03,
    7.90504700e+02, 8.28667786e+02, 7.89092346e+02, 8.74550293e+02,
    7.87424561e+02, 9.20839111e+02, 7.85979614e+02, 9.67973938e+02,
    7.84399536e+02, 1.01615430e+03, 7.82647156e+02, 1.06499097e+03,
    7.46580688e+02, 8.28817627e+02, 7.44680603e+02, 8.74776245e+02,
    7.42891785e+02, 9.21409668e+02, 7.40838135e+02, 9.68583862e+02,
    7.38948914e+02, 1.01672131e+03, 7.37162048e+02, 1.06570349e+03,
    7.02282104e+02, 8.29239014e+02, 7.00237976e+02, 8.75282471e+02,
    6.97792908e+02, 9.22004272e+02, 6.95616455e+02, 9.69409241e+02,
    6.93339355e+02, 1.01753833e+03, 6.90983826e+02, 1.06659229e+03,
    6.57555176e+02, 8.29569214e+02, 6.54950562e+02, 8.75739502e+02,
    6.52439819e+02, 9.22650757e+02, 6.49784302e+02, 9.70098328e+02,
    6.47327942e+02, 1.01835492e+03, 6.44434265e+02, 1.06762939e+03,
    6.12363831e+02, 8.29945740e+02, 6.09435608e+02, 8.76344055e+02,
    6.06564697e+02, 9.23339417e+02, 6.03486755e+02, 9.70912354e+02,
    6.00709717e+02, 1.01934064e+03, 5.97417297e+02, 1.06881470e+03,
    5.67034607e+02, 8.30363525e+02, 5.63888184e+02, 8.76699341e+02,
    5.60455994e+02, 9.23953430e+02, 5.57120850e+02, 9.71625977e+02,
    5.53728760e+02, 1.02031476e+03, 5.50038452e+02, 1.06997778e+03,
    5.21659180e+02, 8.30669128e+02, 5.18019043e+02, 8.77265076e+02,
    5.14157776e+02, 9.24567566e+02, 5.10581085e+02, 9.72432739e+02,
    5.06724487e+02, 1.02137390e+03, 5.02751068e+02, 1.07090808e+03 ]
