%YAML:1.0
---
points: [ 9.86237610e+02, 8.11244995e+02, 9.87270508e+02, 8.56239624e+02,
    9.88427246e+02, 9.02213440e+02, 9.89618896e+02, 9.48920715e+02,
    9.90652954e+02, 9.96590332e+02, 9.91831726e+02, 1.04538049e+03,
    9.43160950e+02, 8.11930359e+02, 9.43810303e+02, 8.57126160e+02,
    9.44474243e+02, 9.03187378e+02, 9.45235535e+02, 9.49986511e+02,
    9.45934814e+02, 9.97843811e+02, 9.46819458e+02, 1.04672925e+03,
    9.00071716e+02, 8.12993591e+02, 9.00399475e+02, 8.58338379e+02,
    9.00666321e+02, 9.04405640e+02, 9.01077515e+02, 9.51272278e+02,
    9.01425415e+02, 9.99364441e+02, 9.01646606e+02, 1.04852783e+03,
    8.56577271e+02, 8.13900269e+02, 8.56564697e+02, 8.59567078e+02,
    8.56459595e+02, 9.05855225e+02, 8.56392090e+02, 9.52910278e+02,
    8.56346252e+02, 1.00111353e+03, 8.56281677e+02, 1.05034326e+03,
    8.12941406e+02, 8.15165771e+02, 8.12504272e+02, 8.60767700e+02,
    8.11980286e+02, 9.07370178e+02, 8.11516113e+02, 9.54520508e+02,
    8.11148865e+02, 1.00268970e+03, 8.10551453e+02, 1.05213525e+03,
    7.69122620e+02, 8.16424255e+02, 7.68155884e+02, 8.62047546e+02,
    7.67246033e+02, 9.08738037e+02, 7.66226135e+02, 9.56149902e+02,
    7.65420044e+02, 1.00452692e+03, 7.64450684e+02, 1.05411816e+03,
    7.24742371e+02, 8.17588745e+02, 7.23477600e+02, 8.63495544e+02,
    7.22198853e+02, 9.10314148e+02, 7.20793823e+02, 9.57809814e+02,
    7.19343140e+02, 1.00644507e+03, 7.17849548e+02, 1.05601257e+03,
    6.80492188e+02, 8.18736084e+02, 6.78652344e+02, 8.64887207e+02,
    6.76750610e+02, 9.11858826e+02, 6.75115479e+02, 9.59524109e+02,
    6.73279297e+02, 1.00826703e+03, 6.71225647e+02, 1.05825513e+03 ]
