%YAML:1.0
---
points: [ 2.96408508e+02, 2.98817444e+02, 2.97253052e+02, 3.14580688e+02,
    2.98047394e+02, 3.30596985e+02, 2.98877930e+02, 3.46734833e+02,
    2.99650635e+02, 3.63222260e+02, 3.00477875e+02, 3.79932800e+02,
    2.81405273e+02, 2.99280640e+02, 2.82071686e+02, 3.14974487e+02,
    2.82764038e+02, 3.31130310e+02, 2.83533539e+02, 3.47298462e+02,
    2.84220245e+02, 3.63760651e+02, 2.84776093e+02, 3.80498535e+02,
    2.66529877e+02, 2.99832367e+02, 2.67048248e+02, 3.15504059e+02,
    2.67651276e+02, 3.31557983e+02, 2.68235291e+02, 3.47784363e+02,
    2.68709961e+02, 3.64394409e+02, 2.69379028e+02, 3.81225830e+02,
    2.51511169e+02, 3.00225250e+02, 2.51877365e+02, 3.15978973e+02,
    2.52420334e+02, 3.32161499e+02, 2.52735077e+02, 3.48427612e+02,
    2.53141220e+02, 3.65169952e+02, 2.53601898e+02, 3.81861816e+02,
    2.36269821e+02, 3.00653107e+02, 2.36748886e+02, 3.16772736e+02,
    2.36881973e+02, 3.32802917e+02, 2.37313202e+02, 3.49094360e+02,
    2.37631516e+02, 3.65797424e+02, 2.37944016e+02, 3.82591888e+02,
    2.21626175e+02, 3.02250916e+02, 2.21214798e+02, 3.17221466e+02,
    2.21553131e+02, 3.33426453e+02, 2.21628891e+02, 3.49738586e+02,
    2.21789413e+02, 3.66494690e+02, 2.21868942e+02, 3.83343994e+02,
    2.06058365e+02, 3.01875336e+02, 2.06114456e+02, 3.17799561e+02,
    2.05880859e+02, 3.34002380e+02, 2.05969437e+02, 3.50381470e+02,
    2.05937103e+02, 3.67203674e+02, 2.06128036e+02, 3.84046234e+02,
    1.90635773e+02, 3.02350250e+02, 1.90464371e+02, 3.18489410e+02,
    1.90387543e+02, 3.34641266e+02, 1.90266800e+02, 3.51159119e+02,
    1.90153976e+02, 3.67766754e+02, 1.89878479e+02, 3.84792511e+02 ]
