%YAML:1.0
---
points: [ 3.33562531e+02, 3.00153717e+02, 3.34613953e+02, 3.15832001e+02,
    3.35520386e+02, 3.31742035e+02, 3.36500336e+02, 3.47892578e+02,
    3.37445465e+02, 3.64218414e+02, 3.38424011e+02, 3.80763702e+02,
    3.18621338e+02, 3.00433685e+02, 3.19555176e+02, 3.16073639e+02,
    3.20388824e+02, 3.32051300e+02, 3.21207916e+02, 3.48118683e+02,
    3.22156708e+02, 3.64658417e+02, 3.22858612e+02, 3.81259735e+02,
    3.03854645e+02, 3.00701019e+02, 3.04543304e+02, 3.16296967e+02,
    3.05296051e+02, 3.32311157e+02, 3.06120850e+02, 3.48465912e+02,
    3.06820160e+02, 3.65090057e+02, 3.07738892e+02, 3.81819092e+02,
    2.89071472e+02, 3.00876709e+02, 2.89591614e+02, 3.16645050e+02,
    2.90208496e+02, 3.32693848e+02, 2.90802887e+02, 3.48947937e+02,
    2.91442291e+02, 3.65610443e+02, 2.91928986e+02, 3.82362305e+02,
    2.74084167e+02, 3.01069733e+02, 2.74516388e+02, 3.17058075e+02,
    2.74910126e+02, 3.32917725e+02, 2.75508820e+02, 3.49386993e+02,
    2.75963684e+02, 3.66120270e+02, 2.76594574e+02, 3.82951447e+02,
    2.59132111e+02, 3.01482635e+02, 2.59450745e+02, 3.17175140e+02,
    2.59829437e+02, 3.33344025e+02, 2.59959595e+02, 3.49778534e+02,
    2.60370941e+02, 3.66581879e+02, 2.60641663e+02, 3.83414734e+02,
    2.43590347e+02, 3.01329468e+02, 2.44131561e+02, 3.17446259e+02,
    2.44251694e+02, 3.33822968e+02, 2.44536057e+02, 3.50282227e+02,
    2.44687561e+02, 3.67065491e+02, 2.44884293e+02, 3.83975739e+02, 230.,
    312., 2.28696426e+02, 3.18012390e+02, 2.28994125e+02, 3.34211456e+02,
    2.28837296e+02, 3.50693420e+02, 2.28941086e+02, 3.67497986e+02,
    2.28809616e+02, 3.84441132e+02 ]
