%YAML:1.0
---
points: [ 1.09331750e+03, 8.15373291e+02, 1.09495715e+03, 8.60536682e+02,
    1.09657996e+03, 9.06515076e+02, 1.09823560e+03, 9.53115356e+02,
    1.10005920e+03, 1.00081311e+03, 1.10174841e+03, 1.04952026e+03,
    1.05036243e+03, 8.15698547e+02, 1.05169946e+03, 8.60743835e+02,
    1.05305408e+03, 9.06884644e+02, 1.05431970e+03, 9.53531250e+02,
    1.05556543e+03, 1.00148114e+03, 1.05715686e+03, 1.05041821e+03,
    1.00762885e+03, 8.16279663e+02, 1.00848871e+03, 8.61337952e+02,
    1.00948370e+03, 9.07363647e+02, 1.01051465e+03, 9.54265747e+02,
    1.01147308e+03, 1.00231134e+03, 1.01238544e+03, 1.05132678e+03,
    9.64906616e+02, 8.16638550e+02, 9.65423279e+02, 8.61708252e+02,
    9.65824829e+02, 9.08082947e+02, 9.66340637e+02, 9.55057434e+02,
    9.66839111e+02, 1.00311896e+03, 9.67482910e+02, 1.05252380e+03,
    9.21875793e+02, 8.17167725e+02, 9.21947937e+02, 8.62423218e+02,
    9.22008240e+02, 9.08745117e+02, 9.22110046e+02, 9.55820923e+02,
    9.22158142e+02, 1.00422803e+03, 9.22256653e+02, 1.05373267e+03,
    8.78510681e+02, 8.17614075e+02, 8.78123657e+02, 8.63238831e+02,
    8.77661011e+02, 9.09573547e+02, 8.77306580e+02, 9.56788879e+02,
    8.76816956e+02, 1.00531293e+03, 8.76471252e+02, 1.05480042e+03,
    8.34826416e+02, 8.18129333e+02, 8.34019958e+02, 8.63777161e+02,
    8.33219971e+02, 9.10408325e+02, 8.32414429e+02, 9.57832275e+02,
    8.31548401e+02, 1.00648633e+03, 8.30539307e+02, 1.05603223e+03,
    7.91219421e+02, 8.18652161e+02, 7.89896423e+02, 8.64563599e+02,
    7.88555969e+02, 9.11315918e+02, 7.87196716e+02, 9.58927063e+02,
    7.85830811e+02, 1.00758862e+03, 7.84527527e+02, 1.05749243e+03 ]
