%YAML:1.0
---
points: [ 3.42810425e+02, 2.33027130e+02, 3.45384796e+02, 2.44164612e+02,
    3.48068298e+02, 2.55770798e+02, 3.50889160e+02, 2.68000305e+02,
    3.53832825e+02, 2.80801056e+02, 3.57016724e+02, 2.94205902e+02,
    3.29684845e+02, 2.33471069e+02, 3.32045288e+02, 2.44616760e+02,
    3.34439178e+02, 2.56224365e+02, 3.36939728e+02, 2.68374298e+02,
    3.39645233e+02, 2.81244995e+02, 3.42501465e+02, 2.94657043e+02,
    3.16868195e+02, 2.33890427e+02, 3.18794281e+02, 2.44887573e+02,
    3.20871063e+02, 2.56505554e+02, 3.23116211e+02, 2.68667664e+02,
    3.25504456e+02, 2.81525513e+02, 3.27921295e+02, 2.95048859e+02,
    3.03793091e+02, 2.33989838e+02, 3.05578766e+02, 2.45177994e+02,
    3.07343262e+02, 2.56738159e+02, 3.09251801e+02, 2.68960785e+02,
    3.11249298e+02, 2.81793335e+02, 3.13379578e+02, 2.95365082e+02,
    2.90841095e+02, 2.34142059e+02, 2.92241608e+02, 2.45281448e+02,
    2.93755554e+02, 2.56968414e+02, 2.95309418e+02, 2.69189362e+02,
    2.96986969e+02, 2.82095734e+02, 2.98706024e+02, 2.95716339e+02,
    2.77767151e+02, 2.34252441e+02, 2.78891724e+02, 2.45324112e+02,
    2.80104553e+02, 2.57176727e+02, 2.81307678e+02, 2.69448914e+02,
    2.82630280e+02, 2.82351349e+02, 2.84018463e+02, 2.95917908e+02,
    2.64721008e+02, 2.34485855e+02, 2.65513306e+02, 2.45719559e+02,
    2.66347351e+02, 2.57413635e+02, 2.67227844e+02, 2.69750580e+02,
    2.68191101e+02, 2.82704254e+02, 2.69200287e+02, 2.96364441e+02,
    2.51498856e+02, 2.34784134e+02, 2.52117355e+02, 2.46077621e+02,
    2.52588760e+02, 2.57829895e+02, 2.53187393e+02, 2.70091827e+02,
    2.53752625e+02, 2.83052643e+02, 2.54429260e+02, 2.96817963e+02 ]
