%YAML:1.0
---
points: [ 1.13227783e+03, 6.22939453e+02, 1.13755957e+03, 6.54768250e+02,
    1.14314050e+03, 6.88419495e+02, 1.14890393e+03, 7.23412903e+02,
    1.15514111e+03, 7.60295776e+02, 1.16162476e+03, 7.98774048e+02,
    1.09475208e+03, 6.23930786e+02, 1.09933484e+03, 6.55938416e+02,
    1.10403833e+03, 6.89560913e+02, 1.10894128e+03, 7.24367737e+02,
    1.11435815e+03, 7.61104736e+02, 1.11987097e+03, 7.99668884e+02,
    1.05756946e+03, 6.24611511e+02, 1.06121545e+03, 6.56593445e+02,
    1.06525330e+03, 6.90207153e+02, 1.06930261e+03, 7.24827759e+02,
    1.07366626e+03, 7.61667542e+02, 1.07817358e+03, 8.00533875e+02,
    1.02026575e+03, 6.24793518e+02, 1.02297449e+03, 6.56822693e+02,
    1.02625293e+03, 6.90473633e+02, 1.02927661e+03, 7.25393555e+02,
    1.03266016e+03, 7.62338074e+02, 1.03636975e+03, 8.01371338e+02,
    9.82546082e+02, 6.24870117e+02, 9.84731628e+02, 6.57115417e+02,
    9.86817871e+02, 6.90821899e+02, 9.89212036e+02, 7.25806335e+02,
    9.91468018e+02, 7.62832397e+02, 9.94083496e+02, 8.01848206e+02,
    9.44879761e+02, 6.24903381e+02, 9.46115967e+02, 6.57144836e+02,
    9.47473328e+02, 6.91121033e+02, 9.48700684e+02, 7.26394836e+02,
    9.49906677e+02, 7.63434875e+02, 9.51534546e+02, 8.02459717e+02,
    9.06910339e+02, 6.25458435e+02, 9.07287109e+02, 6.57788574e+02,
    9.07557251e+02, 6.91596375e+02, 9.07946350e+02, 7.26978821e+02,
    9.08384583e+02, 7.64188599e+02, 9.08702454e+02, 8.03198975e+02,
    8.68948975e+02, 6.25939392e+02, 8.68479553e+02, 6.58424072e+02,
    8.67879395e+02, 6.92197021e+02, 8.67190125e+02, 7.27655884e+02,
    8.66483704e+02, 7.64895386e+02, 8.65923096e+02, 8.04179260e+02 ]
