%YAML:1.0
---
points: [ 1.16243372e+03, 8.42358704e+02, 1.16058179e+03, 7.97833862e+02,
    1.15905078e+03, 7.54810059e+02, 1.15755725e+03, 7.12866882e+02,
    1.15602600e+03, 6.71758789e+02, 1.15466443e+03, 6.31763123e+02,
    1.20485388e+03, 8.43611633e+02, 1.20250293e+03, 7.99247009e+02,
    1.20047437e+03, 7.56039368e+02, 1.19837012e+03, 7.14127258e+02,
    1.19648376e+03, 6.73206543e+02, 1.19470801e+03, 6.33153809e+02,
    1.24737854e+03, 8.44816589e+02, 1.24440747e+03, 8.00731445e+02,
    1.24173230e+03, 7.57502991e+02, 1.23926709e+03, 7.15565247e+02,
    1.23691479e+03, 6.74618591e+02, 1.23458582e+03, 6.34566895e+02,
    1.28950171e+03, 8.46230774e+02, 1.28610376e+03, 8.02064514e+02,
    1.28292200e+03, 7.59010620e+02, 1.27999585e+03, 7.17172485e+02,
    1.27699097e+03, 6.76153259e+02, 1.27429736e+03, 6.36100891e+02,
    1.33167261e+03, 8.47623962e+02, 1.32774585e+03, 8.03375854e+02,
    1.32405078e+03, 7.60481689e+02, 1.32060632e+03, 7.18593506e+02,
    1.31717371e+03, 6.77597351e+02, 1.31375940e+03, 6.37829346e+02,
    1.37360413e+03, 8.48846191e+02, 1.36927112e+03, 8.04640808e+02,
    1.36505566e+03, 7.61876648e+02, 1.36092383e+03, 7.19989258e+02,
    1.35727490e+03, 6.79278259e+02, 1.35349988e+03, 6.39320801e+02,
    1.41550305e+03, 8.50135254e+02, 1.41081433e+03, 8.06212036e+02,
    1.40616931e+03, 7.63219299e+02, 1.40174390e+03, 7.21479309e+02,
    1.39745459e+03, 6.80553589e+02, 1.39345874e+03, 6.40518127e+02,
    1.45774011e+03, 8.51392334e+02, 1.45271338e+03, 8.07528259e+02,
    1.44785278e+03, 7.64596252e+02, 1.44314087e+03, 7.22673401e+02,
    1.43844360e+03, 6.81695618e+02, 1.43367761e+03, 6.41676758e+02 ]
