%YAML:1.0
---
points: [ 3.57831055e+02, 3.09281891e+02, 3.56642395e+02, 2.93911469e+02,
    3.55647705e+02, 2.78913940e+02, 3.54544586e+02, 2.64323395e+02,
    3.53645569e+02, 2.50032623e+02, 3.52652313e+02, 2.36088623e+02,
    3.72544708e+02, 3.09618378e+02, 3.71305969e+02, 2.94195068e+02,
    3.70011108e+02, 2.79293579e+02, 3.68871338e+02, 2.64642700e+02,
    3.67757843e+02, 2.50364151e+02, 3.66617126e+02, 2.36425735e+02,
    3.87151428e+02, 3.09786224e+02, 3.85781982e+02, 2.94530548e+02,
    3.84400146e+02, 2.79579376e+02, 3.83141632e+02, 2.65078003e+02,
    3.81827393e+02, 2.50722244e+02, 3.80572876e+02, 2.36814438e+02,
    4.01685699e+02, 3.10132477e+02, 4.00145996e+02, 2.94770599e+02,
    3.98638275e+02, 2.79934570e+02, 3.97206940e+02, 2.65409546e+02,
    3.95790253e+02, 2.51177780e+02, 3.94396027e+02, 2.37201660e+02,
    4.15994385e+02, 3.10223236e+02, 4.14406830e+02, 2.95005432e+02,
    4.12790771e+02, 2.80216553e+02, 4.11221405e+02, 2.65774719e+02,
    4.09574280e+02, 2.51518799e+02, 4.08018646e+02, 2.37748138e+02,
    4.30188721e+02, 3.10426880e+02, 4.28384766e+02, 2.95226990e+02,
    4.26761597e+02, 2.80562042e+02, 4.25040100e+02, 2.65996918e+02,
    4.23295380e+02, 2.51951523e+02, 4.21673767e+02, 2.37954025e+02,
    4.44135223e+02, 3.10327240e+02, 4.42430847e+02, 2.95465210e+02,
    4.40549652e+02, 2.80623230e+02, 4.38879913e+02, 2.66359070e+02,
    4.37037933e+02, 2.52024857e+02, 4.35349976e+02, 2.38348724e+02,
    4.58005188e+02, 3.10565430e+02, 4.56228058e+02, 2.95363953e+02,
    4.54490051e+02, 2.80845032e+02, 4.52642151e+02, 2.66355011e+02,
    4.50914642e+02, 2.52500381e+02, 4.49065887e+02, 2.38540695e+02 ]
