%YAML:1.0
---
points: [ 1.42561938e+03, 6.20684692e+02, 1.43344067e+03, 6.59929932e+02,
    1.44140808e+03, 7.00038635e+02, 1.44926807e+03, 7.41023010e+02,
    1.45762732e+03, 7.83248108e+02, 1.46602881e+03, 8.26690918e+02,
    1.38605933e+03, 6.22439087e+02, 1.39338977e+03, 6.61534363e+02,
    1.40089771e+03, 7.01801208e+02, 1.40842236e+03, 7.42798035e+02,
    1.41653723e+03, 7.85131287e+02, 1.42460840e+03, 8.28513855e+02,
    1.34701355e+03, 6.23753296e+02, 1.35380969e+03, 6.63111328e+02,
    1.36070557e+03, 7.03345459e+02, 1.36826672e+03, 7.44431824e+02,
    1.37560645e+03, 7.86767761e+02, 1.38345435e+03, 8.30235779e+02,
    1.30802429e+03, 6.25116394e+02, 1.31446704e+03, 6.64584045e+02,
    1.32120166e+03, 7.04801392e+02, 1.32784216e+03, 7.45874207e+02,
    1.33469995e+03, 7.88488525e+02, 1.34227307e+03, 8.32318237e+02,
    1.26913770e+03, 6.26342407e+02, 1.27504688e+03, 6.65822754e+02,
    1.28104395e+03, 7.06315125e+02, 1.28731787e+03, 7.47584045e+02,
    1.29387378e+03, 7.90274353e+02, 1.30058838e+03, 8.34009888e+02,
    1.23005115e+03, 6.27721130e+02, 1.23536267e+03, 6.66879395e+02,
    1.24094739e+03, 7.07706299e+02, 1.24668848e+03, 7.49245728e+02,
    1.25264709e+03, 7.91921997e+02, 1.25890894e+03, 8.35704285e+02,
    1.19042725e+03, 6.28983398e+02, 1.19548767e+03, 6.68808289e+02,
    1.20055896e+03, 7.09167725e+02, 1.20579089e+03, 7.50730774e+02,
    1.21130664e+03, 7.93504822e+02, 1.21685535e+03, 8.37780457e+02,
    1.15081714e+03, 6.30413635e+02, 1.15524365e+03, 6.70349915e+02,
    1.15999170e+03, 7.10988464e+02, 1.16465552e+03, 7.52531799e+02,
    1.16963770e+03, 7.95550842e+02, 1.17469202e+03, 8.39558899e+02 ]
