%YAML:1.0
---
points: [ 4.45720093e+02, 2.30868683e+02, 4.48826477e+02, 2.44584320e+02,
    4.51787506e+02, 2.58235046e+02, 4.54816650e+02, 2.72464508e+02,
    4.57763275e+02, 2.86685913e+02, 4.60852722e+02, 3.01541412e+02,
    4.32331543e+02, 2.31811005e+02, 4.35230652e+02, 2.45310837e+02,
    4.38175049e+02, 2.59281738e+02, 4.41160858e+02, 2.73291962e+02,
    4.44202820e+02, 2.87910980e+02, 4.47196228e+02, 3.02571869e+02,
    4.18977051e+02, 2.32486359e+02, 4.21770355e+02, 2.46158035e+02,
    4.24630157e+02, 2.59993622e+02, 4.27571716e+02, 2.74265656e+02,
    4.30537537e+02, 2.88769684e+02, 4.33504150e+02, 3.03672211e+02,
    4.05611084e+02, 2.33226105e+02, 4.08339844e+02, 2.46774551e+02,
    4.11074860e+02, 2.60817352e+02, 4.13872498e+02, 2.75055664e+02,
    4.16753571e+02, 2.89748108e+02, 4.19546936e+02, 3.04627716e+02,
    3.92171051e+02, 2.33763901e+02, 3.94709839e+02, 2.47474884e+02,
    3.97412476e+02, 2.61539490e+02, 3.99996704e+02, 2.75850250e+02,
    4.02720825e+02, 2.90565094e+02, 4.05567627e+02, 3.05722107e+02,
    3.78632507e+02, 2.34405167e+02, 3.81035553e+02, 2.48175232e+02,
    3.83546326e+02, 2.62276794e+02, 3.85982239e+02, 2.76643066e+02,
    3.88620636e+02, 2.91414062e+02, 3.91312012e+02, 3.06643066e+02,
    3.64814148e+02, 2.35039398e+02, 3.67115967e+02, 2.48877548e+02,
    3.69481049e+02, 2.62988159e+02, 3.71832306e+02, 2.77463348e+02,
    3.74346130e+02, 2.92252563e+02, 3.76872101e+02, 3.07574097e+02,
    3.51097504e+02, 2.35753494e+02, 3.53221619e+02, 2.49550323e+02,
    3.55374725e+02, 2.63760651e+02, 3.57608612e+02, 2.78171356e+02,
    3.59858215e+02, 2.93216888e+02, 3.62237854e+02, 3.08424591e+02 ]
