%YAML:1.0
---
points: [ 6.14721069e+02, 4.09137146e+02, 6.38468445e+02, 4.09134857e+02,
    6.62138489e+02, 4.09147522e+02, 6.85544556e+02, 4.09199982e+02,
    7.09090881e+02, 4.09194000e+02, 7.32416443e+02, 4.09190765e+02,
    6.14748962e+02, 4.32067047e+02, 6.38527161e+02, 4.32076599e+02,
    6.62158691e+02, 4.31993805e+02, 6.85658691e+02, 4.31950470e+02,
    7.09141663e+02, 4.31958984e+02, 7.32556396e+02, 4.31843018e+02,
    6.14837708e+02, 4.55026062e+02, 6.38605957e+02, 4.54889496e+02,
    6.62358582e+02, 4.54813416e+02, 6.85759338e+02, 4.54729126e+02,
    7.09253235e+02, 4.54663666e+02, 7.32634216e+02, 4.54576294e+02,
    6.15002319e+02, 4.78122925e+02, 6.38770203e+02, 4.77944855e+02,
    6.62568665e+02, 4.77764099e+02, 6.85966370e+02, 4.77620148e+02,
    7.09437866e+02, 4.77477112e+02, 7.32870605e+02, 4.77339233e+02,
    6.15216797e+02, 5.01358643e+02, 6.38977966e+02, 5.01059296e+02,
    6.62738464e+02, 5.00825745e+02, 6.86239502e+02, 5.00655182e+02,
    7.09667603e+02, 5.00466492e+02, 7.33137390e+02, 5.00238770e+02,
    6.15339722e+02, 5.24235474e+02, 6.39141785e+02, 5.23999451e+02,
    6.62949524e+02, 5.23742920e+02, 6.86411072e+02, 5.23570862e+02,
    7.09948669e+02, 5.23314880e+02, 7.33328491e+02, 5.23116394e+02,
    6.15396240e+02, 5.47313782e+02, 6.39245056e+02, 5.46859741e+02,
    6.63086487e+02, 5.46582458e+02, 6.86508728e+02, 5.46342896e+02,
    7.10047241e+02, 5.46047974e+02, 7.33404236e+02, 5.45751831e+02,
    6.15309448e+02, 5.70478516e+02, 6.39184692e+02, 5.70178894e+02,
    6.62977234e+02, 5.69780334e+02, 6.86404175e+02, 5.69465332e+02,
    7.09967163e+02, 5.69159302e+02, 7.33420776e+02, 5.68756042e+02 ]
