%YAML:1.0
---
points: [ 1.52359238e+02, 1.60424347e+02, 1.60578400e+02, 1.60394852e+02,
    1.68722626e+02, 1.60301529e+02, 1.76945343e+02, 1.60239197e+02,
    1.85045303e+02, 1.60176376e+02, 1.93088089e+02, 1.60075912e+02,
    1.52470200e+02, 1.68481644e+02, 1.60659851e+02, 1.68267151e+02,
    1.68920959e+02, 1.68208786e+02, 1.77058716e+02, 1.68109268e+02,
    1.85222839e+02, 1.68059143e+02, 1.93219604e+02, 1.67971390e+02,
    1.52569580e+02, 1.76350525e+02, 1.60906647e+02, 1.76287567e+02,
    1.69059418e+02, 1.76171021e+02, 1.77227768e+02, 1.76074677e+02,
    1.85304138e+02, 1.75944778e+02, 1.93344391e+02, 1.75811584e+02,
    1.52802505e+02, 1.84511658e+02, 1.61027451e+02, 1.84283554e+02,
    1.69251740e+02, 1.84184738e+02, 1.77329697e+02, 1.83998108e+02,
    1.85474930e+02, 1.83879044e+02, 1.93402267e+02, 1.83824249e+02,
    1.52943542e+02, 1.92392044e+02, 1.61200775e+02, 1.92300537e+02,
    1.69331116e+02, 1.92117218e+02, 1.77549652e+02, 1.91955185e+02,
    1.85667694e+02, 1.91800049e+02, 1.93719589e+02, 1.91693405e+02,
    1.53086243e+02, 2.00523285e+02, 1.61307785e+02, 2.00252350e+02,
    1.69339142e+02, 2.00339005e+02, 1.77708374e+02, 1.99877441e+02,
    1.85819077e+02, 1.99817352e+02, 1.93947098e+02, 1.99692978e+02,
    1.53243103e+02, 2.08427963e+02, 1.61378983e+02, 2.08276062e+02,
    1.69676590e+02, 2.08064835e+02, 1.77827133e+02, 2.07890396e+02,
    1.86082779e+02, 2.07714951e+02, 1.94025497e+02, 2.07626801e+02,
    1.53295135e+02, 2.16562592e+02, 1.61459351e+02, 2.16273071e+02,
    1.69782181e+02, 2.16068130e+02, 1.77970810e+02, 2.15840836e+02,
    1.86128616e+02, 2.15709305e+02, 1.94025497e+02, 2.07626801e+02 ]
