%YAML:1.0
---
points: [ 8.91428986e+01, 1.57785706e+02, 9.75884399e+01, 1.57677414e+02,
    1.05821594e+02, 1.57319016e+02, 1.14240707e+02, 1.56950256e+02,
    1.22566208e+02, 1.56770874e+02, 1.30917740e+02, 1.56666473e+02,
    8.93693237e+01, 1.65874054e+02, 9.76892929e+01, 1.65672440e+02,
    1.06046341e+02, 1.65414124e+02, 1.14425323e+02, 1.64929276e+02,
    1.22769516e+02, 1.64781006e+02, 1.31122971e+02, 1.64623642e+02,
    8.95632172e+01, 1.73879913e+02, 9.78408585e+01, 1.73737030e+02,
    1.06257080e+02, 1.73466873e+02, 1.14620667e+02, 1.73057953e+02,
    1.22965172e+02, 1.72777527e+02, 1.31354584e+02, 1.72659592e+02,
    8.97264099e+01, 1.82137039e+02, 9.81010971e+01, 1.81749405e+02,
    1.06551910e+02, 1.81602203e+02, 1.14894096e+02, 1.81161835e+02,
    1.23267197e+02, 1.80863510e+02, 1.31584259e+02, 1.80647736e+02,
    8.98974991e+01, 1.90265259e+02, 9.84046402e+01, 1.89872055e+02,
    1.06807732e+02, 1.89681885e+02, 1.15096024e+02, 1.89313858e+02,
    1.23562981e+02, 1.88849167e+02, 1.31968445e+02, 1.88739441e+02,
    9.01564636e+01, 1.98538803e+02, 9.86976700e+01, 1.97921112e+02,
    1.07020805e+02, 1.97729248e+02, 1.15412315e+02, 1.97430817e+02,
    1.23849930e+02, 1.96975861e+02, 1.32209122e+02, 1.96696198e+02,
    9.04653702e+01, 2.06580963e+02, 9.87531509e+01, 2.06152603e+02,
    1.07269325e+02, 2.05774200e+02, 1.15569702e+02, 2.05561218e+02,
    1.24053528e+02, 2.05134552e+02, 1.32362305e+02, 2.04780457e+02,
    9.05468216e+01, 2.14733459e+02, 9.89074478e+01, 2.14377670e+02,
    1.07359848e+02, 2.13865417e+02, 1.15742714e+02, 2.13642899e+02,
    1.24119217e+02, 2.13258896e+02, 1.32528549e+02, 2.12815887e+02 ]
