%YAML:1.0
---
points: [ 4.31555756e+02, 3.99720306e+02, 4.55845825e+02, 3.99309448e+02,
    4.80356781e+02, 3.98899384e+02, 5.04538239e+02, 3.98305573e+02,
    5.28675415e+02, 3.97830902e+02, 5.52824768e+02, 3.97541229e+02,
    4.31666016e+02, 4.23125092e+02, 4.56188019e+02, 4.22564819e+02,
    4.80568939e+02, 4.21912384e+02, 5.04737946e+02, 4.21572662e+02,
    5.28881226e+02, 4.20991608e+02, 5.53156128e+02, 4.20307281e+02,
    4.31960663e+02, 4.46356506e+02, 4.56496124e+02, 4.45733154e+02,
    4.80917938e+02, 4.45236908e+02, 5.05232666e+02, 4.44647400e+02,
    5.29328430e+02, 4.43974457e+02, 5.53556335e+02, 4.43499695e+02,
    4.32294983e+02, 4.69900604e+02, 4.57005676e+02, 4.69147034e+02,
    4.81341400e+02, 4.68524445e+02, 5.05706451e+02, 4.67817169e+02,
    5.29748779e+02, 4.67217560e+02, 5.54184692e+02, 4.66606445e+02,
    4.32903534e+02, 4.93200806e+02, 4.57373932e+02, 4.92550934e+02,
    4.81836670e+02, 4.91826965e+02, 5.06109985e+02, 4.91247467e+02,
    5.30442505e+02, 4.90561462e+02, 5.54604858e+02, 4.89902374e+02,
    4.33237640e+02, 5.16796265e+02, 4.57911224e+02, 5.15959717e+02,
    4.82275543e+02, 5.15186340e+02, 5.06706635e+02, 5.14396118e+02,
    5.30995178e+02, 5.13779846e+02, 5.55218384e+02, 5.13044739e+02,
    4.33372314e+02, 5.40066284e+02, 4.58183228e+02, 5.39350281e+02,
    4.82556763e+02, 5.38555786e+02, 5.06830994e+02, 5.37877747e+02,
    5.31226318e+02, 5.36990601e+02, 5.55419495e+02, 5.36143005e+02,
    4.33434814e+02, 5.63717834e+02, 4.58211395e+02, 5.62715576e+02,
    4.82498444e+02, 5.61931091e+02, 5.06933685e+02, 5.61063721e+02,
    5.31225586e+02, 5.60336853e+02, 5.55536438e+02, 5.59519409e+02 ]
