%YAML:1.0
---
points: [ 4.29255371e+01, 1.58536804e+02, 5.15203819e+01, 1.58105240e+02,
    5.97963676e+01, 1.57721237e+02, 6.83299713e+01, 1.57386841e+02,
    7.67619476e+01, 1.56890305e+02, 8.54128036e+01, 1.56685455e+02,
    4.32886620e+01, 1.66798996e+02, 5.17195015e+01, 1.66333298e+02,
    6.01562538e+01, 1.65858566e+02, 6.86484985e+01, 1.65593842e+02,
    7.71696548e+01, 1.65119324e+02, 8.56932755e+01, 1.64733582e+02,
    4.36898842e+01, 1.74880737e+02, 5.20065308e+01, 1.74673111e+02,
    6.05644875e+01, 1.74104858e+02, 6.88910294e+01, 1.73740585e+02,
    7.75923615e+01, 1.73337860e+02, 8.60849609e+01, 1.72898788e+02,
    4.39717484e+01, 1.83332855e+02, 5.25717964e+01, 1.82781372e+02,
    6.08352966e+01, 1.82436859e+02, 6.95145416e+01, 1.81836090e+02,
    7.79402618e+01, 1.81687439e+02, 8.65842361e+01, 1.81044037e+02,
    4.44593697e+01, 1.91576355e+02, 5.28253860e+01, 1.91067490e+02,
    6.14029617e+01, 1.90649368e+02, 6.98674927e+01, 1.90236496e+02,
    7.84177246e+01, 1.89761230e+02, 8.69934387e+01, 1.89440277e+02,
    4.47835388e+01, 1.99767868e+02, 5.33841858e+01, 1.99287567e+02,
    6.17863350e+01, 1.98802322e+02, 7.03860779e+01, 1.98433914e+02,
    7.88680420e+01, 1.97852417e+02, 8.75436325e+01, 1.97568146e+02,
    4.52247238e+01, 2.07881012e+02, 5.37110062e+01, 2.07710144e+02,
    6.21987877e+01, 2.07014114e+02, 7.07217712e+01, 2.06767807e+02,
    7.92459412e+01, 2.06174973e+02, 8.77549133e+01, 2.05770050e+02,
    4.55913582e+01, 2.16335785e+02, 5.39343605e+01, 2.15766800e+02,
    6.25572014e+01, 2.15382507e+02, 7.09138412e+01, 2.14737289e+02,
    7.95472260e+01, 2.14506882e+02, 8.80219040e+01, 2.13802322e+02 ]
