%YAML:1.0
---
points: [ 2.92558716e+02, 3.99410370e+02, 3.18326447e+02, 3.98686188e+02,
    3.44032196e+02, 3.98057556e+02, 3.69401764e+02, 3.97418762e+02,
    3.94709473e+02, 3.96807098e+02, 4.19775940e+02, 3.96229401e+02,
    2.93324310e+02, 4.23397308e+02, 3.19084564e+02, 4.22657745e+02,
    3.44575287e+02, 4.21875214e+02, 3.70157745e+02, 4.21108795e+02,
    3.95527100e+02, 4.20213043e+02, 4.20685822e+02, 4.19569794e+02,
    2.94308258e+02, 4.47229950e+02, 3.19991669e+02, 4.46425323e+02,
    3.45640533e+02, 4.45585907e+02, 3.70953644e+02, 4.44840973e+02,
    3.96421387e+02, 4.44008667e+02, 4.21634827e+02, 4.43243134e+02,
    2.95418396e+02, 4.71375153e+02, 3.21304352e+02, 4.70468079e+02,
    3.46798462e+02, 4.69613892e+02, 3.72119843e+02, 4.68651703e+02,
    3.97469086e+02, 4.67695068e+02, 4.22722137e+02, 4.66879761e+02,
    2.96630920e+02, 4.95379028e+02, 3.22401123e+02, 4.94371765e+02,
    3.47947845e+02, 4.93297302e+02, 3.73205536e+02, 4.92405853e+02,
    3.98539825e+02, 4.91543671e+02, 4.23817932e+02, 4.90589539e+02,
    2.97498077e+02, 5.19231567e+02, 3.23406555e+02, 5.18184814e+02,
    3.49089386e+02, 5.17245911e+02, 3.74498901e+02, 5.16138550e+02,
    3.99810852e+02, 5.15090637e+02, 4.24975006e+02, 5.14048401e+02,
    2.98485443e+02, 5.43225464e+02, 3.24172028e+02, 5.42072327e+02,
    3.49891510e+02, 5.40882507e+02, 3.75209900e+02, 5.39866150e+02,
    4.00571014e+02, 5.38871704e+02, 4.25663208e+02, 5.37795654e+02,
    2.98911743e+02, 5.67163879e+02, 3.24770416e+02, 5.65875366e+02,
    3.50290405e+02, 5.64976257e+02, 3.75614105e+02, 5.63784607e+02,
    4.00900452e+02, 5.62460083e+02, 4.26288177e+02, 5.61370361e+02 ]
