%YAML:1.0
---
points: [ 1.53306503e+02, 1.60473541e+02, 1.61451080e+02, 1.60360001e+02,
    1.69532715e+02, 1.60222015e+02, 1.77631714e+02, 1.60095566e+02,
    1.85717560e+02, 1.60041367e+02, 1.93753098e+02, 1.59868515e+02,
    1.53412338e+02, 1.68478241e+02, 1.61603165e+02, 1.68322617e+02,
    1.69743011e+02, 1.68208633e+02, 1.77792358e+02, 1.68021515e+02,
    1.85926331e+02, 1.67933731e+02, 1.93898499e+02, 1.67896210e+02,
    1.53623093e+02, 1.76384384e+02, 1.61796280e+02, 1.76302689e+02,
    1.69929855e+02, 1.76149109e+02, 1.78016464e+02, 1.75989197e+02,
    1.86086487e+02, 1.75926056e+02, 1.94146652e+02, 1.75737457e+02,
    1.53905655e+02, 1.84523346e+02, 1.61958237e+02, 1.84265533e+02,
    1.70162430e+02, 1.84150848e+02, 1.78205444e+02, 1.84015320e+02,
    1.86250259e+02, 1.83840546e+02, 1.94191788e+02, 1.83749954e+02,
    1.54119064e+02, 1.92393387e+02, 1.62231140e+02, 1.92249237e+02,
    1.70285416e+02, 1.92081894e+02, 1.78382553e+02, 1.91918793e+02,
    1.86405502e+02, 1.91780701e+02, 1.94456039e+02, 1.91615280e+02,
    1.54189331e+02, 2.00437302e+02, 1.62340439e+02, 2.00190384e+02,
    1.70419876e+02, 1.99927155e+02, 1.78565186e+02, 1.99855087e+02,
    1.86566101e+02, 1.99721176e+02, 1.94669403e+02, 1.99573364e+02,
    1.54365829e+02, 2.08271378e+02, 1.62448196e+02, 2.08153763e+02,
    1.70642166e+02, 2.07932114e+02, 1.78650055e+02, 2.07824692e+02,
    1.86802353e+02, 2.07644424e+02, 1.94768402e+02, 2.07466156e+02,
    1.54433380e+02, 2.16355179e+02, 1.62577759e+02, 2.16124130e+02,
    1.70736267e+02, 2.15902969e+02, 1.78841263e+02, 2.15753510e+02,
    1.86877106e+02, 2.15599716e+02, 1.94968002e+02, 2.15336044e+02 ]
