%YAML:1.0
---
points: [ 6.17816528e+02, 4.09166443e+02, 6.41193298e+02, 4.09168274e+02,
    6.64624634e+02, 4.09043457e+02, 6.87690369e+02, 4.08835388e+02,
    7.11106201e+02, 4.08772430e+02, 7.34238770e+02, 4.08640015e+02,
    6.17789001e+02, 4.32296234e+02, 6.41370239e+02, 4.32106598e+02,
    6.64700500e+02, 4.31953217e+02, 6.87861206e+02, 4.31741974e+02,
    7.11272034e+02, 4.31657715e+02, 7.34351990e+02, 4.31489777e+02,
    6.18061523e+02, 4.55075134e+02, 6.41531799e+02, 4.54995667e+02,
    6.64939636e+02, 4.54747803e+02, 6.88206970e+02, 4.54654999e+02,
    7.11416687e+02, 4.54556335e+02, 7.34430847e+02, 4.54388519e+02,
    6.18263672e+02, 4.78234222e+02, 6.41857056e+02, 4.77876526e+02,
    6.65294678e+02, 4.77714966e+02, 6.88460999e+02, 4.77538635e+02,
    7.11640320e+02, 4.77362091e+02, 7.34826416e+02, 4.77212494e+02,
    6.18507446e+02, 5.01276215e+02, 6.42216858e+02, 5.01056641e+02,
    6.65473572e+02, 5.00691010e+02, 6.88756836e+02, 5.00532043e+02,
    7.11947021e+02, 5.00302399e+02, 7.35152161e+02, 4.99995850e+02,
    6.18724792e+02, 5.24181580e+02, 6.42456543e+02, 5.23766907e+02,
    6.65682922e+02, 5.23649414e+02, 6.89102722e+02, 5.23382812e+02,
    7.12328064e+02, 5.23086304e+02, 7.35454895e+02, 5.22845459e+02,
    6.18999207e+02, 5.46923401e+02, 6.42662781e+02, 5.46660156e+02,
    6.65957581e+02, 5.46350525e+02, 6.89275635e+02, 5.46141052e+02,
    7.12381531e+02, 5.45809753e+02, 7.35601685e+02, 5.45579834e+02,
    6.19052307e+02, 5.70015686e+02, 6.42633972e+02, 5.69674683e+02,
    6.65887756e+02, 5.69501587e+02, 6.89264099e+02, 5.69240479e+02,
    7.12375610e+02, 5.68890259e+02, 7.35645691e+02, 5.68536682e+02 ]
