%YAML:1.0
---
points: [ 6.89120300e+02, 4.10347565e+02, 7.14275452e+02, 4.10567291e+02,
    7.39337463e+02, 4.10813385e+02, 7.64308655e+02, 4.11135193e+02,
    7.88879822e+02, 4.11287506e+02, 8.13292908e+02, 4.11370026e+02,
    6.89986389e+02, 4.34815643e+02, 7.15180542e+02, 4.34856476e+02,
    7.39950806e+02, 4.35003357e+02, 7.64677734e+02, 4.35123718e+02,
    7.89239441e+02, 4.35246552e+02, 8.13382690e+02, 4.35290771e+02,
    6.90814636e+02, 4.59096771e+02, 7.15897217e+02, 4.59020447e+02,
    7.40559998e+02, 4.59008301e+02, 7.65036804e+02, 4.59001282e+02,
    7.89473633e+02, 4.59073120e+02, 8.13502380e+02, 4.59043945e+02,
    6.91679932e+02, 4.82584167e+02, 7.16585571e+02, 4.82505493e+02,
    7.41131714e+02, 4.82477020e+02, 7.65457703e+02, 4.82397980e+02,
    7.89701233e+02, 4.82331696e+02, 8.13664429e+02, 4.82283997e+02,
    6.92559265e+02, 5.06125488e+02, 7.17342896e+02, 5.05866486e+02,
    7.41793213e+02, 5.05638550e+02, 7.65859924e+02, 5.05523041e+02,
    7.89959961e+02, 5.05335236e+02, 8.13705383e+02, 5.05191010e+02,
    6.93541992e+02, 5.29131714e+02, 7.17969177e+02, 5.28776611e+02,
    7.42445374e+02, 5.28559937e+02, 7.66291870e+02, 5.28337524e+02,
    7.90318909e+02, 5.27978699e+02, 8.13835876e+02, 5.27684082e+02,
    6.94376831e+02, 5.51851624e+02, 7.18679016e+02, 5.51474915e+02,
    7.42927551e+02, 5.51146545e+02, 7.66670105e+02, 5.50785339e+02,
    7.90504639e+02, 5.50578247e+02, 8.14099182e+02, 5.50327209e+02,
    6.95172668e+02, 5.74735718e+02, 7.19269165e+02, 5.74401917e+02,
    7.43445862e+02, 5.74102417e+02, 7.67080933e+02, 5.73650024e+02,
    7.90698792e+02, 5.73360107e+02, 8.14252258e+02, 5.72966980e+02 ]
