%YAML:1.0
---
points: [ 1.79269562e+02, 1.60667892e+02, 1.87994659e+02, 1.60594055e+02,
    1.96609619e+02, 1.60630859e+02, 2.05159927e+02, 1.60535797e+02,
    2.13664764e+02, 1.60619736e+02, 2.22162094e+02, 1.60574310e+02,
    1.79475037e+02, 1.69072525e+02, 1.88313797e+02, 1.69113693e+02,
    1.96781738e+02, 1.69069199e+02, 2.05358749e+02, 1.69065872e+02,
    2.13828690e+02, 1.69045731e+02, 2.22213531e+02, 1.69006210e+02,
    1.79899048e+02, 1.77547653e+02, 1.88461792e+02, 1.77486374e+02,
    1.97156509e+02, 1.77382751e+02, 2.05415070e+02, 1.77280136e+02,
    2.13988571e+02, 1.77266464e+02, 2.22279022e+02, 1.77205154e+02,
    1.80231430e+02, 1.85780975e+02, 1.88747406e+02, 1.85638306e+02,
    1.97234253e+02, 1.85484467e+02, 2.05650177e+02, 1.85419708e+02,
    2.14040894e+02, 1.85323593e+02, 2.22328537e+02, 1.85267242e+02,
    1.80396774e+02, 1.93892197e+02, 1.89089355e+02, 1.93711456e+02,
    1.97388336e+02, 1.93600266e+02, 2.05827118e+02, 1.93444397e+02,
    2.14127762e+02, 1.93287231e+02, 2.22316269e+02, 1.93227356e+02,
    1.80796692e+02, 2.01848129e+02, 1.89292130e+02, 2.01672226e+02,
    1.97585388e+02, 2.01497437e+02, 2.05998993e+02, 2.01330231e+02,
    2.14213867e+02, 2.01183472e+02, 2.22355499e+02, 2.01056702e+02,
    1.81157028e+02, 2.09758621e+02, 1.89436127e+02, 2.09558670e+02,
    1.97820450e+02, 2.09356461e+02, 2.06192032e+02, 2.09258347e+02,
    2.14251541e+02, 2.09087997e+02, 2.22342484e+02, 2.08846313e+02,
    1.81328613e+02, 2.17719116e+02, 1.89642426e+02, 2.17504379e+02,
    1.98062973e+02, 2.17327698e+02, 2.06212921e+02, 2.17167999e+02,
    2.14355957e+02, 2.16919647e+02, 2.22386383e+02, 2.16697769e+02 ]
