%YAML:1.0
---
points: [ 7.94222046e+02, 4.11205383e+02, 8.18147034e+02, 4.11168732e+02,
    8.41987183e+02, 4.11105988e+02, 8.65586487e+02, 4.11122833e+02,
    8.89447876e+02, 4.10957001e+02, 9.12985962e+02, 4.10926697e+02,
    7.94729126e+02, 4.34718353e+02, 8.18504150e+02, 4.34600494e+02,
    8.42439148e+02, 4.34591858e+02, 8.65866272e+02, 4.34531403e+02,
    8.89588684e+02, 4.34485321e+02, 9.13096863e+02, 4.34437592e+02,
    7.95336182e+02, 4.58377106e+02, 8.19054016e+02, 4.58268036e+02,
    8.42763184e+02, 4.58165344e+02, 8.66183044e+02, 4.58019165e+02,
    8.89762390e+02, 4.57809143e+02, 9.13126648e+02, 4.57713623e+02,
    7.95988770e+02, 4.81535583e+02, 8.19527527e+02, 4.81391785e+02,
    8.43186646e+02, 4.81269257e+02, 8.66445923e+02, 4.81097839e+02,
    8.89839600e+02, 4.80884735e+02, 9.13133606e+02, 4.80703156e+02,
    7.96533203e+02, 5.04377258e+02, 8.20059570e+02, 5.04205017e+02,
    8.43511414e+02, 5.04020264e+02, 8.66641663e+02, 5.03747833e+02,
    8.89994202e+02, 5.03558868e+02, 9.13113403e+02, 5.03380371e+02,
    7.97154907e+02, 5.27207825e+02, 8.20627563e+02, 5.26845459e+02,
    8.43827087e+02, 5.26627930e+02, 8.66908447e+02, 5.26300598e+02,
    8.90164062e+02, 5.25980103e+02, 9.13144958e+02, 5.25758545e+02,
    7.97670471e+02, 5.49572205e+02, 8.21165710e+02, 5.49336426e+02,
    8.44271973e+02, 5.49126282e+02, 8.67203796e+02, 5.48831909e+02,
    8.90343323e+02, 5.48594849e+02, 9.13223267e+02, 5.48373230e+02,
    7.98184570e+02, 5.71942322e+02, 8.21517883e+02, 5.71618530e+02,
    8.44530701e+02, 5.71422791e+02, 8.67444092e+02, 5.71288452e+02,
    8.90471436e+02, 5.70945435e+02, 9.13269775e+02, 5.70658630e+02 ]
