%YAML:1.0
---
points: [ 2.15265152e+02, 1.60448730e+02, 2.23470016e+02, 1.60538086e+02,
    2.31823746e+02, 1.60501129e+02, 2.40001724e+02, 1.60284592e+02,
    2.48236847e+02, 1.60253906e+02, 2.56388550e+02, 1.60198654e+02,
    2.15365036e+02, 1.68890274e+02, 2.23774704e+02, 1.68785172e+02,
    2.31911713e+02, 1.68615494e+02, 2.40127899e+02, 1.68589813e+02,
    2.48273773e+02, 1.68421677e+02, 2.56371490e+02, 1.68388596e+02,
    2.15766388e+02, 1.77032166e+02, 2.23873901e+02, 1.76839508e+02,
    2.32155899e+02, 1.76810699e+02, 2.40211197e+02, 1.76619385e+02,
    2.48371475e+02, 1.76570145e+02, 2.56379608e+02, 1.76419678e+02,
    2.16024597e+02, 1.85145660e+02, 2.24200851e+02, 1.84924164e+02,
    2.32199951e+02, 1.84807251e+02, 2.40366074e+02, 1.84649124e+02,
    2.48327225e+02, 1.84523911e+02, 2.56410095e+02, 1.84378342e+02,
    2.16262451e+02, 1.93027130e+02, 2.24291595e+02, 1.92863556e+02,
    2.32384979e+02, 1.92698334e+02, 2.40362701e+02, 1.92583923e+02,
    2.48420013e+02, 1.92378342e+02, 2.56356445e+02, 1.92229202e+02,
    2.16355591e+02, 2.00874252e+02, 2.24414490e+02, 2.00713425e+02,
    2.32449524e+02, 2.00508469e+02, 2.40467117e+02, 2.00376389e+02,
    2.48487854e+02, 2.00235428e+02, 2.56350800e+02, 2.00132568e+02,
    2.16562622e+02, 2.08670441e+02, 2.24588318e+02, 2.08427536e+02,
    2.32648544e+02, 2.08310883e+02, 2.40554413e+02, 2.08205627e+02,
    2.48523605e+02, 2.08056961e+02, 2.56321228e+02, 2.07855347e+02,
    2.16813477e+02, 2.16399612e+02, 2.24791031e+02, 2.16236557e+02,
    2.32751587e+02, 2.16119156e+02, 2.40654617e+02, 2.15977112e+02,
    2.48595367e+02, 2.15725281e+02, 2.56476715e+02, 2.15575882e+02 ]
