%YAML:1.0
---
points: [ 8.17420410e+02, 4.10578094e+02, 8.40290100e+02, 4.10511444e+02,
    8.63189087e+02, 4.10404510e+02, 8.85673340e+02, 4.10370117e+02,
    9.08329712e+02, 4.10278839e+02, 9.31067017e+02, 4.10259552e+02,
    8.17521118e+02, 4.32991974e+02, 8.40486084e+02, 4.32816193e+02,
    8.63452332e+02, 4.32737457e+02, 8.86182434e+02, 4.32609650e+02,
    9.08677673e+02, 4.32557220e+02, 9.31522766e+02, 4.32427582e+02,
    8.17629822e+02, 4.55419739e+02, 8.40680786e+02, 4.55306915e+02,
    8.63665344e+02, 4.55114166e+02, 8.86405518e+02, 4.54856873e+02,
    9.09147766e+02, 4.54727570e+02, 9.31871765e+02, 4.54646393e+02,
    8.17825989e+02, 4.78073212e+02, 8.40942566e+02, 4.77786591e+02,
    8.63905029e+02, 4.77627899e+02, 8.86613281e+02, 4.77435608e+02,
    9.09471619e+02, 4.77274872e+02, 9.32354980e+02, 4.77158997e+02,
    8.18112488e+02, 5.00849182e+02, 8.41275452e+02, 5.00594910e+02,
    8.64237305e+02, 5.00355682e+02, 8.86932739e+02, 5.00118225e+02,
    9.09929016e+02, 4.99763794e+02, 9.32587097e+02, 4.99536102e+02,
    8.18355591e+02, 5.23592957e+02, 8.41466248e+02, 5.23365540e+02,
    8.64514832e+02, 5.22997070e+02, 8.87261475e+02, 5.22711975e+02,
    9.10332825e+02, 5.22524048e+02, 9.33027466e+02, 5.22306824e+02,
    8.18405579e+02, 5.46255737e+02, 8.41659363e+02, 5.45847168e+02,
    8.64677185e+02, 5.45572571e+02, 8.87545776e+02, 5.45376465e+02,
    9.10628052e+02, 5.45101501e+02, 9.33472473e+02, 5.44741150e+02,
    8.18516113e+02, 5.69207153e+02, 8.41898315e+02, 5.68813782e+02,
    8.64973022e+02, 5.68419312e+02, 8.87878235e+02, 5.68110901e+02,
    9.11019043e+02, 5.67719971e+02, 9.33823853e+02, 5.67402100e+02 ]
