%YAML:1.0
---
points: [ 2.22654434e+02, 1.60343933e+02, 2.30558792e+02, 1.60304962e+02,
    2.38419662e+02, 1.60235138e+02, 2.46302505e+02, 1.60154785e+02,
    2.54118713e+02, 1.60082336e+02, 2.61931915e+02, 1.59942657e+02,
    2.22818832e+02, 1.68155197e+02, 2.30725479e+02, 1.68105362e+02,
    2.38666245e+02, 1.67915512e+02, 2.46525574e+02, 1.67771133e+02,
    2.54358597e+02, 1.67687164e+02, 2.62144348e+02, 1.67565903e+02,
    2.23018448e+02, 1.75966827e+02, 2.31008514e+02, 1.75856415e+02,
    2.38850052e+02, 1.75694565e+02, 2.46789459e+02, 1.75536545e+02,
    2.54589752e+02, 1.75419022e+02, 2.62414307e+02, 1.75297791e+02,
    2.23206802e+02, 1.83805740e+02, 2.31180008e+02, 1.83707764e+02,
    2.39114212e+02, 1.83453674e+02, 2.46927551e+02, 1.83348633e+02,
    2.54874481e+02, 1.83241943e+02, 2.62670197e+02, 1.83172302e+02,
    2.23310791e+02, 1.91651566e+02, 2.31433273e+02, 1.91489655e+02,
    2.39257339e+02, 1.91383514e+02, 2.47224182e+02, 1.91215378e+02,
    2.55084000e+02, 1.91163818e+02, 2.62961029e+02, 1.90934692e+02,
    2.23552780e+02, 1.99565781e+02, 2.31550323e+02, 1.99402100e+02,
    2.39463348e+02, 1.99227066e+02, 2.47413574e+02, 1.99078659e+02,
    2.55342010e+02, 1.98912964e+02, 2.63178925e+02, 1.98761948e+02,
    2.23668549e+02, 2.07467697e+02, 2.31647430e+02, 2.07269272e+02,
    2.39713409e+02, 2.07166687e+02, 2.47564529e+02, 2.06934753e+02,
    2.55566864e+02, 2.06759689e+02, 2.63377289e+02, 2.06591217e+02,
    2.23998611e+02, 2.15235321e+02, 2.31858490e+02, 2.15232803e+02,
    2.39953247e+02, 2.14947433e+02, 2.47840530e+02, 2.14809143e+02,
    2.55833450e+02, 2.14540375e+02, 2.63692902e+02, 2.14361115e+02 ]
