%YAML:1.0
---
points: [ 8.17397766e+02, 4.10582428e+02, 8.40310974e+02, 4.10488800e+02,
    8.63119812e+02, 4.10414673e+02, 8.85657227e+02, 4.10396881e+02,
    9.08310059e+02, 4.10327484e+02, 9.31131653e+02, 4.10220673e+02,
    8.17506836e+02, 4.32946869e+02, 8.40401855e+02, 4.32814392e+02,
    8.63442810e+02, 4.32727142e+02, 8.86122070e+02, 4.32643494e+02,
    9.08648865e+02, 4.32527802e+02, 9.31525269e+02, 4.32380554e+02,
    8.17631836e+02, 4.55417542e+02, 8.40642517e+02, 4.55309906e+02,
    8.63698425e+02, 4.55125397e+02, 8.86381409e+02, 4.54860138e+02,
    9.09139709e+02, 4.54710876e+02, 9.31818420e+02, 4.54643829e+02,
    8.17791626e+02, 4.78087097e+02, 8.40928345e+02, 4.77780090e+02,
    8.63870605e+02, 4.77595276e+02, 8.86631165e+02, 4.77441833e+02,
    9.09463684e+02, 4.77269684e+02, 9.32331787e+02, 4.77130707e+02,
    8.18100159e+02, 5.00818451e+02, 8.41284302e+02, 5.00631073e+02,
    8.64255127e+02, 5.00347565e+02, 8.86906372e+02, 5.00105194e+02,
    9.09880005e+02, 4.99753693e+02, 9.32606995e+02, 4.99517670e+02,
    8.18345093e+02, 5.23561951e+02, 8.41472595e+02, 5.23346802e+02,
    8.64520142e+02, 5.22979309e+02, 8.87270508e+02, 5.22694641e+02,
    9.10304504e+02, 5.22523743e+02, 9.33110779e+02, 5.22297302e+02,
    8.18422302e+02, 5.46256897e+02, 8.41664490e+02, 5.45922241e+02,
    8.64696533e+02, 5.45572876e+02, 8.87524475e+02, 5.45404358e+02,
    9.10631836e+02, 5.45107727e+02, 9.33492737e+02, 5.44738159e+02,
    8.18512207e+02, 5.69200562e+02, 8.41877075e+02, 5.68820129e+02,
    8.65004578e+02, 5.68438843e+02, 8.87902466e+02, 5.68099304e+02,
    9.11009155e+02, 5.67703735e+02, 9.33856934e+02, 5.67407715e+02 ]
