%YAML:1.0
---
points: [ 2.22645401e+02, 1.60296188e+02, 2.30565903e+02, 1.60292191e+02,
    2.38382065e+02, 1.60256760e+02, 2.46320419e+02, 1.60184158e+02,
    2.54113068e+02, 1.60097443e+02, 2.61903259e+02, 1.59990265e+02,
    2.22806824e+02, 1.68143265e+02, 2.30698944e+02, 1.68107010e+02,
    2.38702515e+02, 1.67929565e+02, 2.46470779e+02, 1.67831512e+02,
    2.54354523e+02, 1.67684296e+02, 2.62116791e+02, 1.67612991e+02,
    2.22995102e+02, 1.75966675e+02, 2.30980103e+02, 1.75842178e+02,
    2.38817184e+02, 1.75683472e+02, 2.46741806e+02, 1.75517441e+02,
    2.54595978e+02, 1.75419266e+02, 2.62422485e+02, 1.75285477e+02,
    2.23215637e+02, 1.83837646e+02, 2.31160522e+02, 1.83681122e+02,
    2.39206070e+02, 1.83487503e+02, 2.46919586e+02, 1.83360184e+02,
    2.54857758e+02, 1.83216949e+02, 2.62662201e+02, 1.83139587e+02,
    2.23323685e+02, 1.91665894e+02, 2.31383942e+02, 1.91515945e+02,
    2.39282318e+02, 1.91364929e+02, 2.47222275e+02, 1.91260117e+02,
    2.55094727e+02, 1.91149338e+02, 2.62913483e+02, 1.90935516e+02,
    2.23473312e+02, 1.99543106e+02, 2.31499359e+02, 1.99371475e+02,
    2.39495239e+02, 1.99211823e+02, 2.47397141e+02, 1.99098709e+02,
    2.55340302e+02, 1.98916565e+02, 2.63170593e+02, 1.98763702e+02,
    2.23715897e+02, 2.07434601e+02, 2.31664581e+02, 2.07281616e+02,
    2.39691330e+02, 2.07173996e+02, 2.47544586e+02, 2.06935471e+02,
    2.55591614e+02, 2.06811066e+02, 2.63373535e+02, 2.06540665e+02,
    2.24027039e+02, 2.15305969e+02, 2.31899460e+02, 2.15211044e+02,
    2.39953720e+02, 2.14989227e+02, 2.47871017e+02, 2.14763275e+02,
    2.55825836e+02, 2.14532578e+02, 2.63725403e+02, 2.14392731e+02 ]
