%YAML:1.0
---
points: [ 2.53845306e+02, 1.60323196e+02, 2.61639679e+02, 1.60239395e+02,
    2.69385803e+02, 1.60167999e+02, 2.77182190e+02, 1.60070190e+02,
    2.84897491e+02, 1.60017242e+02, 2.92543213e+02, 1.59751083e+02,
    2.54113907e+02, 1.68080521e+02, 2.61864624e+02, 1.67973495e+02,
    2.69693878e+02, 1.67838684e+02, 2.77395721e+02, 1.67615250e+02,
    2.85189453e+02, 1.67527466e+02, 2.92908691e+02, 1.67425720e+02,
    2.54330536e+02, 1.75763840e+02, 2.62172455e+02, 1.75672821e+02,
    2.69952728e+02, 1.75492233e+02, 2.77650940e+02, 1.75345749e+02,
    2.85458313e+02, 1.75286591e+02, 2.93245728e+02, 1.75146500e+02,
    2.54491638e+02, 1.83489090e+02, 2.62311737e+02, 1.83386444e+02,
    2.70240540e+02, 1.83289017e+02, 2.78023499e+02, 1.83147934e+02,
    2.85775635e+02, 1.83055161e+02, 2.93448944e+02, 1.82930801e+02,
    2.54766571e+02, 1.91370026e+02, 2.62650604e+02, 1.91239456e+02,
    2.70452637e+02, 1.91142715e+02, 2.78283264e+02, 1.90885696e+02,
    2.86151154e+02, 1.90818970e+02, 2.93844574e+02, 1.90539169e+02,
    2.55057236e+02, 1.99181290e+02, 2.62917145e+02, 1.99080856e+02,
    2.70754425e+02, 1.98834412e+02, 2.78502838e+02, 1.98734406e+02,
    2.86401337e+02, 1.98512161e+02, 2.94194763e+02, 1.98408142e+02,
    2.55267044e+02, 2.07126572e+02, 2.63168030e+02, 2.06852798e+02,
    2.71152466e+02, 2.06667572e+02, 2.78819855e+02, 2.06448334e+02,
    2.86692444e+02, 2.06330460e+02, 2.94411255e+02, 2.06154984e+02,
    2.55546722e+02, 2.14817474e+02, 2.63357605e+02, 2.14710251e+02,
    2.71295746e+02, 2.14447433e+02, 2.79230652e+02, 2.14348053e+02,
    2.87151917e+02, 2.14186432e+02, 2.94957672e+02, 2.14034012e+02 ]
