%YAML:1.0
---
points: [ 9.07481567e+02, 4.11356995e+02, 9.30200806e+02, 4.11338470e+02,
    9.52728638e+02, 4.11278351e+02, 9.74967590e+02, 4.11218506e+02,
    9.97318848e+02, 4.11166748e+02, 1.01955530e+03, 4.11025421e+02,
    9.07805420e+02, 4.33475159e+02, 9.30619934e+02, 4.33403290e+02,
    9.53184998e+02, 4.33290100e+02, 9.75507385e+02, 4.33239288e+02,
    9.97878845e+02, 4.32990295e+02, 1.02028699e+03, 4.32910736e+02,
    9.08257751e+02, 4.55633118e+02, 9.31092773e+02, 4.55576813e+02,
    9.53590698e+02, 4.55427185e+02, 9.76047119e+02, 4.55251007e+02,
    9.98482361e+02, 4.55078644e+02, 1.02092737e+03, 4.54873962e+02,
    9.08534729e+02, 4.78194366e+02, 9.31472290e+02, 4.77974213e+02,
    9.54086731e+02, 4.77768036e+02, 9.76458252e+02, 4.77510010e+02,
    9.99087219e+02, 4.77389923e+02, 1.02155121e+03, 4.77324493e+02,
    9.08923645e+02, 5.00748871e+02, 9.31722351e+02, 5.00550903e+02,
    9.54460510e+02, 5.00310822e+02, 9.77013611e+02, 4.99946411e+02,
    9.99620483e+02, 4.99723816e+02, 1.02208331e+03, 4.99550110e+02,
    9.09340576e+02, 5.23355408e+02, 9.32228027e+02, 5.23093140e+02,
    9.54802917e+02, 5.22786255e+02, 9.77482849e+02, 5.22556519e+02,
    1.00022308e+03, 5.22299561e+02, 1.02262640e+03, 5.22081360e+02,
    9.09750854e+02, 5.45715393e+02, 9.32566345e+02, 5.45535889e+02,
    9.55355347e+02, 5.45352722e+02, 9.78144592e+02, 5.44937378e+02,
    1.00075342e+03, 5.44619446e+02, 1.02335492e+03, 5.44435059e+02,
    9.10233704e+02, 5.68612000e+02, 9.33041809e+02, 5.68236877e+02,
    9.55848694e+02, 5.67849487e+02, 9.78739929e+02, 5.67502625e+02,
    1.00145447e+03, 5.67218323e+02, 1.02405542e+03, 5.66876770e+02 ]
