%YAML:1.0
---
points: [ 2.81190186e+02, 1.60206161e+02, 2.88839478e+02, 1.60140518e+02,
    2.96438995e+02, 1.60074158e+02, 3.04162720e+02, 1.59874619e+02,
    3.11742035e+02, 1.59796555e+02, 3.19354309e+02, 1.59684235e+02,
    2.81352783e+02, 1.67796143e+02, 2.89165009e+02, 1.67719940e+02,
    2.96818665e+02, 1.67614120e+02, 3.04359528e+02, 1.67460815e+02,
    3.12146637e+02, 1.67366501e+02, 3.19674377e+02, 1.67292145e+02,
    2.81663818e+02, 1.75464645e+02, 2.89394775e+02, 1.75385147e+02,
    2.97091309e+02, 1.75324844e+02, 3.04726288e+02, 1.75194153e+02,
    3.12370544e+02, 1.75087265e+02, 3.20142059e+02, 1.74990891e+02,
    2.81990448e+02, 1.83268616e+02, 2.89653076e+02, 1.83188705e+02,
    2.97343628e+02, 1.83044846e+02, 3.05128021e+02, 1.82914200e+02,
    3.12718628e+02, 1.82739899e+02, 3.20340881e+02, 1.82588318e+02,
    2.82183441e+02, 1.91094864e+02, 2.89925964e+02, 1.90903458e+02,
    2.97628693e+02, 1.90753296e+02, 3.05303253e+02, 1.90641479e+02,
    3.13003235e+02, 1.90512466e+02, 3.20640137e+02, 1.90346680e+02,
    2.82436218e+02, 1.98784882e+02, 2.90229706e+02, 1.98675171e+02,
    2.97988495e+02, 1.98452621e+02, 3.05535309e+02, 1.98326492e+02,
    3.13314850e+02, 1.98191040e+02, 3.21084869e+02, 1.98097275e+02,
    2.82773254e+02, 2.06524826e+02, 2.90443665e+02, 2.06338776e+02,
    2.98310394e+02, 2.06264359e+02, 3.05998840e+02, 2.06090134e+02,
    3.13723724e+02, 2.05949097e+02, 3.21295044e+02, 2.05732071e+02,
    2.83081390e+02, 2.14313339e+02, 2.90846710e+02, 2.14258636e+02,
    2.98635864e+02, 2.14063782e+02, 3.06317169e+02, 2.13927460e+02,
    3.14191010e+02, 2.13678436e+02, 3.21916840e+02, 2.13538589e+02 ]
