%YAML:1.0
---
points: [ 9.86522766e+02, 4.11640778e+02, 1.00872980e+03, 4.11644165e+02,
    1.03099683e+03, 4.11661743e+02, 1.05289343e+03, 4.11665009e+02,
    1.07478284e+03, 4.11664246e+02, 1.09667957e+03, 4.11642883e+02,
    9.87088928e+02, 4.33653076e+02, 1.00935004e+03, 4.33621460e+02,
    1.03159583e+03, 4.33570251e+02, 1.05364319e+03, 4.33496307e+02,
    1.07550879e+03, 4.33448181e+02, 1.09753638e+03, 4.33394440e+02,
    9.87505981e+02, 4.55702942e+02, 1.00988019e+03, 4.55653961e+02,
    1.03218701e+03, 4.55536682e+02, 1.05427075e+03, 4.55439240e+02,
    1.07625989e+03, 4.55391663e+02, 1.09829468e+03, 4.55282898e+02,
    9.87959106e+02, 4.78050842e+02, 1.01047363e+03, 4.77865631e+02,
    1.03264026e+03, 4.77755463e+02, 1.05471594e+03, 4.77619537e+02,
    1.07678101e+03, 4.77454651e+02, 1.09892297e+03, 4.77392120e+02,
    9.88509399e+02, 5.00488586e+02, 1.01090082e+03, 5.00296478e+02,
    1.03322388e+03, 5.00179291e+02, 1.05530432e+03, 4.99890656e+02,
    1.07745654e+03, 4.99675537e+02, 1.09960303e+03, 4.99494446e+02,
    9.89078064e+02, 5.22848389e+02, 1.01147217e+03, 5.22636230e+02,
    1.03365454e+03, 5.22472351e+02, 1.05588159e+03, 5.22307251e+02,
    1.07816077e+03, 5.22052429e+02, 1.10024817e+03, 5.21759094e+02,
    9.89553589e+02, 5.45302856e+02, 1.01200574e+03, 5.44927612e+02,
    1.03428027e+03, 5.44649841e+02, 1.05659790e+03, 5.44517639e+02,
    1.07896704e+03, 5.44300964e+02, 1.10112720e+03, 5.43973022e+02,
    9.90105835e+02, 5.67717407e+02, 1.01256500e+03, 5.67427185e+02,
    1.03501208e+03, 5.67145752e+02, 1.05745496e+03, 5.66731689e+02,
    1.07974890e+03, 5.66521667e+02, 1.10190979e+03, 5.66339539e+02 ]
