%YAML:1.0
---
points: [ 2.97403809e+02, 1.59985031e+02, 3.05194458e+02, 1.59833679e+02,
    3.12944183e+02, 1.59657166e+02, 3.20543762e+02, 1.59495346e+02,
    3.28268860e+02, 1.59387177e+02, 3.36152008e+02, 1.59282883e+02,
    2.97670807e+02, 1.67619507e+02, 3.05355347e+02, 1.67455231e+02,
    3.13230133e+02, 1.67328156e+02, 3.20993774e+02, 1.67198044e+02,
    3.28619507e+02, 1.66996246e+02, 3.36361816e+02, 1.66903778e+02,
    2.97954956e+02, 1.75270660e+02, 3.05695007e+02, 1.75197678e+02,
    3.13361115e+02, 1.75094040e+02, 3.21219238e+02, 1.74874619e+02,
    3.29094849e+02, 1.74697922e+02, 3.36798157e+02, 1.74568298e+02,
    2.98252899e+02, 1.83139206e+02, 3.06082703e+02, 1.82921783e+02,
    3.13802429e+02, 1.82727905e+02, 3.21425323e+02, 1.82611725e+02,
    3.29280548e+02, 1.82413589e+02, 3.37148529e+02, 1.82322205e+02,
    2.98447510e+02, 1.90845047e+02, 3.06291199e+02, 1.90664612e+02,
    3.14097107e+02, 1.90529327e+02, 3.21762573e+02, 1.90305435e+02,
    3.29486664e+02, 1.90222672e+02, 3.37347809e+02, 1.90017776e+02,
    2.98702209e+02, 1.98530090e+02, 3.06441986e+02, 1.98398209e+02,
    3.14284210e+02, 1.98256378e+02, 3.22086823e+02, 1.98148163e+02,
    3.29866058e+02, 1.97881653e+02, 3.37650970e+02, 1.97768143e+02,
    2.99060089e+02, 2.06307541e+02, 3.06750610e+02, 2.06138565e+02,
    3.14580750e+02, 2.06047729e+02, 3.22319000e+02, 2.05840317e+02,
    3.30311646e+02, 2.05703171e+02, 3.38053253e+02, 2.05504929e+02,
    2.99329071e+02, 2.14190765e+02, 3.07158142e+02, 2.14050552e+02,
    3.15036621e+02, 2.13808685e+02, 3.22720703e+02, 2.13667389e+02,
    3.30531036e+02, 2.13500153e+02, 3.38360291e+02, 2.13367676e+02 ]
