%YAML:1.0
---
points: [ 1.03353284e+03, 4.11615326e+02, 1.05573499e+03, 4.11480865e+02,
    1.07810535e+03, 4.11367584e+02, 1.10025085e+03, 4.11182587e+02,
    1.12232666e+03, 4.11133118e+02, 1.14442529e+03, 4.10841095e+02,
    1.03408459e+03, 4.33554535e+02, 1.05637415e+03, 4.33429932e+02,
    1.07865247e+03, 4.33280609e+02, 1.10084875e+03, 4.33107910e+02,
    1.12301453e+03, 4.32970795e+02, 1.14518396e+03, 4.32726013e+02,
    1.03447644e+03, 4.55605255e+02, 1.05682947e+03, 4.55468842e+02,
    1.07928198e+03, 4.55342163e+02, 1.10145654e+03, 4.55101349e+02,
    1.12368640e+03, 4.54832397e+02, 1.14589355e+03, 4.54684784e+02,
    1.03486682e+03, 4.77895233e+02, 1.05739893e+03, 4.77673401e+02,
    1.07969421e+03, 4.77461945e+02, 1.10197839e+03, 4.77332306e+02,
    1.12429443e+03, 4.77097778e+02, 1.14659827e+03, 4.76864716e+02,
    1.03539209e+03, 5.00334351e+02, 1.05789233e+03, 5.00065643e+02,
    1.08023767e+03, 4.99769897e+02, 1.10245337e+03, 4.99586334e+02,
    1.12487915e+03, 4.99370453e+02, 1.14717896e+03, 4.99128937e+02,
    1.03586011e+03, 5.22715027e+02, 1.05840247e+03, 5.22487122e+02,
    1.08064038e+03, 5.22250183e+02, 1.10303943e+03, 5.22056152e+02,
    1.12541492e+03, 5.21762451e+02, 1.14777112e+03, 5.21495728e+02,
    1.03636560e+03, 5.44965820e+02, 1.05882727e+03, 5.44724121e+02,
    1.08129504e+03, 5.44558655e+02, 1.10363611e+03, 5.44307678e+02,
    1.12618433e+03, 5.44114258e+02, 1.14856201e+03, 5.43789490e+02,
    1.03680042e+03, 5.67476746e+02, 1.05947888e+03, 5.67289856e+02,
    1.08185168e+03, 5.66877258e+02, 1.10443823e+03, 5.66576904e+02,
    1.12691394e+03, 5.66412537e+02, 1.14932361e+03, 5.66263000e+02 ]
