%YAML:1.0
---
points: [ 1.18571375e+03, 4.13333008e+02, 1.20805310e+03, 4.12818481e+02,
    1.23062097e+03, 4.12423309e+02, 1.25309497e+03, 4.11923126e+02,
    1.27584314e+03, 4.11577637e+02, 1.29855420e+03, 4.11138550e+02,
    1.18628650e+03, 4.34766388e+02, 1.20872302e+03, 4.34469421e+02,
    1.23133069e+03, 4.33965576e+02, 1.25388025e+03, 4.33608612e+02,
    1.27648901e+03, 4.33238861e+02, 1.29959302e+03, 4.32779083e+02,
    1.18673816e+03, 4.56544312e+02, 1.20930151e+03, 4.56192322e+02,
    1.23190283e+03, 4.55730988e+02, 1.25450488e+03, 4.55443848e+02,
    1.27743433e+03, 4.55117401e+02, 1.30041467e+03, 4.54690125e+02,
    1.18727417e+03, 4.78492340e+02, 1.20993298e+03, 4.78262390e+02,
    1.23257520e+03, 4.77832886e+02, 1.25518994e+03, 4.77468414e+02,
    1.27812402e+03, 4.77157654e+02, 1.30112891e+03, 4.76729401e+02,
    1.18776978e+03, 5.00553009e+02, 1.21054773e+03, 5.00270996e+02,
    1.23308813e+03, 4.99894684e+02, 1.25579871e+03, 4.99586487e+02,
    1.27881384e+03, 4.99287964e+02, 1.30170703e+03, 4.98968842e+02,
    1.18836975e+03, 5.22578857e+02, 1.21100061e+03, 5.22373230e+02,
    1.23367310e+03, 5.22106934e+02, 1.25646436e+03, 5.21811523e+02,
    1.27955469e+03, 5.21588135e+02, 1.30252014e+03, 5.21276978e+02,
    1.18889990e+03, 5.44577942e+02, 1.21160693e+03, 5.44430176e+02,
    1.23438440e+03, 5.44234497e+02, 1.25739380e+03, 5.43941101e+02,
    1.28031982e+03, 5.43738770e+02, 1.30343445e+03, 5.43596130e+02,
    1.18950208e+03, 5.66647705e+02, 1.21235425e+03, 5.66502197e+02,
    1.23523511e+03, 5.66414246e+02, 1.25822351e+03, 5.66306091e+02,
    1.28132324e+03, 5.66092041e+02, 1.30463062e+03, 5.65926453e+02 ]
