%YAML:1.0
---
points: [ 3.50317200e+02, 1.59876572e+02, 3.58232758e+02, 1.59700958e+02,
    3.66149750e+02, 1.59494507e+02, 3.73990997e+02, 1.59182388e+02,
    3.81928040e+02, 1.58905655e+02, 3.89891724e+02, 1.58672516e+02,
    3.50476562e+02, 1.67369675e+02, 3.58471436e+02, 1.67208511e+02,
    3.66439117e+02, 1.66979797e+02, 3.74333405e+02, 1.66785583e+02,
    3.82356842e+02, 1.66626526e+02, 3.90281250e+02, 1.66389328e+02,
    3.50982147e+02, 1.75092087e+02, 3.58864594e+02, 1.74800903e+02,
    3.66722229e+02, 1.74640793e+02, 3.74674652e+02, 1.74434677e+02,
    3.82757385e+02, 1.74157623e+02, 3.90767639e+02, 1.73867493e+02,
    3.51215485e+02, 1.82657928e+02, 3.59189911e+02, 1.82517715e+02,
    3.67125763e+02, 1.82247955e+02, 3.75067810e+02, 1.82024872e+02,
    3.83099060e+02, 1.81818710e+02, 3.91101318e+02, 1.81744125e+02,
    3.51362671e+02, 1.90340897e+02, 3.59372223e+02, 1.90160751e+02,
    3.67377197e+02, 1.89935257e+02, 3.75357819e+02, 1.89742905e+02,
    3.83389709e+02, 1.89665543e+02, 3.91382538e+02, 1.89416306e+02,
    3.51740784e+02, 1.97970627e+02, 3.59693359e+02, 1.97788956e+02,
    3.67678162e+02, 1.97696396e+02, 3.75625336e+02, 1.97535614e+02,
    3.83753296e+02, 1.97375702e+02, 3.91736450e+02, 1.97170227e+02,
    3.52146210e+02, 2.05685654e+02, 3.60057098e+02, 2.05521225e+02,
    3.68156769e+02, 2.05409409e+02, 3.76079132e+02, 2.05213181e+02,
    3.84208954e+02, 2.05078690e+02, 3.92243439e+02, 2.04813293e+02,
    3.52340027e+02, 2.13407700e+02, 3.60395538e+02, 2.13296799e+02,
    3.68397125e+02, 2.13118439e+02, 3.76469757e+02, 2.12962662e+02,
    3.84586670e+02, 2.12811996e+02, 3.92709015e+02, 2.12794113e+02 ]
