%YAML:1.0
---
points: [ 4.17339417e+02, 1.57921005e+02, 4.25362762e+02, 1.57726898e+02,
    4.33399445e+02, 1.57640747e+02, 4.41362396e+02, 1.57301651e+02,
    4.49255676e+02, 1.57076218e+02, 4.57174866e+02, 1.56712250e+02,
    4.17702240e+02, 1.65660934e+02, 4.25727722e+02, 1.65643280e+02,
    4.33783783e+02, 1.65253571e+02, 4.41758057e+02, 1.64962341e+02,
    4.49748993e+02, 1.64768723e+02, 4.57667480e+02, 1.64775772e+02,
    4.17954468e+02, 1.73658569e+02, 4.26028259e+02, 1.73288116e+02,
    4.34136566e+02, 1.73018372e+02, 4.42170227e+02, 1.72746185e+02,
    4.50167053e+02, 1.72709854e+02, 4.58087646e+02, 1.72488724e+02,
    4.18319336e+02, 1.81269775e+02, 4.26482666e+02, 1.81078400e+02,
    4.34526947e+02, 1.80753769e+02, 4.42584106e+02, 1.80741180e+02,
    4.50613831e+02, 1.80580002e+02, 4.58567627e+02, 1.80480530e+02,
    4.18653473e+02, 1.89198639e+02, 4.26683655e+02, 1.88816010e+02,
    4.34771240e+02, 1.88779770e+02, 4.42793518e+02, 1.88624420e+02,
    4.50803345e+02, 1.88404800e+02, 4.58760773e+02, 1.88050171e+02,
    4.18862213e+02, 1.96816345e+02, 4.26977386e+02, 1.96752899e+02,
    4.35012665e+02, 1.96629211e+02, 4.43039124e+02, 1.96497803e+02,
    4.51104370e+02, 1.96177505e+02, 4.59061432e+02, 1.96076416e+02,
    4.19275726e+02, 2.04798660e+02, 4.27358002e+02, 2.04646484e+02,
    4.35525635e+02, 2.04530563e+02, 4.43565186e+02, 2.04279556e+02,
    4.51605682e+02, 2.04045807e+02, 4.59625702e+02, 2.03757217e+02,
    4.19570862e+02, 2.12601425e+02, 4.27766296e+02, 2.12590347e+02,
    4.35817108e+02, 2.12256790e+02, 4.43909729e+02, 2.12117645e+02,
    4.51967926e+02, 2.11808578e+02, 4.59991974e+02, 2.11794861e+02 ]
