%YAML:1.0
---
points: [ 1.37764172e+03, 4.09409454e+02, 1.40096875e+03, 4.08796600e+02,
    1.42430615e+03, 4.08352844e+02, 1.44787036e+03, 4.07746613e+02,
    1.47130786e+03, 4.07288147e+02, 1.49508203e+03, 4.06721954e+02,
    1.37850305e+03, 4.31703827e+02, 1.40190393e+03, 4.31179657e+02,
    1.42533032e+03, 4.30552460e+02, 1.44880469e+03, 4.30152100e+02,
    1.47239734e+03, 4.29603424e+02, 1.49614221e+03, 4.29120605e+02,
    1.37896985e+03, 4.54156555e+02, 1.40243433e+03, 4.53654053e+02,
    1.42603333e+03, 4.53179321e+02, 1.44947693e+03, 4.52607147e+02,
    1.47326550e+03, 4.52128326e+02, 1.49694031e+03, 4.51590515e+02,
    1.37958960e+03, 4.76532928e+02, 1.40301416e+03, 4.76139099e+02,
    1.42660522e+03, 4.75656586e+02, 1.45011255e+03, 4.75237762e+02,
    1.47394482e+03, 4.74821503e+02, 1.49764697e+03, 4.74384003e+02,
    1.38023889e+03, 4.98842865e+02, 1.40360706e+03, 4.98534393e+02,
    1.42724622e+03, 4.98255402e+02, 1.45074023e+03, 4.97763214e+02,
    1.47451160e+03, 4.97486664e+02, 1.49825232e+03, 4.97014343e+02,
    1.38060254e+03, 5.21392029e+02, 1.40412939e+03, 5.21099609e+02,
    1.42772327e+03, 5.20719971e+02, 1.45129688e+03, 5.20401978e+02,
    1.47504883e+03, 5.20060425e+02, 1.49885767e+03, 5.19621460e+02,
    1.38134521e+03, 5.43762878e+02, 1.40504602e+03, 5.43601135e+02,
    1.42853772e+03, 5.43356567e+02, 1.45236768e+03, 5.42988770e+02,
    1.47613074e+03, 5.42704651e+02, 1.49997119e+03, 5.42472717e+02,
    1.38218298e+03, 5.66349121e+02, 1.40578687e+03, 5.66198486e+02,
    1.42943115e+03, 5.65822021e+02, 1.45327698e+03, 5.65671204e+02,
    1.47718079e+03, 5.65528320e+02, 1.50117908e+03, 5.65389954e+02 ]
