%YAML:1.0
---
points: [ 4.24837616e+02, 5.69713318e+02, 4.27954926e+02, 5.45940002e+02,
    4.31183136e+02, 5.22887146e+02, 4.34331940e+02, 4.99598572e+02,
    4.37421234e+02, 4.76861053e+02, 4.40266479e+02, 4.53961029e+02,
    4.49221741e+02, 5.70906494e+02, 4.52312164e+02, 5.47460938e+02,
    4.55254028e+02, 5.24191223e+02, 4.58289825e+02, 5.01161835e+02,
    4.61031128e+02, 4.78165558e+02, 4.64073944e+02, 4.55180695e+02,
    4.73207886e+02, 5.72157898e+02, 4.76023376e+02, 5.48730225e+02,
    4.79026825e+02, 5.25350464e+02, 4.81688568e+02, 5.02406952e+02,
    4.84604645e+02, 4.79436096e+02, 4.87234161e+02, 4.56467346e+02,
    4.96776917e+02, 5.73308960e+02, 4.99632935e+02, 5.49902893e+02,
    5.02412476e+02, 5.26533142e+02, 5.05155609e+02, 5.03455017e+02,
    5.07757996e+02, 4.80535004e+02, 5.10506439e+02, 4.57719666e+02,
    5.20454773e+02, 5.74495056e+02, 5.23234802e+02, 5.50845642e+02,
    5.25825928e+02, 5.27781311e+02, 5.28527588e+02, 5.04553864e+02,
    5.31238098e+02, 4.81734833e+02, 5.33685852e+02, 4.58777039e+02,
    5.44191650e+02, 5.75563293e+02, 5.46725281e+02, 5.52023010e+02,
    5.49421997e+02, 5.28810364e+02, 5.52011841e+02, 5.05852783e+02,
    5.54566040e+02, 4.82741730e+02, 5.56999146e+02, 4.59958221e+02,
    5.68230042e+02, 5.76793579e+02, 5.70564087e+02, 5.53486389e+02,
    5.73166504e+02, 5.29998352e+02, 5.75586121e+02, 5.07126587e+02,
    5.77946533e+02, 4.83951874e+02, 5.80499634e+02, 4.61272217e+02,
    5.91873779e+02, 5.77962097e+02, 5.94448181e+02, 5.54677856e+02,
    5.96724487e+02, 5.31350464e+02, 5.99236206e+02, 5.08242340e+02,
    6.01586853e+02, 4.85430115e+02, 6.03782166e+02, 4.62325745e+02 ]
