%YAML:1.0
---
points: [ 8.76963348e+01, 2.16786179e+02, 8.85628662e+01, 2.08623398e+02,
    8.94866638e+01, 2.00609589e+02, 9.04050217e+01, 1.92577911e+02,
    9.13453751e+01, 1.84619568e+02, 9.22321091e+01, 1.76648270e+02,
    9.59809494e+01, 2.17119965e+02, 9.68517914e+01, 2.08929199e+02,
    9.77721558e+01, 2.00820282e+02, 9.86460114e+01, 1.92846909e+02,
    9.94912643e+01, 1.84812881e+02, 1.00383881e+02, 1.76901917e+02,
    1.04264015e+02, 2.17646912e+02, 1.05078140e+02, 2.09433823e+02,
    1.05975067e+02, 2.01279144e+02, 1.06809830e+02, 1.93225143e+02,
    1.07638908e+02, 1.85298462e+02, 1.08334450e+02, 1.77298737e+02,
    1.12374001e+02, 2.17833298e+02, 1.13268227e+02, 2.09684845e+02,
    1.14076752e+02, 2.01651535e+02, 1.14892349e+02, 1.93653900e+02,
    1.15616760e+02, 1.85650574e+02, 1.16456940e+02, 1.77697205e+02,
    1.20613976e+02, 2.18164444e+02, 1.21375587e+02, 2.09915756e+02,
    1.22183525e+02, 2.01892258e+02, 1.23011406e+02, 1.93830215e+02,
    1.23768707e+02, 1.85850739e+02, 1.24473228e+02, 1.77858810e+02,
    1.28882965e+02, 2.18563248e+02, 1.29592041e+02, 2.10333099e+02,
    1.30342529e+02, 2.02214340e+02, 1.31162949e+02, 1.94216461e+02,
    1.31879257e+02, 1.86234497e+02, 1.32604599e+02, 1.78279907e+02,
    1.37188019e+02, 2.18826721e+02, 1.37960876e+02, 2.10675110e+02,
    1.38616684e+02, 2.02618973e+02, 1.39325348e+02, 1.94604340e+02,
    1.40123642e+02, 1.86625717e+02, 1.40769363e+02, 1.78655319e+02,
    1.45436508e+02, 2.19199265e+02, 1.46205917e+02, 2.11057281e+02,
    1.46881821e+02, 2.02900101e+02, 1.47532349e+02, 1.94889481e+02,
    1.48233856e+02, 1.86884476e+02, 1.48881607e+02, 1.78944458e+02 ]
