%YAML:1.0
---
points: [ 1.20455765e+02, 1.79121277e+02, 1.19704704e+02, 1.86684311e+02,
    1.18798851e+02, 1.94392288e+02, 1.17869820e+02, 2.01946732e+02,
    1.17034470e+02, 2.09798187e+02, 1.16069893e+02, 2.17716248e+02,
    1.13176079e+02, 1.79655289e+02, 1.12357124e+02, 1.87070038e+02,
    1.11421608e+02, 1.94722977e+02, 1.10466286e+02, 2.02454865e+02,
    1.09575005e+02, 2.10086288e+02, 1.08652817e+02, 2.18117966e+02,
    1.06110588e+02, 1.80116135e+02, 1.05150162e+02, 1.87647888e+02,
    1.04140396e+02, 1.95213898e+02, 1.03195206e+02, 2.02729263e+02,
    1.02024216e+02, 2.10624023e+02, 1.01134407e+02, 2.18506958e+02,
    9.89676666e+01, 1.80633652e+02, 9.80116196e+01, 1.88062943e+02,
    9.70358276e+01, 1.95657867e+02, 9.60333557e+01, 2.03245773e+02,
    9.49519653e+01, 2.10853027e+02, 9.38030853e+01, 2.18813568e+02,
    9.23215485e+01, 1.81068863e+02, 9.11129684e+01, 1.88598343e+02,
    8.98769379e+01, 1.96033508e+02, 8.89952469e+01, 2.03621948e+02,
    8.78708878e+01, 2.11396744e+02, 8.68037491e+01, 2.19071793e+02,
    8.50732956e+01, 1.81681931e+02, 8.41900101e+01, 1.88908859e+02,
    8.30681229e+01, 1.96590118e+02, 8.18717194e+01, 2.03982956e+02,
    8.08290329e+01, 2.11757706e+02, 7.95443268e+01, 2.19596695e+02,
    8.20135498e+01, 1.81773026e+02, 7.71804504e+01, 1.89513916e+02,
    7.61416626e+01, 1.96849945e+02, 7.49929581e+01, 2.04496582e+02,
    7.37251205e+01, 2.11948929e+02, 7.25634689e+01, 2.19749832e+02,
    7.14233932e+01, 1.82541763e+02, 7.04599686e+01, 1.89863586e+02,
    6.94976120e+01, 1.97146393e+02, 6.79335022e+01, 2.04758957e+02,
    6.65473480e+01, 2.12218765e+02, 6.53812866e+01, 2.19993652e+02 ]
