%YAML:1.0
---
points: [ 5.22847473e+02, 4.61961792e+02, 5.19830322e+02, 4.83806152e+02,
    5.16995117e+02, 5.05759613e+02, 5.13756714e+02, 5.27886780e+02,
    5.10678741e+02, 5.50333740e+02, 5.07481293e+02, 5.73032471e+02,
    5.02052399e+02, 4.63207520e+02, 4.98936279e+02, 4.85037201e+02,
    4.95940918e+02, 5.06812927e+02, 4.92479675e+02, 5.28800720e+02,
    4.89401978e+02, 5.51102417e+02, 4.85977570e+02, 5.73997620e+02,
    4.81422760e+02, 4.64551605e+02, 4.78341339e+02, 4.86105408e+02,
    4.75111786e+02, 5.07786469e+02, 4.71519379e+02, 5.29631958e+02,
    4.68149597e+02, 5.51885925e+02, 4.64594482e+02, 5.74621399e+02,
    4.61142212e+02, 4.65754181e+02, 4.57858826e+02, 4.87289429e+02,
    4.54484070e+02, 5.08817627e+02, 4.50820129e+02, 5.30697754e+02,
    4.47425995e+02, 5.52931946e+02, 4.43753601e+02, 5.75572632e+02,
    4.41048859e+02, 4.66888519e+02, 4.37706604e+02, 4.88295776e+02,
    4.33966003e+02, 5.09955780e+02, 4.30421143e+02, 5.31791443e+02,
    4.26780243e+02, 5.53937378e+02, 4.22983002e+02, 5.76372498e+02,
    4.21091400e+02, 4.68109833e+02, 4.17499939e+02, 4.89511414e+02,
    4.13718872e+02, 5.11045471e+02, 4.10160675e+02, 5.32816467e+02,
    4.06379364e+02, 5.54851196e+02, 4.02425232e+02, 5.77080566e+02,
    4.00997650e+02, 4.69386383e+02, 3.97273834e+02, 4.90568604e+02,
    3.93448273e+02, 5.12153442e+02, 3.89618561e+02, 5.33600464e+02,
    3.85578735e+02, 5.55583679e+02, 3.81448975e+02, 5.77721863e+02,
    3.80862976e+02, 4.70324463e+02, 3.76756622e+02, 4.91467834e+02,
    3.72878143e+02, 5.12698792e+02, 3.68837189e+02, 5.34157593e+02,
    3.64599976e+02, 5.56025146e+02, 3.60442810e+02, 5.78249634e+02 ]
