%YAML:1.0
---
points: [ 4.24732849e+02, 5.72262573e+02, 4.27686157e+02, 5.48655090e+02,
    4.30638062e+02, 5.25158752e+02, 4.33632721e+02, 5.02099365e+02,
    4.36498108e+02, 4.78944733e+02, 4.39457520e+02, 4.55821777e+02,
    4.49567596e+02, 5.73367065e+02, 4.52536469e+02, 5.49768921e+02,
    4.55325043e+02, 5.26340820e+02, 4.58177612e+02, 5.03016022e+02,
    4.60678345e+02, 4.80139496e+02, 4.63434357e+02, 4.57070038e+02,
    4.74267242e+02, 5.74417847e+02, 4.76797363e+02, 5.50667969e+02,
    4.79552979e+02, 5.27370728e+02, 4.82146820e+02, 5.04016907e+02,
    4.84784149e+02, 4.81047974e+02, 4.87186554e+02, 4.58243500e+02,
    4.98298279e+02, 5.75206909e+02, 5.01040344e+02, 5.51496460e+02,
    5.03396820e+02, 5.28242798e+02, 5.06059174e+02, 5.05118835e+02,
    5.08420135e+02, 4.81932068e+02, 5.10954926e+02, 4.59073517e+02,
    5.22482605e+02, 5.76019409e+02, 5.24775391e+02, 5.52419861e+02,
    5.27380554e+02, 5.29081543e+02, 5.29684631e+02, 5.05910126e+02,
    5.32252197e+02, 4.82962250e+02, 5.34478516e+02, 4.59932312e+02,
    5.46479675e+02, 5.76783020e+02, 5.48826721e+02, 5.53435791e+02,
    5.51273865e+02, 5.29889343e+02, 5.53658386e+02, 5.06918640e+02,
    5.55905945e+02, 4.83780731e+02, 5.58273621e+02, 4.60911865e+02,
    5.70802551e+02, 5.77734802e+02, 5.73239502e+02, 5.54369263e+02,
    5.75372070e+02, 5.30875427e+02, 5.77555481e+02, 5.07786591e+02,
    5.79829163e+02, 4.84881012e+02, 5.81934631e+02, 4.61856201e+02,
    5.95179443e+02, 5.78752747e+02, 5.97331970e+02, 5.55264099e+02,
    5.99514526e+02, 5.32030090e+02, 6.01588562e+02, 5.08785187e+02,
    6.03535278e+02, 4.85886139e+02, 6.05684570e+02, 4.62964050e+02 ]
