%YAML:1.0
---
points: [ 8.78277206e+01, 2.17729523e+02, 8.85974197e+01, 2.09517212e+02,
    8.94681396e+01, 2.01399628e+02, 9.03621140e+01, 1.93284256e+02,
    9.12065582e+01, 1.85320526e+02, 9.20221252e+01, 1.77266998e+02,
    9.62391052e+01, 2.17890945e+02, 9.70928192e+01, 2.09732681e+02,
    9.79029694e+01, 2.01684677e+02, 9.87047806e+01, 1.93687149e+02,
    9.94859161e+01, 1.85659653e+02, 1.00296173e+02, 1.77707764e+02,
    1.04754051e+02, 2.18285339e+02, 1.05438507e+02, 2.09962265e+02,
    1.06262650e+02, 2.01902496e+02, 1.07061783e+02, 1.93799042e+02,
    1.07781647e+02, 1.85838638e+02, 1.08451019e+02, 1.77781036e+02,
    1.13052864e+02, 2.18630356e+02, 1.13831902e+02, 2.10284042e+02,
    1.14494080e+02, 2.02087448e+02, 1.15260582e+02, 1.94069183e+02,
    1.15927895e+02, 1.86042892e+02, 1.16673882e+02, 1.78074005e+02,
    1.21378288e+02, 2.18750870e+02, 1.22111763e+02, 2.10563812e+02,
    1.22836853e+02, 2.02442963e+02, 1.23530228e+02, 1.94347076e+02,
    1.24213615e+02, 1.86373520e+02, 1.24894928e+02, 1.78382263e+02,
    1.29771439e+02, 2.18863449e+02, 1.30457062e+02, 2.10737198e+02,
    1.31142105e+02, 2.02667908e+02, 1.31796326e+02, 1.94623749e+02,
    1.32423279e+02, 1.86638474e+02, 1.33146683e+02, 1.78698349e+02,
    1.38222565e+02, 2.19194870e+02, 1.38918228e+02, 2.10925888e+02,
    1.39484802e+02, 2.02831451e+02, 1.40119202e+02, 1.94829193e+02,
    1.40736710e+02, 1.86817780e+02, 1.41310104e+02, 1.78800446e+02,
    1.46611313e+02, 2.19495697e+02, 1.47254837e+02, 2.11270370e+02,
    1.47834000e+02, 2.03142960e+02, 1.48372070e+02, 1.95126846e+02,
    1.49004623e+02, 1.87064484e+02, 1.49514709e+02, 1.79186737e+02 ]
