%YAML:1.0
---
points: [ 2.16604233e+02, 1.79718018e+02, 2.16735062e+02, 1.87453278e+02,
    2.16948181e+02, 1.95331726e+02, 2.17038300e+02, 2.03168762e+02,
    2.17199829e+02, 2.11140335e+02, 2.17246384e+02, 2.19209518e+02,
    2.08512970e+02, 1.79750977e+02, 2.08591873e+02, 1.87534744e+02,
    2.08675079e+02, 1.95382690e+02, 2.08853943e+02, 2.03233841e+02,
    2.08937592e+02, 2.11262405e+02, 2.09084793e+02, 2.19325089e+02,
    2.00383148e+02, 1.79865311e+02, 2.00376892e+02, 1.87656708e+02,
    2.00513321e+02, 1.95481232e+02, 2.00488983e+02, 2.03366348e+02,
    2.00587021e+02, 2.11353653e+02, 2.00562393e+02, 2.19547516e+02,
    1.92253250e+02, 1.79956009e+02, 1.92255295e+02, 1.87724060e+02,
    1.92337051e+02, 1.95634186e+02, 1.92339142e+02, 2.03549973e+02,
    1.92287827e+02, 2.11589920e+02, 1.92343307e+02, 2.19689880e+02,
    1.84152634e+02, 1.80038239e+02, 1.84169724e+02, 1.87822891e+02,
    1.84116623e+02, 1.95813034e+02, 1.84098724e+02, 2.03727493e+02,
    1.84097794e+02, 2.11761307e+02, 1.84046387e+02, 2.19878601e+02,
    1.75889679e+02, 1.80132355e+02, 1.75794678e+02, 1.87919724e+02,
    1.75496719e+02, 1.96021591e+02, 1.75472519e+02, 2.03803757e+02,
    1.75562149e+02, 2.11914536e+02, 1.75497452e+02, 2.20123917e+02,
    1.67527924e+02, 1.80131165e+02, 1.67424118e+02, 1.88060669e+02,
    1.67509384e+02, 1.96274994e+02, 1.67548096e+02, 2.03472397e+02,
    1.67187958e+02, 2.12037231e+02, 1.67122604e+02, 2.20236893e+02,
    1.59237122e+02, 1.80174683e+02, 1.59165131e+02, 1.88076691e+02,
    1.59008270e+02, 1.95984299e+02, 1.58804214e+02, 2.04043442e+02,
    1.58629532e+02, 2.12137344e+02, 1.58354904e+02, 2.20383911e+02 ]
