%YAML:1.0
---
points: [ 7.98685486e+02, 4.66192963e+02, 7.98639221e+02, 4.88468292e+02,
    7.98533386e+02, 5.11166870e+02, 7.98457764e+02, 5.33698975e+02,
    7.98401184e+02, 5.56598816e+02, 7.98332092e+02, 5.79878052e+02,
    7.75470276e+02, 4.66161591e+02, 7.75305115e+02, 4.88438660e+02,
    7.75157959e+02, 5.11214752e+02, 7.74882996e+02, 5.33814270e+02,
    7.74656250e+02, 5.56736877e+02, 7.74556458e+02, 5.80164368e+02,
    7.52132385e+02, 4.66152924e+02, 7.51702942e+02, 4.88574585e+02,
    7.51373657e+02, 5.11269470e+02, 7.51165344e+02, 5.33985596e+02,
    7.50775696e+02, 5.56948547e+02, 7.50453369e+02, 5.80415466e+02,
    7.28486084e+02, 4.66315979e+02, 7.28164673e+02, 4.88681213e+02,
    7.27647644e+02, 5.11476929e+02, 7.27332214e+02, 5.34221130e+02,
    7.26867310e+02, 5.57319153e+02, 7.26458008e+02, 5.80720398e+02,
    7.04919739e+02, 4.66341888e+02, 7.04323120e+02, 4.88815857e+02,
    7.03789856e+02, 5.11673035e+02, 7.03309509e+02, 5.34489319e+02,
    7.02672058e+02, 5.57636169e+02, 7.02291321e+02, 5.81120972e+02,
    6.81234497e+02, 4.66447784e+02, 6.80611389e+02, 4.88969238e+02,
    6.80069397e+02, 5.11849640e+02, 6.79363098e+02, 5.34691772e+02,
    6.78673157e+02, 5.57949158e+02, 6.77901978e+02, 5.81421021e+02,
    6.57302551e+02, 4.66361176e+02, 6.56604065e+02, 4.88970001e+02,
    6.55758606e+02, 5.11902679e+02, 6.55069580e+02, 5.34782532e+02,
    6.54240540e+02, 5.58138184e+02, 6.53479370e+02, 5.81625732e+02,
    6.33295593e+02, 4.66289978e+02, 6.32353271e+02, 4.88811401e+02,
    6.31482544e+02, 5.11878967e+02, 6.30414368e+02, 5.34688660e+02,
    6.29478699e+02, 5.58278442e+02, 6.28459961e+02, 5.81730042e+02 ]
