%YAML:1.0
---
points: [ 2.58874573e+02, 1.79316315e+02, 2.59196106e+02, 1.87048279e+02,
    2.59424866e+02, 1.94711731e+02, 2.59784943e+02, 2.02477280e+02,
    2.60131958e+02, 2.10296661e+02, 2.60380127e+02, 2.18327820e+02,
    2.51009506e+02, 1.79355667e+02, 2.51285858e+02, 1.87159775e+02,
    2.51522491e+02, 1.94872299e+02, 2.51831635e+02, 2.02623322e+02,
    2.52162033e+02, 2.10478851e+02, 2.52325287e+02, 2.18455963e+02,
    2.43152451e+02, 1.79460114e+02, 2.43315628e+02, 1.87217209e+02,
    2.43530167e+02, 1.95010818e+02, 2.43779648e+02, 2.02874832e+02,
    2.44078445e+02, 2.10637527e+02, 2.44270035e+02, 2.18667587e+02,
    2.35128708e+02, 1.79601624e+02, 2.35322815e+02, 1.87330215e+02,
    2.35561890e+02, 1.95157104e+02, 2.35774994e+02, 2.02957840e+02,
    2.35994461e+02, 2.10844864e+02, 2.36208588e+02, 2.18872360e+02,
    2.27200027e+02, 1.79740677e+02, 2.27328979e+02, 1.87442047e+02,
    2.27454224e+02, 1.95275299e+02, 2.27658081e+02, 2.03141602e+02,
    2.27861328e+02, 2.11063766e+02, 2.28088043e+02, 2.19144119e+02,
    2.19181503e+02, 1.79865646e+02, 2.19306137e+02, 1.87579102e+02,
    2.19420135e+02, 1.95424713e+02, 2.19495911e+02, 2.03253189e+02,
    2.19748184e+02, 2.11212799e+02, 2.19892670e+02, 2.19326553e+02,
    2.11234406e+02, 1.79939774e+02, 2.11315552e+02, 1.87724228e+02,
    2.11396835e+02, 1.95531540e+02, 2.11360641e+02, 2.03402466e+02,
    2.11507690e+02, 2.11327148e+02, 2.11571320e+02, 2.19369705e+02,
    2.03143219e+02, 1.79962112e+02, 2.03219543e+02, 1.87769073e+02,
    2.03250458e+02, 1.95580322e+02, 2.03256943e+02, 2.03466446e+02,
    2.03315247e+02, 2.11454498e+02, 2.03366028e+02, 2.19495941e+02 ]
