%YAML:1.0
---
points: [ 9.21133667e+02, 4.66143646e+02, 9.21695984e+02, 4.88254272e+02,
    9.22138000e+02, 5.10574890e+02, 9.22553162e+02, 5.33017334e+02,
    9.23026184e+02, 5.55702026e+02, 9.23456177e+02, 5.78691284e+02,
    8.98282776e+02, 4.66113800e+02, 8.98639221e+02, 4.88272278e+02,
    8.99027771e+02, 5.10634949e+02, 8.99444092e+02, 5.33171021e+02,
    8.99831665e+02, 5.55833801e+02, 9.00311584e+02, 5.78963074e+02,
    8.75400574e+02, 4.66239960e+02, 8.75588562e+02, 4.88376495e+02,
    8.75834778e+02, 5.10825928e+02, 8.76241516e+02, 5.33404907e+02,
    8.76446533e+02, 5.56060059e+02, 8.76677124e+02, 5.79248474e+02,
    8.52408691e+02, 4.66360413e+02, 8.52586609e+02, 4.88516296e+02,
    8.52737122e+02, 5.11079102e+02, 8.52922363e+02, 5.33604797e+02,
    8.53140625e+02, 5.56382751e+02, 8.53315002e+02, 5.79566406e+02,
    8.29304382e+02, 4.66450470e+02, 8.29308594e+02, 4.88725494e+02,
    8.29363831e+02, 5.11304321e+02, 8.29452576e+02, 5.33796814e+02,
    8.29484741e+02, 5.56637390e+02, 8.29534607e+02, 5.79906006e+02,
    8.06247681e+02, 4.66546783e+02, 8.06222534e+02, 4.88846924e+02,
    8.06199280e+02, 5.11558777e+02, 8.06087097e+02, 5.34132324e+02,
    8.06013916e+02, 5.57000610e+02, 8.05949402e+02, 5.80275513e+02,
    7.82954773e+02, 4.66539734e+02, 7.82726868e+02, 4.88955048e+02,
    7.82624512e+02, 5.11708496e+02, 7.82493652e+02, 5.34318970e+02,
    7.82306091e+02, 5.57209106e+02, 7.82140259e+02, 5.80542603e+02,
    7.59605896e+02, 4.66548340e+02, 7.59409729e+02, 4.88872406e+02,
    7.59132568e+02, 5.11633911e+02, 7.58771790e+02, 5.34291748e+02,
    7.58465149e+02, 5.57268005e+02, 7.58186523e+02, 5.80688232e+02 ]
