%YAML:1.0
---
points: [ 1.03314038e+03, 4.66859009e+02, 1.03455603e+03, 4.88635223e+02,
    1.03590125e+03, 5.10597504e+02, 1.03737915e+03, 5.32680420e+02,
    1.03855835e+03, 5.54849609e+02, 1.03978662e+03, 5.77407410e+02,
    1.01158276e+03, 4.66793732e+02, 1.01270245e+03, 4.88518066e+02,
    1.01403778e+03, 5.10699493e+02, 1.01532764e+03, 5.32741760e+02,
    1.01657275e+03, 5.55153015e+02, 1.01781616e+03, 5.77598633e+02,
    9.89574341e+02, 4.66742065e+02, 9.90652039e+02, 4.88586060e+02,
    9.91757935e+02, 5.10690948e+02, 9.93039124e+02, 5.32874878e+02,
    9.94238037e+02, 5.55299316e+02, 9.95426208e+02, 5.77888855e+02,
    9.67246033e+02, 4.66642944e+02, 9.68465698e+02, 4.88662933e+02,
    9.69491211e+02, 5.10802917e+02, 9.70453735e+02, 5.33242920e+02,
    9.71544800e+02, 5.55571106e+02, 9.72728577e+02, 5.78370728e+02,
    9.44946655e+02, 4.66696014e+02, 9.45773926e+02, 4.88694397e+02,
    9.46865112e+02, 5.11083862e+02, 9.47919861e+02, 5.33416260e+02,
    9.48861938e+02, 5.55891724e+02, 9.49728821e+02, 5.78786194e+02,
    9.22566528e+02, 4.66611969e+02, 9.23312866e+02, 4.88806274e+02,
    9.24216858e+02, 5.11252472e+02, 9.25019958e+02, 5.33624146e+02,
    9.25954651e+02, 5.56294556e+02, 9.26875793e+02, 5.79268555e+02,
    8.99997620e+02, 4.66549713e+02, 9.00802490e+02, 4.88758942e+02,
    9.01507751e+02, 5.11302032e+02, 9.02236694e+02, 5.33744995e+02,
    9.03036926e+02, 5.56431335e+02, 9.03804016e+02, 5.79527466e+02,
    8.77153076e+02, 4.66369720e+02, 8.77902039e+02, 4.88565887e+02,
    8.78589539e+02, 5.11176666e+02, 8.79254517e+02, 5.33708557e+02,
    8.79956116e+02, 5.56457825e+02, 8.80554138e+02, 5.79756409e+02 ]
