%YAML:1.0
---
points: [ 2.97464691e+02, 1.79285477e+02, 2.98128143e+02, 1.86778320e+02,
    2.98655792e+02, 1.94371704e+02, 2.99309052e+02, 2.02037979e+02,
    2.99870453e+02, 2.09667984e+02, 3.00466064e+02, 2.17521637e+02,
    2.90020538e+02, 1.79299911e+02, 2.90507446e+02, 1.86846008e+02,
    2.91175598e+02, 1.94425430e+02, 2.91696991e+02, 2.02148468e+02,
    2.92301666e+02, 2.09877274e+02, 2.92871368e+02, 2.17632736e+02,
    2.82387238e+02, 1.79319901e+02, 2.82967499e+02, 1.86924408e+02,
    2.83457245e+02, 1.94524414e+02, 2.84050262e+02, 2.02280869e+02,
    2.84565643e+02, 2.10013092e+02, 2.85154755e+02, 2.17970062e+02,
    2.74704834e+02, 1.79395676e+02, 2.75243866e+02, 1.87010483e+02,
    2.75764862e+02, 1.94661942e+02, 2.76304596e+02, 2.02371048e+02,
    2.76844269e+02, 2.10196014e+02, 2.77382080e+02, 2.18137192e+02,
    2.67084991e+02, 1.79425232e+02, 2.67520782e+02, 1.87112320e+02,
    2.68082336e+02, 1.94807220e+02, 2.68458038e+02, 2.02531815e+02,
    2.69057343e+02, 2.10315536e+02, 2.69406708e+02, 2.18350693e+02,
    2.59330536e+02, 1.79508713e+02, 2.59795959e+02, 1.87238007e+02,
    2.60231110e+02, 1.94989197e+02, 2.60646942e+02, 2.02687805e+02,
    2.61196808e+02, 2.10506012e+02, 2.61562408e+02, 2.18506607e+02,
    2.51619110e+02, 1.79504135e+02, 2.52034851e+02, 1.87218231e+02,
    2.52390945e+02, 1.95102448e+02, 2.52870041e+02, 2.02800919e+02,
    2.53267807e+02, 2.10707840e+02, 2.53654846e+02, 2.18703262e+02,
    2.43767136e+02, 1.79510712e+02, 2.44176971e+02, 1.87257523e+02,
    2.44547607e+02, 1.95119247e+02, 2.44940384e+02, 2.02867630e+02,
    2.45280899e+02, 2.10847198e+02, 2.45736664e+02, 2.18876389e+02 ]
