%YAML:1.0
---
points: [ 1.11724097e+03, 4.68469574e+02, 1.11875122e+03, 4.89926544e+02,
    1.12070312e+03, 5.11437836e+02, 1.12249426e+03, 5.33058289e+02,
    1.12428857e+03, 5.54845337e+02, 1.12627600e+03, 5.77069519e+02,
    1.09615857e+03, 4.68375031e+02, 1.09774133e+03, 4.89743439e+02,
    1.09955115e+03, 5.11430725e+02, 1.10126233e+03, 5.33061768e+02,
    1.10287024e+03, 5.55163330e+02, 1.10474524e+03, 5.77332275e+02,
    1.07478088e+03, 4.68171417e+02, 1.07636694e+03, 4.89876221e+02,
    1.07799390e+03, 5.11460968e+02, 1.07973828e+03, 5.33300842e+02,
    1.08129004e+03, 5.55314270e+02, 1.08303223e+03, 5.77531067e+02,
    1.05333972e+03, 4.68328522e+02, 1.05469421e+03, 4.89787903e+02,
    1.05638391e+03, 5.11674561e+02, 1.05790808e+03, 5.33467712e+02,
    1.05946423e+03, 5.55550598e+02, 1.06092493e+03, 5.77943909e+02,
    1.03148718e+03, 4.68135315e+02, 1.03303125e+03, 4.90010925e+02,
    1.03432947e+03, 5.11740997e+02, 1.03586548e+03, 5.33728088e+02,
    1.03736206e+03, 5.55764832e+02, 1.03871667e+03, 5.78345703e+02,
    1.00984387e+03, 4.68178802e+02, 1.01109180e+03, 4.89952728e+02,
    1.01247974e+03, 5.11896881e+02, 1.01366553e+03, 5.33875000e+02,
    1.01525092e+03, 5.56231384e+02, 1.01653339e+03, 5.78818420e+02,
    9.87860046e+02, 4.67937531e+02, 9.89328979e+02, 4.89904022e+02,
    9.90427429e+02, 5.11887878e+02, 9.91627930e+02, 5.33951782e+02,
    9.92874878e+02, 5.56315186e+02, 9.94338135e+02, 5.79152161e+02,
    9.65805786e+02, 4.67605225e+02, 9.66867249e+02, 4.89631989e+02,
    9.68338989e+02, 5.11875824e+02, 9.69310974e+02, 5.33838745e+02,
    9.70570007e+02, 5.56386169e+02, 9.71538269e+02, 5.79306824e+02 ]
