%YAML:1.0
---
points: [ 3.26468475e+02, 1.79421158e+02, 3.27212067e+02, 1.86841400e+02,
    3.27980042e+02, 1.94317596e+02, 3.28761017e+02, 2.01849899e+02,
    3.29576569e+02, 2.09444153e+02, 3.30258118e+02, 2.17190598e+02,
    3.19208313e+02, 1.79469193e+02, 3.20014984e+02, 1.86919556e+02,
    3.20696625e+02, 1.94467529e+02, 3.21441895e+02, 2.01938171e+02,
    3.22198517e+02, 2.09600296e+02, 3.22968018e+02, 2.17290955e+02,
    3.11864807e+02, 1.79493011e+02, 3.12491974e+02, 1.87034348e+02,
    3.13220276e+02, 1.94498428e+02, 3.13986328e+02, 2.02139633e+02,
    3.14714386e+02, 2.09683960e+02, 3.15398468e+02, 2.17544632e+02,
    3.04366882e+02, 1.79612610e+02, 3.05083801e+02, 1.87095688e+02,
    3.05749725e+02, 1.94669998e+02, 3.06409058e+02, 2.02227585e+02,
    3.07152283e+02, 2.09904587e+02, 3.07884308e+02, 2.17692871e+02,
    2.96952606e+02, 1.79663818e+02, 2.97538391e+02, 1.87195114e+02,
    2.98219116e+02, 1.94756760e+02, 2.98860596e+02, 2.02348434e+02,
    2.99463226e+02, 2.10091766e+02, 3.00157104e+02, 2.17979752e+02,
    2.89356689e+02, 1.79728851e+02, 2.90029510e+02, 1.87291092e+02,
    2.90590240e+02, 1.94890396e+02, 2.91245392e+02, 2.02521805e+02,
    2.91841827e+02, 2.10234543e+02, 2.92410370e+02, 2.18124054e+02,
    2.81923950e+02, 1.79735367e+02, 2.82391785e+02, 1.87343414e+02,
    2.83104523e+02, 1.95025986e+02, 2.83561707e+02, 2.02601334e+02,
    2.84203827e+02, 2.10348984e+02, 2.84777771e+02, 2.18265198e+02,
    2.74295746e+02, 1.79726242e+02, 2.74797577e+02, 1.87308044e+02,
    2.75377136e+02, 1.95013733e+02, 2.75998657e+02, 2.02645401e+02,
    2.76463989e+02, 2.10428055e+02, 2.77152374e+02, 2.18337997e+02 ]
