%YAML:1.0
---
points: [ 3.89133057e+02, 1.77566162e+02, 3.89674072e+02, 1.85105652e+02,
    3.90343567e+02, 1.92755814e+02, 3.91040466e+02, 2.00655258e+02,
    3.91532898e+02, 2.08316116e+02, 3.92311798e+02, 2.16191010e+02,
    3.81420685e+02, 1.77647781e+02, 3.82152496e+02, 1.85243851e+02,
    3.82725586e+02, 1.92885513e+02, 3.83318329e+02, 2.00636383e+02,
    3.84038239e+02, 2.08485428e+02, 3.84602417e+02, 2.16317596e+02,
    3.73787384e+02, 1.77651459e+02, 3.74307831e+02, 1.85446304e+02,
    3.74981323e+02, 1.92954315e+02, 3.75569092e+02, 2.00804428e+02,
    3.76208099e+02, 2.08595963e+02, 3.76723907e+02, 2.16545792e+02,
    3.66097198e+02, 1.77837250e+02, 3.66592102e+02, 1.85505966e+02,
    3.67257355e+02, 1.93189789e+02, 3.67807404e+02, 2.00861877e+02,
    3.68361969e+02, 2.08738876e+02, 3.69024780e+02, 2.16597275e+02,
    3.58349365e+02, 1.77893188e+02, 3.58878937e+02, 1.85701660e+02,
    3.59385162e+02, 1.93338120e+02, 3.59975739e+02, 2.01083435e+02,
    3.60504333e+02, 2.08859497e+02, 3.61093689e+02, 2.16811920e+02,
    3.50592865e+02, 1.78117813e+02, 3.51199402e+02, 1.85800995e+02,
    3.51588715e+02, 1.93510529e+02, 3.52166443e+02, 2.01254379e+02,
    3.52670593e+02, 2.09049118e+02, 3.53286194e+02, 2.16957153e+02,
    3.42955292e+02, 1.78232712e+02, 3.43400085e+02, 1.85905106e+02,
    3.43939880e+02, 1.93666122e+02, 3.44346771e+02, 2.01351089e+02,
    3.44910797e+02, 2.09156143e+02, 3.45331940e+02, 2.17096954e+02,
    3.35302216e+02, 1.78313522e+02, 3.35678711e+02, 1.85970352e+02,
    3.36212463e+02, 1.93764572e+02, 3.36678833e+02, 2.01429962e+02,
    3.37211578e+02, 2.09310501e+02, 3.37645233e+02, 2.17166153e+02 ]
