%YAML:1.0
---
points: [ 1.29562134e+03, 4.64769592e+02, 1.29688086e+03, 4.86671143e+02,
    1.29844434e+03, 5.08638855e+02, 1.30010889e+03, 5.30812500e+02,
    1.30150830e+03, 5.53321655e+02, 1.30304578e+03, 5.75751343e+02,
    1.27368323e+03, 4.64836426e+02, 1.27501831e+03, 4.86763123e+02,
    1.27643860e+03, 5.08699188e+02, 1.27802271e+03, 5.30849609e+02,
    1.27951074e+03, 5.53459106e+02, 1.28095605e+03, 5.75838623e+02,
    1.25166992e+03, 4.64958038e+02, 1.25301575e+03, 4.86867035e+02,
    1.25433582e+03, 5.08850159e+02, 1.25565930e+03, 5.31129639e+02,
    1.25729468e+03, 5.53605042e+02, 1.25859021e+03, 5.76181396e+02,
    1.22944507e+03, 4.65205933e+02, 1.23093652e+03, 4.87015106e+02,
    1.23222510e+03, 5.09190552e+02, 1.23337292e+03, 5.31362244e+02,
    1.23457458e+03, 5.53787415e+02, 1.23612903e+03, 5.76407349e+02,
    1.20736145e+03, 4.65343719e+02, 1.20852173e+03, 4.87333069e+02,
    1.20985364e+03, 5.09319977e+02, 1.21112256e+03, 5.31607666e+02,
    1.21228589e+03, 5.54116455e+02, 1.21340625e+03, 5.76570068e+02,
    1.18543408e+03, 4.65453094e+02, 1.18638013e+03, 4.87448730e+02,
    1.18751465e+03, 5.09525177e+02, 1.18870679e+03, 5.31926819e+02,
    1.18980859e+03, 5.54395569e+02, 1.19090686e+03, 5.76815063e+02,
    1.16345081e+03, 4.65483612e+02, 1.16441284e+03, 4.87499329e+02,
    1.16533691e+03, 5.09630219e+02, 1.16646973e+03, 5.32112915e+02,
    1.16760046e+03, 5.54503235e+02, 1.16875647e+03, 5.77107666e+02,
    1.14133838e+03, 4.65527435e+02, 1.14227466e+03, 4.87447662e+02,
    1.14330591e+03, 5.09658173e+02, 1.14426086e+03, 5.32034546e+02,
    1.14533936e+03, 5.54532837e+02, 1.14630847e+03, 5.77251892e+02 ]
