%YAML:1.0
---
points: [ 4.43790253e+02, 1.75991592e+02, 4.44334473e+02, 1.83886032e+02,
    4.44803589e+02, 1.91657196e+02, 4.45441895e+02, 1.99683197e+02,
    4.45830872e+02, 2.07449081e+02, 4.46479248e+02, 2.15302658e+02,
    4.36319336e+02, 1.76268738e+02, 4.36843628e+02, 1.83838226e+02,
    4.37418884e+02, 1.91841766e+02, 4.37854767e+02, 1.99603729e+02,
    4.38460480e+02, 2.07701233e+02, 4.38836853e+02, 2.15442245e+02,
    4.28796387e+02, 1.76300873e+02, 4.29226501e+02, 1.84069778e+02,
    4.29787689e+02, 1.91813263e+02, 4.30353607e+02, 1.99733917e+02,
    4.30794281e+02, 2.07704086e+02, 4.31336548e+02, 2.15633041e+02,
    4.20993195e+02, 1.76542923e+02, 4.21599243e+02, 1.84218124e+02,
    4.22031769e+02, 1.91972443e+02, 4.22589447e+02, 1.99770706e+02,
    4.23027191e+02, 2.07844711e+02, 4.23540588e+02, 2.15711624e+02,
    4.13388763e+02, 1.76623840e+02, 4.13786804e+02, 1.84454071e+02,
    4.14278534e+02, 1.92159134e+02, 4.14776459e+02, 1.99976578e+02,
    4.15225861e+02, 2.07856613e+02, 4.15732147e+02, 2.15882355e+02,
    4.05588989e+02, 1.76697342e+02, 4.06151306e+02, 1.84612396e+02,
    4.06482513e+02, 1.92433807e+02, 4.07003845e+02, 2.00142136e+02,
    4.07489624e+02, 2.08140945e+02, 4.07839386e+02, 2.15991501e+02,
    3.97957489e+02, 1.76751938e+02, 3.98373260e+02, 1.84675232e+02,
    3.98809875e+02, 1.92597214e+02, 3.99305695e+02, 2.00365753e+02,
    3.99705322e+02, 2.08308884e+02, 4.00153015e+02, 2.16253342e+02,
    3.90277924e+02, 1.76852646e+02, 3.90607208e+02, 1.84716187e+02,
    3.91140442e+02, 1.92670990e+02, 3.91541107e+02, 2.00481033e+02,
    3.92085175e+02, 2.08506378e+02, 3.92401337e+02, 2.16271484e+02 ]
