%YAML:1.0
---
points: [ 1.45437378e+03, 4.61884949e+02, 1.45555933e+03, 4.84442719e+02,
    1.45692493e+03, 5.06906464e+02, 1.45808545e+03, 5.29412659e+02,
    1.45925122e+03, 5.51906494e+02, 1.46049622e+03, 5.74750244e+02,
    1.43242773e+03, 4.62066193e+02, 1.43351013e+03, 4.84564758e+02,
    1.43456433e+03, 5.07089508e+02, 1.43598560e+03, 5.29494202e+02,
    1.43721692e+03, 5.52222961e+02, 1.43819116e+03, 5.75017151e+02,
    1.41013599e+03, 4.62207703e+02, 1.41115930e+03, 4.84688934e+02,
    1.41234595e+03, 5.07264984e+02, 1.41350574e+03, 5.29607483e+02,
    1.41479675e+03, 5.52354553e+02, 1.41594995e+03, 5.75298584e+02,
    1.38749500e+03, 4.62362427e+02, 1.38880969e+03, 4.84951111e+02,
    1.38990210e+03, 5.07445587e+02, 1.39090247e+03, 5.29891541e+02,
    1.39210986e+03, 5.52580444e+02, 1.39324109e+03, 5.75501648e+02,
    1.36517969e+03, 4.62575134e+02, 1.36615137e+03, 4.85200684e+02,
    1.36719897e+03, 5.07592041e+02, 1.36844519e+03, 5.30201233e+02,
    1.36940649e+03, 5.52832031e+02, 1.37044116e+03, 5.75627625e+02,
    1.34280676e+03, 4.62749146e+02, 1.34365894e+03, 4.85409393e+02,
    1.34467603e+03, 5.07729706e+02, 1.34560413e+03, 5.30347107e+02,
    1.34684277e+03, 5.53193359e+02, 1.34788745e+03, 5.75884155e+02,
    1.32056165e+03, 4.62936951e+02, 1.32154541e+03, 4.85536987e+02,
    1.32239758e+03, 5.07983856e+02, 1.32336462e+03, 5.30501770e+02,
    1.32439062e+03, 5.53346863e+02, 1.32542725e+03, 5.76176514e+02,
    1.29825879e+03, 4.63033539e+02, 1.29933362e+03, 4.85586487e+02,
    1.30020251e+03, 5.08111206e+02, 1.30130640e+03, 5.30549255e+02,
    1.30214661e+03, 5.53458374e+02, 1.30310864e+03, 5.76274963e+02 ]
