%YAML:1.0
---
points: [ 6.27241821e+01, 7.31172028e+01, 7.21255417e+01, 7.48112106e+01,
    8.11939850e+01, 7.65756683e+01, 9.02710266e+01, 7.83177414e+01,
    9.91479797e+01, 8.01946030e+01, 1.07897095e+02, 8.19991379e+01,
    6.18630486e+01, 8.20433578e+01, 7.11114273e+01, 8.36248474e+01,
    8.03398209e+01, 8.53568954e+01, 8.93095551e+01, 8.70644226e+01,
    9.82229385e+01, 8.87396927e+01, 1.06996956e+02, 9.03683701e+01,
    6.09662094e+01, 9.08058472e+01, 7.02894516e+01, 9.24135208e+01,
    7.94813614e+01, 9.40409775e+01, 8.85067139e+01, 9.56278000e+01,
    9.73906631e+01, 9.72350693e+01, 1.06183105e+02, 9.88775177e+01,
    6.01150093e+01, 9.94982147e+01, 6.94382477e+01, 1.01162231e+02,
    7.86832504e+01, 1.02570877e+02, 8.77576828e+01, 1.04125809e+02,
    9.66139374e+01, 1.05660988e+02, 1.05336937e+02, 1.07126427e+02,
    5.94994202e+01, 1.08251007e+02, 6.87612305e+01, 1.09739288e+02,
    7.78743820e+01, 1.11265785e+02, 8.69123230e+01, 1.12602165e+02,
    9.57621689e+01, 1.14140060e+02, 1.04604065e+02, 1.15388268e+02,
    5.86549301e+01, 1.17159752e+02, 6.79693909e+01, 1.18330994e+02,
    7.71107101e+01, 1.19725830e+02, 8.62064056e+01, 1.21053085e+02,
    9.50042267e+01, 1.22308891e+02, 1.03770935e+02, 1.23694275e+02,
    5.79660072e+01, 1.25627174e+02, 6.71699677e+01, 1.26925346e+02,
    7.64142914e+01, 1.28157288e+02, 8.53574677e+01, 1.29436707e+02,
    9.42283325e+01, 1.30615646e+02, 1.02862091e+02, 1.31880341e+02,
    5.71844292e+01, 1.34212357e+02, 6.64516449e+01, 1.35317169e+02,
    7.56359711e+01, 1.36503113e+02, 8.45844727e+01, 1.37615005e+02,
    9.33791885e+01, 1.38773880e+02, 1.02152229e+02, 1.39894867e+02 ]
