%YAML:1.0
---
points: [ 3.46459137e+02, 1.49921799e+02, 3.75718689e+02, 1.56358414e+02,
    4.04180908e+02, 1.62655792e+02, 4.31727142e+02, 1.68923111e+02,
    4.58930695e+02, 1.75012360e+02, 4.85207916e+02, 1.80918594e+02,
    3.44555328e+02, 1.76336365e+02, 3.73750610e+02, 1.82460754e+02,
    4.02048309e+02, 1.88347809e+02, 4.29567261e+02, 1.94132660e+02,
    4.56460266e+02, 1.99831482e+02, 4.82796265e+02, 2.05390457e+02,
    3.42851196e+02, 2.02563004e+02, 3.71603119e+02, 2.08220947e+02,
    4.00091736e+02, 2.13757553e+02, 4.27555725e+02, 2.19154694e+02,
    4.54442200e+02, 2.24475647e+02, 4.80660400e+02, 2.29653305e+02,
    3.40835297e+02, 2.28435822e+02, 3.70000244e+02, 2.33765152e+02,
    3.98006042e+02, 2.38938965e+02, 4.25526459e+02, 2.44050659e+02,
    4.52319763e+02, 2.49106277e+02, 4.78626892e+02, 2.53917389e+02,
    3.39151764e+02, 2.54014511e+02, 3.68024536e+02, 2.59081146e+02,
    3.96336395e+02, 2.63921997e+02, 4.23414215e+02, 2.68608398e+02,
    4.50179077e+02, 2.73198212e+02, 4.76347931e+02, 2.77759247e+02,
    3.37451904e+02, 2.79486084e+02, 3.66082672e+02, 2.84124695e+02,
    3.94250671e+02, 2.88511139e+02, 4.21663177e+02, 2.92960205e+02,
    4.48189209e+02, 2.97484375e+02, 4.74258026e+02, 3.01717682e+02,
    3.35578949e+02, 3.04485657e+02, 3.64342590e+02, 3.08832916e+02,
    3.92202667e+02, 3.13147491e+02, 4.19363007e+02, 3.17279999e+02,
    4.45903259e+02, 3.21273346e+02, 4.71804199e+02, 3.25113220e+02,
    3.33703308e+02, 3.29342865e+02, 3.62360596e+02, 3.33414612e+02,
    3.90245392e+02, 3.37301483e+02, 4.17322144e+02, 3.40932251e+02,
    4.43741608e+02, 3.44772552e+02, 4.69657898e+02, 3.48479004e+02 ]
