%YAML:1.0
---
points: [ 7.18429947e+01, 2.23785858e+02, 8.13951645e+01, 2.23755264e+02,
    9.09808731e+01, 2.23574875e+02, 1.00695168e+02, 2.23359573e+02,
    1.10315399e+02, 2.22917343e+02, 1.19895264e+02, 2.22778549e+02,
    6.94395065e+01, 2.31545395e+02, 7.92792206e+01, 2.31063538e+02,
    8.90943298e+01, 2.30814316e+02, 9.87716980e+01, 2.30618347e+02,
    1.08595055e+02, 2.30291260e+02, 1.18323532e+02, 2.29866684e+02,
    6.71633759e+01, 2.38799194e+02, 7.69463501e+01, 2.38712006e+02,
    8.69290695e+01, 2.38322540e+02, 9.68628769e+01, 2.37944534e+02,
    1.06724510e+02, 2.37666534e+02, 1.16658340e+02, 2.37292664e+02,
    6.45038071e+01, 2.46755463e+02, 7.45781479e+01, 2.46330200e+02,
    8.47325974e+01, 2.45915833e+02, 9.47432861e+01, 2.45628738e+02,
    1.04846939e+02, 2.45273956e+02, 1.14929001e+02, 2.44810303e+02,
    6.18708687e+01, 2.54613525e+02, 7.21199265e+01, 2.54304779e+02,
    8.23847885e+01, 2.53807175e+02, 9.26559296e+01, 2.53638351e+02,
    1.02877983e+02, 2.53128403e+02, 1.13175667e+02, 2.52748138e+02,
    5.91815681e+01, 2.62813660e+02, 6.95139847e+01, 2.62532440e+02,
    8.00356293e+01, 2.62079041e+02, 9.03919220e+01, 2.61719177e+02,
    1.00856895e+02, 2.61367371e+02, 1.11287476e+02, 2.60817505e+02,
    5.63968239e+01, 2.71390839e+02, 6.70597839e+01, 2.70995880e+02,
    7.75502243e+01, 2.70696838e+02, 8.81687851e+01, 2.70333282e+02,
    9.87620773e+01, 2.69785126e+02, 1.09382355e+02, 2.69390411e+02,
    5.36252670e+01, 2.80341461e+02, 6.43265762e+01, 2.79890045e+02,
    7.50231094e+01, 2.79678833e+02, 8.58672256e+01, 2.79086029e+02,
    9.66499329e+01, 2.78738922e+02, 1.07425011e+02, 2.78094788e+02 ]
