%YAML:1.0
---
points: [ 3.71604370e+02, 5.89933533e+02, 4.00207336e+02, 5.89318726e+02,
    4.28535889e+02, 5.88902710e+02, 4.56696228e+02, 5.88536011e+02,
    4.84791351e+02, 5.88106628e+02, 5.12617310e+02, 5.87643250e+02,
    3.63524933e+02, 6.11398926e+02, 3.92635864e+02, 6.10751709e+02,
    4.21579712e+02, 6.10152161e+02, 4.50072937e+02, 6.09531677e+02,
    4.78552063e+02, 6.08901367e+02, 5.06874817e+02, 6.08274963e+02,
    3.55185181e+02, 6.33205261e+02, 3.84621124e+02, 6.32620422e+02,
    4.14093323e+02, 6.31664185e+02, 4.43243530e+02, 6.30835815e+02,
    4.72106110e+02, 6.30011719e+02, 5.00942963e+02, 6.29343079e+02,
    3.46358582e+02, 6.55387207e+02, 3.76286957e+02, 6.54538757e+02,
    4.06174347e+02, 6.53802795e+02, 4.35744202e+02, 6.52825439e+02,
    4.65491180e+02, 6.51846802e+02, 4.94763275e+02, 6.51102844e+02,
    3.37008026e+02, 6.78294800e+02, 3.67657562e+02, 6.77461182e+02,
    3.98062317e+02, 6.76555664e+02, 4.28295593e+02, 6.75692139e+02,
    4.58422943e+02, 6.74761597e+02, 4.88338898e+02, 6.73703430e+02,
    3.27116638e+02, 7.02234985e+02, 3.58396423e+02, 7.01312866e+02,
    3.89454254e+02, 7.00421936e+02, 4.20419800e+02, 6.99355347e+02,
    4.51128510e+02, 6.98343811e+02, 4.81465851e+02, 6.97206787e+02,
    3.17266876e+02, 7.27353943e+02, 3.49199860e+02, 7.26311523e+02,
    3.80709961e+02, 7.25119019e+02, 4.12245728e+02, 7.24091858e+02,
    4.43526093e+02, 7.22876221e+02, 4.74575836e+02, 7.21685120e+02,
    3.06841827e+02, 7.53510193e+02, 3.39517975e+02, 7.52221985e+02,
    3.71807159e+02, 7.50892883e+02, 4.03675568e+02, 7.49746704e+02,
    4.35612549e+02, 7.48636475e+02, 4.67372437e+02, 7.47170044e+02 ]
