%YAML:1.0
---
points: [ 1.25109833e+02, 2.19591156e+02, 1.34684723e+02, 2.19991455e+02,
    1.44168564e+02, 2.20426331e+02, 1.53659714e+02, 2.20894836e+02,
    1.63053940e+02, 2.21254562e+02, 1.72505585e+02, 2.21584625e+02,
    1.23189552e+02, 2.27321518e+02, 1.32859344e+02, 2.27721924e+02,
    1.42547882e+02, 2.28095566e+02, 1.52084686e+02, 2.28455917e+02,
    1.61694061e+02, 2.28815796e+02, 1.71236633e+02, 2.29102493e+02,
    1.21152061e+02, 2.35180801e+02, 1.30953506e+02, 2.35578964e+02,
    1.40828110e+02, 2.35880051e+02, 1.50541931e+02, 2.36182053e+02,
    1.60239441e+02, 2.36445374e+02, 1.69923508e+02, 2.36681015e+02,
    1.19005203e+02, 2.43216522e+02, 1.29015015e+02, 2.43563339e+02,
    1.39013550e+02, 2.43875854e+02, 1.48827805e+02, 2.44196503e+02,
    1.58774384e+02, 2.44406097e+02, 1.68678116e+02, 2.44626328e+02,
    1.16744606e+02, 2.51570145e+02, 1.27034637e+02, 2.51902405e+02,
    1.37077179e+02, 2.52114044e+02, 1.47154373e+02, 2.52384872e+02,
    1.57197113e+02, 2.52617554e+02, 1.67240051e+02, 2.52801819e+02,
    1.14478783e+02, 2.59998566e+02, 1.24804916e+02, 2.60342804e+02,
    1.35153549e+02, 2.60692078e+02, 1.45389862e+02, 2.60919434e+02,
    1.55629990e+02, 2.61120117e+02, 1.65745590e+02, 2.61323425e+02,
    1.12149826e+02, 2.68903717e+02, 1.22640541e+02, 2.69201263e+02,
    1.33104172e+02, 2.69524994e+02, 1.43594604e+02, 2.69747894e+02,
    1.53885773e+02, 2.70014771e+02, 1.64352203e+02, 2.70175476e+02,
    1.09738258e+02, 2.78080017e+02, 1.20377502e+02, 2.78413086e+02,
    1.31099884e+02, 2.78687531e+02, 1.41677094e+02, 2.78951080e+02,
    1.52266220e+02, 2.79193207e+02, 1.62755219e+02, 2.79316284e+02 ]
