%YAML:1.0
---
points: [ 5.27484985e+02, 5.78583740e+02, 5.55128662e+02, 5.79952515e+02,
    5.82487366e+02, 5.81448364e+02, 6.09900024e+02, 5.82874878e+02,
    6.37201538e+02, 5.84473755e+02, 6.64246704e+02, 5.85751099e+02,
    5.20670288e+02, 6.00846680e+02, 5.48770691e+02, 6.02270752e+02,
    5.76782532e+02, 6.03507446e+02, 6.04509033e+02, 6.04740723e+02,
    6.32174927e+02, 6.06135498e+02, 6.59620300e+02, 6.07243774e+02,
    5.13735474e+02, 6.23420532e+02, 5.42409180e+02, 6.24666748e+02,
    5.70628357e+02, 6.25896729e+02, 5.98789307e+02, 6.27071594e+02,
    6.26964783e+02, 6.28254333e+02, 6.54742249e+02, 6.29143860e+02,
    5.06522522e+02, 6.46501343e+02, 5.35464722e+02, 6.47635986e+02,
    5.64403320e+02, 6.48799133e+02, 5.92837769e+02, 6.49795593e+02,
    6.21562988e+02, 6.50806641e+02, 6.49777771e+02, 6.51694946e+02,
    4.98725372e+02, 6.70306091e+02, 5.28448120e+02, 6.71455200e+02,
    5.57750610e+02, 6.72455200e+02, 5.86789001e+02, 6.73516479e+02,
    6.15926147e+02, 6.74563171e+02, 6.44712830e+02, 6.75392700e+02,
    4.90925690e+02, 6.94808960e+02, 5.20824768e+02, 6.95856567e+02,
    5.50736206e+02, 6.97041504e+02, 5.80575562e+02, 6.98030701e+02,
    6.10220947e+02, 6.98854553e+02, 6.39382019e+02, 6.99731262e+02,
    4.82670044e+02, 7.20454041e+02, 5.13397278e+02, 7.21630737e+02,
    5.43630127e+02, 7.22485107e+02, 5.73922119e+02, 7.23500549e+02,
    6.03900818e+02, 7.24359009e+02, 6.33996460e+02, 7.25119385e+02,
    4.74400482e+02, 7.46938843e+02, 5.05427460e+02, 7.48073181e+02,
    5.36544678e+02, 7.48909546e+02, 5.67106750e+02, 7.49893433e+02,
    5.97750183e+02, 7.50617676e+02, 6.28320435e+02, 7.51300720e+02 ]
