%YAML:1.0
---
points: [ 1.87355499e+02, 2.13505203e+02, 1.96608017e+02, 2.13321106e+02,
    2.05903900e+02, 2.13247055e+02, 2.15102036e+02, 2.13264984e+02,
    2.24155579e+02, 2.13166534e+02, 2.33228226e+02, 2.13051010e+02,
    1.87095078e+02, 2.21389404e+02, 1.96365799e+02, 2.21256790e+02,
    2.05662552e+02, 2.21159180e+02, 2.14966461e+02, 2.21082153e+02,
    2.24213135e+02, 2.20900726e+02, 2.33324753e+02, 2.20756531e+02,
    1.86474915e+02, 2.29382828e+02, 1.96115204e+02, 2.29284531e+02,
    2.05470428e+02, 2.29110352e+02, 2.14970490e+02, 2.28969055e+02,
    2.24233612e+02, 2.28744949e+02, 2.33520996e+02, 2.28492035e+02,
    1.86117065e+02, 2.37583817e+02, 1.95661896e+02, 2.37353348e+02,
    2.05327362e+02, 2.37203842e+02, 2.14833084e+02, 2.37062988e+02,
    2.24327988e+02, 2.36868469e+02, 2.33708664e+02, 2.36577499e+02,
    1.85478500e+02, 2.46047150e+02, 1.95336807e+02, 2.45778397e+02,
    2.05134460e+02, 2.45540756e+02, 2.14769989e+02, 2.45330780e+02,
    2.24329025e+02, 2.45208954e+02, 2.34008408e+02, 2.44964111e+02,
    1.85002121e+02, 2.54632339e+02, 1.95028641e+02, 2.54353699e+02,
    2.04899216e+02, 2.54193420e+02, 2.14629074e+02, 2.54005096e+02,
    2.24383163e+02, 2.53729279e+02, 2.34213181e+02, 2.53411743e+02,
    1.84377335e+02, 2.63623474e+02, 1.94562836e+02, 2.63363342e+02,
    2.04548904e+02, 2.63234650e+02, 2.14540298e+02, 2.62934296e+02,
    2.24443619e+02, 2.62610535e+02, 2.34359573e+02, 2.62343353e+02,
    1.83887970e+02, 2.73085510e+02, 1.94174774e+02, 2.72704590e+02,
    2.04369980e+02, 2.72338074e+02, 2.14420746e+02, 2.72184692e+02,
    2.24574051e+02, 2.71819305e+02, 2.34561890e+02, 2.71433075e+02 ]
