%YAML:1.0
---
points: [ 7.07422485e+02, 5.62437561e+02, 7.34193787e+02, 5.62371277e+02,
    7.60818359e+02, 5.62436157e+02, 7.87235413e+02, 5.62459900e+02,
    8.13479187e+02, 5.62513306e+02, 8.39819214e+02, 5.62450806e+02,
    7.05390686e+02, 5.85413269e+02, 7.32527161e+02, 5.85387634e+02,
    7.59423035e+02, 5.85286499e+02, 7.86177673e+02, 5.85234375e+02,
    8.12816589e+02, 5.84965637e+02, 8.39441833e+02, 5.84791199e+02,
    7.02941467e+02, 6.08551453e+02, 7.30597290e+02, 6.08356628e+02,
    7.57962891e+02, 6.08156982e+02, 7.85139282e+02, 6.07858765e+02,
    8.12108887e+02, 6.07686340e+02, 8.39038940e+02, 6.07462891e+02,
    7.00738403e+02, 6.32102661e+02, 7.28582520e+02, 6.31736328e+02,
    7.56364685e+02, 6.31505127e+02, 7.83934265e+02, 6.31162537e+02,
    8.11359863e+02, 6.30818542e+02, 8.38641907e+02, 6.30564758e+02,
    6.98105835e+02, 6.56278809e+02, 7.26633972e+02, 6.55814697e+02,
    7.54674988e+02, 6.55527344e+02, 7.82561157e+02, 6.55265564e+02,
    8.10563599e+02, 6.54909180e+02, 8.38312866e+02, 6.54628418e+02,
    6.95579712e+02, 6.81084106e+02, 7.24239990e+02, 6.80710571e+02,
    7.53063354e+02, 6.80440857e+02, 7.81420471e+02, 6.80163940e+02,
    8.09702637e+02, 6.79772705e+02, 8.37892517e+02, 6.79309509e+02,
    6.92687805e+02, 7.07304443e+02, 7.22270142e+02, 7.06734680e+02,
    7.51088257e+02, 7.06247498e+02, 7.80226379e+02, 7.05716431e+02,
    8.08724976e+02, 7.05319275e+02, 8.37550049e+02, 7.04633362e+02,
    6.90303223e+02, 7.33954590e+02, 7.19875244e+02, 7.33452026e+02,
    7.49452271e+02, 7.32804077e+02, 7.78839722e+02, 7.32361694e+02,
    8.07854553e+02, 7.31629272e+02, 8.37088440e+02, 7.30884521e+02 ]
