%YAML:1.0
---
points: [ 8.06700928e+02, 5.45252563e+02, 8.33084717e+02, 5.44813904e+02,
    8.59175781e+02, 5.44618591e+02, 8.85229370e+02, 5.44440002e+02,
    9.11056030e+02, 5.44223511e+02, 9.36880249e+02, 5.43906982e+02,
    8.06441772e+02, 5.68162598e+02, 8.33008606e+02, 5.67775574e+02,
    8.59487610e+02, 5.67474609e+02, 8.85765137e+02, 5.67161865e+02,
    9.11884827e+02, 5.66671326e+02, 9.38099365e+02, 5.66287231e+02,
    8.06206177e+02, 5.91610291e+02, 8.33007690e+02, 5.91124573e+02,
    8.59725891e+02, 5.90663452e+02, 8.86421326e+02, 5.90153992e+02,
    9.12770386e+02, 5.89490601e+02, 9.39286743e+02, 5.88944153e+02,
    8.05772095e+02, 6.15160339e+02, 8.32946594e+02, 6.14551453e+02,
    8.60160522e+02, 6.13913025e+02, 8.87010681e+02, 6.13442139e+02,
    9.13876709e+02, 6.12903748e+02, 9.40644409e+02, 6.12347046e+02,
    8.05381348e+02, 6.39473267e+02, 8.32960938e+02, 6.38794128e+02,
    8.60412476e+02, 6.38283142e+02, 8.87674133e+02, 6.37536865e+02,
    9.15065613e+02, 6.36776550e+02, 9.42207397e+02, 6.36133606e+02,
    8.04917847e+02, 6.64392761e+02, 8.32835815e+02, 6.63560181e+02,
    8.60715393e+02, 6.62787231e+02, 8.88494507e+02, 6.62204102e+02,
    9.16209656e+02, 6.61485962e+02, 9.43639709e+02, 6.60617981e+02,
    8.04480896e+02, 6.90376099e+02, 8.32851685e+02, 6.89381592e+02,
    8.61032104e+02, 6.88430603e+02, 8.89322876e+02, 6.87633301e+02,
    9.17228638e+02, 6.86853333e+02, 9.45141968e+02, 6.86174500e+02,
    8.03908386e+02, 7.16975769e+02, 8.32812805e+02, 7.15831177e+02,
    8.61464417e+02, 7.14798462e+02, 8.90057861e+02, 7.13929321e+02,
    9.18351318e+02, 7.13191406e+02, 9.46640991e+02, 7.12272766e+02 ]
