%YAML:1.0
---
points: [ 2.21688339e+02, 2.07155029e+02, 2.30791382e+02, 2.06932022e+02,
    2.39816986e+02, 2.06724228e+02, 2.48764420e+02, 2.06562973e+02,
    2.57601379e+02, 2.06371063e+02, 2.66517944e+02, 2.06258347e+02,
    2.21928772e+02, 2.15092590e+02, 2.31110367e+02, 2.14869553e+02,
    2.40180511e+02, 2.14638840e+02, 2.49215332e+02, 2.14457062e+02,
    2.58239075e+02, 2.14215210e+02, 2.67282318e+02, 2.14047699e+02,
    2.22143295e+02, 2.23207535e+02, 2.31358810e+02, 2.22974335e+02,
    2.40592621e+02, 2.22652328e+02, 2.49768173e+02, 2.22359421e+02,
    2.58925171e+02, 2.22182709e+02, 2.68064697e+02, 2.21896347e+02,
    2.22285324e+02, 2.31330734e+02, 2.31651154e+02, 2.31146469e+02,
    2.41045959e+02, 2.30798370e+02, 2.50321930e+02, 2.30428268e+02,
    2.59605438e+02, 2.30263748e+02, 2.68826385e+02, 2.29961395e+02,
    2.22379349e+02, 2.39786560e+02, 2.32061523e+02, 2.39416397e+02,
    2.41451416e+02, 2.39171860e+02, 2.50919128e+02, 2.38876404e+02,
    2.60280304e+02, 2.38469131e+02, 2.69643982e+02, 2.38195175e+02,
    2.22591705e+02, 2.48377029e+02, 2.32268936e+02, 2.48192734e+02,
    2.42020691e+02, 2.47699249e+02, 2.51432495e+02, 2.47393005e+02,
    2.61025574e+02, 2.47164780e+02, 2.70485321e+02, 2.46737061e+02,
    2.22836777e+02, 2.57354431e+02, 2.32574341e+02, 2.57042175e+02,
    2.42370560e+02, 2.56563538e+02, 2.52077271e+02, 2.56231750e+02,
    2.61709869e+02, 2.55941986e+02, 2.71334656e+02, 2.55395737e+02,
    2.23136765e+02, 2.66659821e+02, 2.32997513e+02, 2.66202087e+02,
    2.42887909e+02, 2.65788971e+02, 2.52626068e+02, 2.65392303e+02,
    2.62495361e+02, 2.65064972e+02, 2.72203796e+02, 2.64618988e+02 ]
