%YAML:1.0
---
points: [ 8.90472656e+02, 5.30744446e+02, 9.16527344e+02, 5.30437561e+02,
    9.42406494e+02, 5.30297913e+02, 9.67946594e+02, 5.30093567e+02,
    9.93508911e+02, 5.29624023e+02, 1.01894324e+03, 5.29401672e+02,
    8.91169983e+02, 5.54364502e+02, 9.17416626e+02, 5.53925049e+02,
    9.43608215e+02, 5.53631836e+02, 9.69474915e+02, 5.53293518e+02,
    9.95447205e+02, 5.52728088e+02, 1.02127582e+03, 5.52177307e+02,
    8.91802979e+02, 5.77844727e+02, 9.18423828e+02, 5.77442444e+02,
    9.44775757e+02, 5.76858582e+02, 9.71045532e+02, 5.76445190e+02,
    9.97282104e+02, 5.75759705e+02, 1.02337115e+03, 5.75387695e+02,
    8.92559631e+02, 6.01850769e+02, 9.19495361e+02, 6.01313049e+02,
    9.46232788e+02, 6.00743347e+02, 9.72794861e+02, 6.00123657e+02,
    9.99398804e+02, 5.99502319e+02, 1.02574463e+03, 5.98664612e+02,
    8.93406921e+02, 6.26327698e+02, 9.20693787e+02, 6.25554199e+02,
    9.47759766e+02, 6.24779663e+02, 9.74651855e+02, 6.24299133e+02,
    1.00140527e+03, 6.23549011e+02, 1.02817993e+03, 6.22944092e+02,
    8.94337646e+02, 6.51291626e+02, 9.21857971e+02, 6.50498108e+02,
    9.49285095e+02, 6.49812561e+02, 9.76373901e+02, 6.49251404e+02,
    1.00353564e+03, 6.48549377e+02, 1.03057129e+03, 6.47633789e+02,
    8.95104675e+02, 6.77299927e+02, 9.22941040e+02, 6.76506287e+02,
    9.50555908e+02, 6.75536926e+02, 9.78280457e+02, 6.74957214e+02,
    1.00577759e+03, 6.74082153e+02, 1.03317163e+03, 6.73287476e+02,
    8.95832397e+02, 7.03950134e+02, 9.24135742e+02, 7.03089844e+02,
    9.52325928e+02, 7.02237305e+02, 9.80230408e+02, 7.01284729e+02,
    1.00787396e+03, 7.00473145e+02, 1.03562451e+03, 6.99244324e+02 ]
