%YAML:1.0
---
points: [ 2.50559952e+02, 2.01900650e+02, 2.59498322e+02, 2.01617264e+02,
    2.68407654e+02, 2.01477097e+02, 2.77302277e+02, 2.01314285e+02,
    2.86179169e+02, 2.01171600e+02, 2.94870972e+02, 2.00926544e+02,
    2.51112564e+02, 2.09980652e+02, 2.60204620e+02, 2.09697433e+02,
    2.69133911e+02, 2.09449677e+02, 2.78145966e+02, 2.09246719e+02,
    2.87038239e+02, 2.09079147e+02, 2.95944702e+02, 2.08895615e+02,
    2.51642471e+02, 2.18180389e+02, 2.60823608e+02, 2.18015472e+02,
    2.69889526e+02, 2.17670609e+02, 2.78975494e+02, 2.17358673e+02,
    2.87967621e+02, 2.17195297e+02, 2.97039215e+02, 2.16831299e+02,
    2.52268555e+02, 2.26474701e+02, 2.61434723e+02, 2.26197479e+02,
    2.70688080e+02, 2.25942368e+02, 2.79873627e+02, 2.25540634e+02,
    2.89005707e+02, 2.25322052e+02, 2.98129211e+02, 2.25054092e+02,
    2.52799652e+02, 2.34942368e+02, 2.62269592e+02, 2.34570877e+02,
    2.71480560e+02, 2.34267044e+02, 2.80819977e+02, 2.34061890e+02,
    2.90094269e+02, 2.33699921e+02, 2.99302124e+02, 2.33331039e+02,
    2.53386627e+02, 2.43598099e+02, 2.62911804e+02, 2.43265991e+02,
    2.72352020e+02, 2.42986694e+02, 2.81737549e+02, 2.42592667e+02,
    2.91147888e+02, 2.42261307e+02, 3.00480255e+02, 2.42078430e+02,
    2.54069260e+02, 2.52569656e+02, 2.63572327e+02, 2.52253937e+02,
    2.73235077e+02, 2.51940048e+02, 2.82747162e+02, 2.51473267e+02,
    2.92219055e+02, 2.51220413e+02, 3.01715881e+02, 2.50852722e+02,
    2.54604492e+02, 2.61970795e+02, 2.64291748e+02, 2.61484009e+02,
    2.74121887e+02, 2.61121735e+02, 2.83691010e+02, 2.60698090e+02,
    2.93357697e+02, 2.60293060e+02, 3.02941315e+02, 2.60010559e+02 ]
