%YAML:1.0
---
points: [ 2.93372223e+02, 3.40360870e+02, 2.91480194e+02, 3.13854004e+02,
    2.89551208e+02, 2.87424194e+02, 2.87528107e+02, 2.61102295e+02,
    2.85673645e+02, 2.34553925e+02, 2.83663452e+02, 2.07904800e+02,
    3.23553833e+02, 3.40653198e+02, 3.21907349e+02, 3.14422119e+02,
    3.19718689e+02, 2.88203674e+02, 3.17883118e+02, 2.62053741e+02,
    3.16128448e+02, 2.35741165e+02, 3.14014893e+02, 2.09421967e+02,
    3.53587250e+02, 3.41173187e+02, 3.51521576e+02, 3.15129242e+02,
    3.49701080e+02, 2.89256256e+02, 3.47835815e+02, 2.63284760e+02,
    3.45891205e+02, 2.37074020e+02, 3.44141205e+02, 2.11097382e+02,
    3.82638367e+02, 3.41616791e+02, 3.80977875e+02, 3.16035278e+02,
    3.79239044e+02, 2.90370728e+02, 3.77122498e+02, 2.64647858e+02,
    3.75361481e+02, 2.38777679e+02, 3.73472321e+02, 2.12967102e+02,
    4.11576447e+02, 3.42292023e+02, 4.09657257e+02, 3.16826782e+02,
    4.07863983e+02, 2.91383759e+02, 4.06141663e+02, 2.65852234e+02,
    4.04105072e+02, 2.40257019e+02, 4.02409180e+02, 2.14598923e+02,
    4.39514160e+02, 3.42669891e+02, 4.37864166e+02, 3.17575958e+02,
    4.36059021e+02, 2.92355591e+02, 4.34107910e+02, 2.67148834e+02,
    4.32478882e+02, 2.41733398e+02, 4.30592560e+02, 2.16514801e+02,
    4.66971100e+02, 3.43207642e+02, 4.65331818e+02, 3.18207153e+02,
    4.63664032e+02, 2.93219116e+02, 4.61733826e+02, 2.68231384e+02,
    4.60046234e+02, 2.43195450e+02, 4.58494659e+02, 2.17994064e+02,
    4.94066956e+02, 3.43602020e+02, 4.92297913e+02, 3.18769165e+02,
    4.90701508e+02, 2.93967499e+02, 4.88932281e+02, 2.69256073e+02,
    4.87248657e+02, 2.44358566e+02, 4.85542816e+02, 2.19434052e+02 ]
