%YAML:1.0
---
points: [ 1.08261185e+02, 9.51613159e+01, 1.08770363e+02, 1.03721359e+02,
    1.09402763e+02, 1.12403549e+02, 1.09869255e+02, 1.20768845e+02,
    1.10643593e+02, 1.29649933e+02, 1.11157242e+02, 1.37883011e+02,
    9.90289764e+01, 9.48215027e+01, 9.96604919e+01, 1.03655937e+02,
    1.00225380e+02, 1.12184830e+02, 1.00808105e+02, 1.20776276e+02,
    1.01482933e+02, 1.29493652e+02, 1.01994545e+02, 1.37889893e+02,
    8.98414536e+01, 9.46800766e+01, 9.05139236e+01, 1.03318741e+02,
    9.09650726e+01, 1.11933182e+02, 9.16258316e+01, 1.20712830e+02,
    9.21925583e+01, 1.29450943e+02, 9.27548141e+01, 1.37909698e+02,
    8.05475540e+01, 9.42357025e+01, 8.09508133e+01, 1.02885559e+02,
    8.16068039e+01, 1.11765457e+02, 8.22265778e+01, 1.20629822e+02,
    8.27496109e+01, 1.29308517e+02, 8.34846039e+01, 1.37931900e+02,
    7.10514755e+01, 9.38834839e+01, 7.16279373e+01, 1.02697769e+02,
    7.21179352e+01, 1.11627884e+02, 7.26943054e+01, 1.20411453e+02,
    7.33397827e+01, 1.29258728e+02, 7.38024063e+01, 1.37906555e+02,
    6.15955925e+01, 9.36773376e+01, 6.19435081e+01, 1.02624718e+02,
    6.26006050e+01, 1.11419991e+02, 6.30417480e+01, 1.20261703e+02,
    6.37017593e+01, 1.29122665e+02, 6.41592941e+01, 1.37977570e+02,
    5.19126434e+01, 9.36489716e+01, 5.24046135e+01, 1.02455055e+02,
    5.28667221e+01, 1.11446571e+02, 5.33962288e+01, 1.20144730e+02,
    5.39051285e+01, 1.29188492e+02, 5.45893517e+01, 1.38014008e+02,
    4.23548317e+01, 9.33219147e+01, 4.27829933e+01, 1.02514717e+02,
    4.31128998e+01, 1.11260612e+02, 4.36911240e+01, 1.20358406e+02,
    4.41386986e+01, 1.29204987e+02, 4.47230339e+01, 1.38372452e+02 ]
