%YAML:1.0
---
points: [ 8.44244812e+02, 2.63827606e+02, 8.44961121e+02, 2.87765381e+02,
    8.45599365e+02, 3.11900055e+02, 8.46322388e+02, 3.35645660e+02,
    8.47053955e+02, 3.59647827e+02, 8.47831116e+02, 3.83383575e+02,
    8.20256348e+02, 2.63583710e+02, 8.21064331e+02, 2.87576172e+02,
    8.21762573e+02, 3.11790527e+02, 8.22479492e+02, 3.35628754e+02,
    8.23221619e+02, 3.59676697e+02, 8.23752686e+02, 3.83480560e+02,
    7.96133972e+02, 2.63045349e+02, 7.96946289e+02, 2.87365997e+02,
    7.97651672e+02, 3.11621094e+02, 7.98376892e+02, 3.35519287e+02,
    7.99285706e+02, 3.59633667e+02, 8.00020508e+02, 3.83587799e+02,
    7.71692444e+02, 2.62485870e+02, 7.72697083e+02, 2.86828735e+02,
    7.73547302e+02, 3.11271362e+02, 7.74346252e+02, 3.35318604e+02,
    7.75077087e+02, 3.59594482e+02, 7.75817139e+02, 3.83618134e+02,
    7.47290283e+02, 2.61878693e+02, 7.48152771e+02, 2.86481079e+02,
    7.48919128e+02, 3.10776123e+02, 7.49703796e+02, 3.35104065e+02,
    7.50506714e+02, 3.59443909e+02, 7.51399414e+02, 3.83639923e+02,
    7.22488831e+02, 2.61329956e+02, 7.23207397e+02, 2.85892639e+02,
    7.24073853e+02, 3.10408356e+02, 7.24920898e+02, 3.34705170e+02,
    7.25984314e+02, 3.59348022e+02, 7.26787781e+02, 3.83602539e+02,
    6.97098816e+02, 2.60785278e+02, 6.98228271e+02, 2.85597260e+02,
    6.98949158e+02, 3.10129883e+02, 7.00075928e+02, 3.34600311e+02,
    7.00830505e+02, 3.59264343e+02, 7.01773376e+02, 3.83652435e+02,
    6.71921204e+02, 2.60421875e+02, 6.72877869e+02, 2.85255981e+02,
    6.73862671e+02, 3.09853821e+02, 6.74792969e+02, 3.34488068e+02,
    6.75623352e+02, 3.59285645e+02, 6.76536560e+02, 3.83667175e+02 ]
