%YAML:1.0
---
points: [ 2.32063187e+02, 1.09025192e+02, 2.32400055e+02, 1.17389343e+02,
    2.32732025e+02, 1.25879128e+02, 2.32999954e+02, 1.34182999e+02,
    2.33338959e+02, 1.42425369e+02, 2.33696335e+02, 1.50785034e+02,
    2.23773834e+02, 1.09020355e+02, 2.24138290e+02, 1.17416611e+02,
    2.24506058e+02, 1.25856529e+02, 2.24782944e+02, 1.34231903e+02,
    2.25140228e+02, 1.42527649e+02, 2.25430695e+02, 1.50881149e+02,
    2.15431061e+02, 1.08966408e+02, 2.15795517e+02, 1.17390419e+02,
    2.16210648e+02, 1.25891716e+02, 2.16508392e+02, 1.34267044e+02,
    2.16870453e+02, 1.42647903e+02, 2.17258301e+02, 1.51036133e+02,
    2.07033447e+02, 1.08848152e+02, 2.07456879e+02, 1.17297295e+02,
    2.07780670e+02, 1.25856720e+02, 2.08224457e+02, 1.34255478e+02,
    2.08488342e+02, 1.42656250e+02, 2.08956635e+02, 1.51080887e+02,
    1.98578125e+02, 1.08684898e+02, 1.98954895e+02, 1.17202324e+02,
    1.99350098e+02, 1.25683380e+02, 1.99672791e+02, 1.34240356e+02,
    2.00133118e+02, 1.42676178e+02, 2.00414581e+02, 1.51194672e+02,
    1.89980759e+02, 1.08575066e+02, 1.90416870e+02, 1.17135681e+02,
    1.90789810e+02, 1.25682869e+02, 1.91207565e+02, 1.34188599e+02,
    1.91580872e+02, 1.42604218e+02, 1.91980576e+02, 1.51164536e+02,
    1.81338409e+02, 1.08479752e+02, 1.81708038e+02, 1.17035881e+02,
    1.82167801e+02, 1.25652878e+02, 1.82495392e+02, 1.34195740e+02,
    1.82986160e+02, 1.42700623e+02, 1.83297440e+02, 1.51331299e+02,
    1.72626663e+02, 1.08362144e+02, 1.73009201e+02, 1.16927094e+02,
    1.73410416e+02, 1.25625801e+02, 1.73868484e+02, 1.34178085e+02,
    1.74253906e+02, 1.42766266e+02, 1.74676468e+02, 1.51389420e+02 ]
