%YAML:1.0
---
points: [ 1.13506981e+02, 2.68104492e+02, 1.12958344e+02, 2.78780212e+02,
    1.12575363e+02, 2.89750977e+02, 1.12020279e+02, 3.00634827e+02,
    1.11633842e+02, 3.11688507e+02, 1.11208778e+02, 3.22750183e+02,
    1.02421043e+02, 2.68296143e+02, 1.01845718e+02, 2.79039886e+02,
    1.01365273e+02, 2.89921814e+02, 1.00852188e+02, 3.00862518e+02,
    1.00431816e+02, 3.11968231e+02, 9.98421326e+01, 3.23240601e+02,
    9.11782761e+01, 2.68598785e+02, 9.07044067e+01, 2.79356903e+02,
    9.01205368e+01, 2.90304169e+02, 8.96459503e+01, 3.01221436e+02,
    8.90981522e+01, 3.12424622e+02, 8.86408691e+01, 3.23647736e+02,
    7.98982010e+01, 2.68705933e+02, 7.93149872e+01, 2.79648773e+02,
    7.87527084e+01, 2.90551758e+02, 7.82029266e+01, 3.01682587e+02,
    7.77199783e+01, 3.12770721e+02, 7.72367630e+01, 3.23888245e+02,
    6.86199570e+01, 2.68849213e+02, 6.78751297e+01, 2.79744110e+02,
    6.73985977e+01, 2.90815430e+02, 6.67912750e+01, 3.01772156e+02,
    6.63611755e+01, 3.12972260e+02, 6.58091431e+01, 3.24216217e+02,
    5.71626015e+01, 2.68833405e+02, 5.65871353e+01, 2.79938904e+02,
    5.58977280e+01, 2.90880432e+02, 5.54188690e+01, 3.02068359e+02,
    5.48885117e+01, 3.13194336e+02, 5.44576225e+01, 3.24641022e+02,
    4.58293915e+01, 2.69083160e+02, 4.52067032e+01, 2.79964417e+02,
    4.46247864e+01, 2.91118622e+02, 4.39823723e+01, 3.02212860e+02,
    4.35978203e+01, 3.13555328e+02, 4.30666885e+01, 3.24685455e+02,
    3.46962585e+01, 2.69022705e+02, 3.39433365e+01, 2.80221375e+02,
    3.33856239e+01, 2.91153320e+02, 3.27598915e+01, 3.02436981e+02,
    3.23080750e+01, 3.13510010e+02, 3.18035145e+01, 3.24833191e+02 ]
