%YAML:1.0
---
points: [ 4.85323303e+02, 7.18131104e+02, 4.82862396e+02, 7.49277893e+02,
    4.80774902e+02, 7.80621765e+02, 4.78672363e+02, 8.12300781e+02,
    4.76404633e+02, 8.44309937e+02, 4.74220093e+02, 8.76640076e+02,
    4.52700836e+02, 7.18533875e+02, 4.50255402e+02, 7.49746033e+02,
    4.48067261e+02, 7.81362183e+02, 4.45571930e+02, 8.13128235e+02,
    4.43269836e+02, 8.45260254e+02, 4.40671356e+02, 8.77883972e+02,
    4.19619507e+02, 7.18888489e+02, 4.17280914e+02, 7.50405151e+02,
    4.14654236e+02, 7.82132874e+02, 4.12090210e+02, 8.14020813e+02,
    4.09507721e+02, 8.46429138e+02, 4.06839417e+02, 8.79322388e+02,
    3.86129700e+02, 7.19376343e+02, 3.83443176e+02, 7.50928894e+02,
    3.80842133e+02, 7.82826233e+02, 3.78015747e+02, 8.15104980e+02,
    3.75187866e+02, 8.47769226e+02, 3.72467560e+02, 8.80726929e+02,
    3.51966553e+02, 7.19764282e+02, 3.49196594e+02, 7.51566833e+02,
    3.46227478e+02, 7.83762207e+02, 3.43432800e+02, 8.16246521e+02,
    3.40465149e+02, 8.48961060e+02, 3.37654266e+02, 8.82077454e+02,
    3.17405762e+02, 7.20240112e+02, 3.14236908e+02, 7.52279297e+02,
    3.11387787e+02, 7.84565186e+02, 3.08397125e+02, 8.17238403e+02,
    3.05504730e+02, 8.50060059e+02, 3.02225525e+02, 8.83487549e+02,
    2.82566437e+02, 7.20684570e+02, 2.79508789e+02, 7.52771362e+02,
    2.76322510e+02, 7.85527771e+02, 2.73160370e+02, 8.18046753e+02,
    2.69890778e+02, 8.51225037e+02, 2.66476715e+02, 8.84945618e+02,
    2.47920700e+02, 7.20998718e+02, 2.44474808e+02, 7.53647217e+02,
    2.40943390e+02, 7.86111633e+02, 2.37711182e+02, 8.19112305e+02,
    2.34225021e+02, 8.52347839e+02, 2.30628052e+02, 8.86219727e+02 ]
