%YAML:1.0
---
points: [ 2.02145462e+02, 2.60810425e+02, 2.01854767e+02, 2.71079041e+02,
    2.01577972e+02, 2.81218048e+02, 2.01552002e+02, 2.91520966e+02,
    2.01346375e+02, 3.01964752e+02, 2.01229324e+02, 3.12327881e+02,
    1.91806870e+02, 2.61006866e+02, 1.91546127e+02, 2.71179779e+02,
    1.91410645e+02, 2.81380157e+02, 1.91195755e+02, 2.91640167e+02,
    1.91055862e+02, 3.02268799e+02, 1.90875351e+02, 3.12600433e+02,
    1.81393021e+02, 2.61095947e+02, 1.81341354e+02, 2.71313599e+02,
    1.81075363e+02, 2.81502197e+02, 1.80909271e+02, 2.92051636e+02,
    1.80686600e+02, 3.02385620e+02, 1.80506927e+02, 3.12959595e+02,
    1.71191620e+02, 2.61250763e+02, 1.70871841e+02, 2.71461487e+02,
    1.70676239e+02, 2.81865753e+02, 1.70404068e+02, 2.92246368e+02,
    1.70288818e+02, 3.02735229e+02, 1.70034485e+02, 3.13310669e+02,
    1.60486603e+02, 2.61345215e+02, 1.60343994e+02, 2.71667145e+02,
    1.60147659e+02, 2.82414795e+02, 1.59864182e+02, 2.92529205e+02,
    1.59654968e+02, 3.03009460e+02, 1.59519913e+02, 3.13560699e+02,
    1.50013458e+02, 2.61398346e+02, 1.49732117e+02, 2.71973022e+02,
    1.49500702e+02, 2.82241486e+02, 1.49259583e+02, 2.92811157e+02,
    1.49009048e+02, 3.03312927e+02, 1.48751297e+02, 3.13916016e+02,
    1.39314301e+02, 2.61626831e+02, 1.39092056e+02, 2.72019257e+02,
    1.38745697e+02, 2.82576630e+02, 1.38548752e+02, 2.93017578e+02,
    1.38284073e+02, 3.03612183e+02, 1.38006805e+02, 3.14223572e+02,
    1.28611298e+02, 2.61685669e+02, 1.28345123e+02, 2.72222534e+02,
    1.28011292e+02, 2.82724304e+02, 1.27790863e+02, 2.93299957e+02,
    1.27528549e+02, 3.03832306e+02, 1.27192078e+02, 3.14547791e+02 ]
