%YAML:1.0
---
points: [ 7.42940002e+02, 6.99316956e+02, 7.42198730e+02, 7.28815491e+02,
    7.41254028e+02, 7.58310059e+02, 7.40432617e+02, 7.87720215e+02,
    7.39523376e+02, 8.17635925e+02, 7.38695618e+02, 8.47585632e+02,
    7.13356873e+02, 6.99310059e+02, 7.12391968e+02, 7.28794495e+02,
    7.11599365e+02, 7.58469177e+02, 7.10803345e+02, 7.87899109e+02,
    7.09742126e+02, 8.17882263e+02, 7.08772156e+02, 8.48180786e+02,
    6.83729736e+02, 6.99261902e+02, 6.82582214e+02, 7.28900818e+02,
    6.81697388e+02, 7.58756775e+02, 6.80685730e+02, 7.88374390e+02,
    6.79833496e+02, 8.18430847e+02, 6.78726379e+02, 8.48731079e+02,
    6.53538940e+02, 6.99485229e+02, 6.52532410e+02, 7.29200806e+02,
    6.51421692e+02, 7.59154724e+02, 6.50322205e+02, 7.88953735e+02,
    6.49388000e+02, 8.19095215e+02, 6.48275330e+02, 8.49562317e+02,
    6.23018188e+02, 6.99602661e+02, 6.21855652e+02, 7.29483032e+02,
    6.20794800e+02, 7.59544006e+02, 6.19627808e+02, 7.89522095e+02,
    6.18500549e+02, 8.19682800e+02, 6.17459534e+02, 8.50286194e+02,
    5.92135498e+02, 6.99799683e+02, 5.90942200e+02, 7.29751465e+02,
    5.89863403e+02, 7.59898743e+02, 5.88657715e+02, 7.90140869e+02,
    5.87536255e+02, 8.20420898e+02, 5.86331787e+02, 8.51020020e+02,
    5.61169189e+02, 6.99985107e+02, 5.59988525e+02, 7.29959167e+02,
    5.58724060e+02, 7.60330933e+02, 5.57506287e+02, 7.90587463e+02,
    5.56184021e+02, 8.21131897e+02, 5.54934692e+02, 8.51722290e+02,
    5.30070068e+02, 7.00023071e+02, 5.28730591e+02, 7.30265991e+02,
    5.27480469e+02, 7.60577515e+02, 5.26242188e+02, 7.91099243e+02,
    5.24630432e+02, 8.21648071e+02, 5.23424622e+02, 8.52610718e+02 ]
