%YAML:1.0
---
points: [ 3.88644196e+02, 3.39533936e+02, 3.90103516e+02, 3.28475769e+02,
    3.91603790e+02, 3.17680756e+02, 3.92940399e+02, 3.07166199e+02,
    3.94299469e+02, 2.96939545e+02, 3.95578156e+02, 2.86820923e+02,
    4.00429901e+02, 3.42337830e+02, 4.01818634e+02, 3.31006226e+02,
    4.03118500e+02, 3.20074585e+02, 4.04373596e+02, 3.09407318e+02,
    4.05548035e+02, 2.99010742e+02, 4.06801239e+02, 2.88835083e+02,
    4.12422974e+02, 3.44879791e+02, 4.13740540e+02, 3.33604492e+02,
    4.14890778e+02, 3.22596252e+02, 4.16067841e+02, 3.11739624e+02,
    4.17131348e+02, 3.01178680e+02, 4.18191986e+02, 2.90846527e+02,
    4.24544037e+02, 3.47618103e+02, 4.25712646e+02, 3.36135284e+02,
    4.26807587e+02, 3.25011536e+02, 4.27821869e+02, 3.14092560e+02,
    4.28845520e+02, 3.03375122e+02, 4.29801758e+02, 2.93025116e+02,
    4.36736115e+02, 3.50137451e+02, 4.37855164e+02, 3.38731903e+02,
    4.38818756e+02, 3.27327271e+02, 4.39754150e+02, 3.16387451e+02,
    4.40672424e+02, 3.05546722e+02, 4.41513519e+02, 2.95157166e+02,
    4.49159393e+02, 3.52776825e+02, 4.50025696e+02, 3.41111389e+02,
    4.50970428e+02, 3.29769287e+02, 4.51762238e+02, 3.18606750e+02,
    4.52637665e+02, 3.07809418e+02, 4.53344360e+02, 2.97167725e+02,
    4.61416626e+02, 3.55153290e+02, 4.62384644e+02, 3.43492950e+02,
    4.63183197e+02, 3.32039124e+02, 4.63961945e+02, 3.20812103e+02,
    4.64721893e+02, 3.09824310e+02, 4.65277893e+02, 2.99141754e+02,
    4.73815735e+02, 3.57591766e+02, 4.74715179e+02, 3.45601044e+02,
    4.75551422e+02, 3.34265961e+02, 4.76185364e+02, 3.22727814e+02,
    4.76863495e+02, 3.11821075e+02, 4.77515350e+02, 3.00827881e+02 ]
