%YAML:1.0
---
points: [ 1.27224365e+03, 9.31542847e+02, 1.27727637e+03, 8.99321167e+02,
    1.28228491e+03, 8.67871948e+02, 1.28692297e+03, 8.37517944e+02,
    1.29169958e+03, 8.07780579e+02, 1.29638379e+03, 7.78894104e+02,
    1.30604431e+03, 9.40146790e+02, 1.31066296e+03, 9.07493835e+02,
    1.31531421e+03, 8.75660400e+02, 1.31963367e+03, 8.44605652e+02,
    1.32400195e+03, 8.14452209e+02, 1.32828503e+03, 7.85256775e+02,
    1.34062610e+03, 9.49195923e+02, 1.34478223e+03, 9.15748535e+02,
    1.34920679e+03, 8.83466431e+02, 1.35326477e+03, 8.52049561e+02,
    1.35715308e+03, 8.21444214e+02, 1.36080798e+03, 7.91511963e+02,
    1.37614990e+03, 9.58239380e+02, 1.38006543e+03, 9.24333984e+02,
    1.38373584e+03, 8.91589478e+02, 1.38732019e+03, 8.59783691e+02,
    1.39085217e+03, 8.28637512e+02, 1.39448462e+03, 7.98320740e+02,
    1.41255591e+03, 9.67427734e+02, 1.41593921e+03, 9.33295532e+02,
    1.41926233e+03, 8.99822449e+02, 1.42246313e+03, 8.67469788e+02,
    1.42557581e+03, 8.35968811e+02, 1.42851929e+03, 8.05345520e+02,
    1.44959766e+03, 9.76859070e+02, 1.45265369e+03, 9.42172241e+02,
    1.45539575e+03, 9.08308044e+02, 1.45827368e+03, 8.75511047e+02,
    1.46080518e+03, 8.43504517e+02, 1.46350635e+03, 8.12441895e+02,
    1.48765308e+03, 9.86514343e+02, 1.49021667e+03, 9.51120056e+02,
    1.49252002e+03, 9.16717957e+02, 1.49498303e+03, 8.83404785e+02,
    1.49719043e+03, 8.50607117e+02, 1.49952173e+03, 8.19007751e+02,
    1.52687781e+03, 9.96393921e+02, 1.52875610e+03, 9.60098938e+02,
    1.53084070e+03, 9.25147034e+02, 1.53261670e+03, 8.91253357e+02,
    1.53439490e+03, 8.57962463e+02, 1.53634924e+03, 8.25856689e+02 ]
