%YAML:1.0
---
points: [ 2.06179810e+02, 1.48096848e+02, 2.06297012e+02, 1.57319473e+02,
    2.06451538e+02, 1.66678543e+02, 2.06612061e+02, 1.76048004e+02,
    2.06860718e+02, 1.85424911e+02, 2.07018661e+02, 1.94858322e+02,
    1.96445633e+02, 1.48010773e+02, 1.96696152e+02, 1.57318176e+02,
    1.96910233e+02, 1.66665512e+02, 1.97124969e+02, 1.76042328e+02,
    1.97227997e+02, 1.85511948e+02, 1.97406860e+02, 1.94964691e+02,
    1.86863632e+02, 1.47889175e+02, 1.87090332e+02, 1.57317535e+02,
    1.87239212e+02, 1.66719330e+02, 1.87297394e+02, 1.76114471e+02,
    1.87460449e+02, 1.85574036e+02, 1.87487061e+02, 1.95074280e+02,
    1.77189972e+02, 1.47889114e+02, 1.77310654e+02, 1.57281235e+02,
    1.77370316e+02, 1.66698044e+02, 1.77540100e+02, 1.76179733e+02,
    1.77630630e+02, 1.85657822e+02, 1.77791733e+02, 1.95263657e+02,
    1.67370422e+02, 1.47814285e+02, 1.67488708e+02, 1.57283188e+02,
    1.67606125e+02, 1.66727737e+02, 1.67689346e+02, 1.76240234e+02,
    1.67854416e+02, 1.85754440e+02, 1.67943008e+02, 1.95370270e+02,
    1.57543060e+02, 1.47749924e+02, 1.57639877e+02, 1.57268616e+02,
    1.57700058e+02, 1.66766342e+02, 1.57858002e+02, 1.76322327e+02,
    1.57921875e+02, 1.85847336e+02, 1.57993896e+02, 1.95580719e+02,
    1.47666840e+02, 1.47715073e+02, 1.47708847e+02, 1.57225876e+02,
    1.47783401e+02, 1.66799210e+02, 1.47826569e+02, 1.76363342e+02,
    1.47873962e+02, 1.85898010e+02, 1.47842880e+02, 1.95618256e+02,
    1.37676285e+02, 1.47641602e+02, 1.37639130e+02, 1.57088104e+02,
    1.37571014e+02, 1.66701553e+02, 1.37615936e+02, 1.76309799e+02,
    1.37588791e+02, 1.85897598e+02, 1.37660538e+02, 1.95684280e+02 ]
