%YAML:1.0
---
points: [ 7.61613342e+02, 3.74980255e+02, 7.61816467e+02, 4.01787720e+02,
    7.61919495e+02, 4.28572968e+02, 7.62039429e+02, 4.55383911e+02,
    7.62170776e+02, 4.82402954e+02, 7.62247925e+02, 5.09578766e+02,
    7.34083008e+02, 3.74682251e+02, 7.34112976e+02, 4.01504242e+02,
    7.34135254e+02, 4.28413055e+02, 7.34127380e+02, 4.55230957e+02,
    7.34149902e+02, 4.82419342e+02, 7.34201721e+02, 5.09647186e+02,
    7.06263672e+02, 3.74257599e+02, 7.06307800e+02, 4.01267578e+02,
    7.06236206e+02, 4.28219757e+02, 7.06229004e+02, 4.55186981e+02,
    7.06126282e+02, 4.82404999e+02, 7.06052490e+02, 5.09735962e+02,
    6.78147461e+02, 3.73962311e+02, 6.78078125e+02, 4.01036194e+02,
    6.77960876e+02, 4.28112793e+02, 6.77809937e+02, 4.55120422e+02,
    6.77736084e+02, 4.82446442e+02, 6.77615051e+02, 5.09923279e+02,
    6.49706665e+02, 3.73582245e+02, 6.49716736e+02, 4.00759308e+02,
    6.49574646e+02, 4.27961029e+02, 6.49460999e+02, 4.55069550e+02,
    6.49270203e+02, 4.82470642e+02, 6.49097046e+02, 5.10155884e+02,
    6.21558167e+02, 3.73194427e+02, 6.21273071e+02, 4.00472198e+02,
    6.21181641e+02, 4.27809631e+02, 6.20801392e+02, 4.55087463e+02,
    6.20540833e+02, 4.82574890e+02, 6.20248535e+02, 5.10319946e+02,
    5.92531982e+02, 3.72672302e+02, 5.92432007e+02, 4.00025574e+02,
    5.92114197e+02, 4.27552155e+02, 5.91704712e+02, 4.54838501e+02,
    5.91399963e+02, 4.82459778e+02, 5.91089600e+02, 5.10357025e+02,
    5.63741760e+02, 3.72098633e+02, 5.63238403e+02, 3.99530884e+02,
    5.62810669e+02, 4.27078918e+02, 5.62315979e+02, 4.54553833e+02,
    5.61743774e+02, 4.82261536e+02, 5.61284912e+02, 5.10273438e+02 ]
