%YAML:1.0
---
points: [ 5.61108765e+02, 5.14320129e+02, 5.61993347e+02, 4.86284729e+02,
    5.63061218e+02, 4.58166199e+02, 5.64111816e+02, 4.30321350e+02,
    5.64869202e+02, 4.02511475e+02, 5.65787598e+02, 3.74663635e+02,
    5.90968201e+02, 5.15237732e+02, 5.91758057e+02, 4.87277100e+02,
    5.92715698e+02, 4.59508759e+02, 5.93539307e+02, 4.31670105e+02,
    5.94593811e+02, 4.03885254e+02, 5.95205017e+02, 3.76272278e+02,
    6.20282715e+02, 5.16064636e+02, 6.21304138e+02, 4.88189575e+02,
    6.21892517e+02, 4.60464752e+02, 6.22801270e+02, 4.32973114e+02,
    6.23440857e+02, 4.05166199e+02, 6.24256531e+02, 3.77620605e+02,
    6.49294006e+02, 5.16812256e+02, 6.50024414e+02, 4.88909393e+02,
    6.50699951e+02, 4.61344482e+02, 6.51562500e+02, 4.33878998e+02,
    6.52303101e+02, 4.06551422e+02, 6.52945801e+02, 3.79007660e+02,
    6.77853088e+02, 5.17470459e+02, 6.78638000e+02, 4.89863464e+02,
    6.79415710e+02, 4.62315613e+02, 6.80209961e+02, 4.34998352e+02,
    6.80720703e+02, 4.07667480e+02, 6.81474487e+02, 3.80425049e+02,
    7.06325928e+02, 5.18082764e+02, 7.07086121e+02, 4.90651825e+02,
    7.07580322e+02, 4.63259644e+02, 7.08304749e+02, 4.35980316e+02,
    7.08991150e+02, 4.08755341e+02, 7.09639099e+02, 3.81624908e+02,
    7.34306763e+02, 5.18732178e+02, 7.34969849e+02, 4.91595551e+02,
    7.35801636e+02, 4.64293243e+02, 7.36427124e+02, 4.37218323e+02,
    7.37030396e+02, 4.09999390e+02, 7.37625427e+02, 3.82888947e+02,
    7.62281555e+02, 5.19560059e+02, 7.62855286e+02, 4.92375732e+02,
    7.63552979e+02, 4.65318268e+02, 7.64154602e+02, 4.38356445e+02,
    7.64661255e+02, 4.11418793e+02, 7.65231689e+02, 3.84293152e+02 ]
