%YAML:1.0
---
points: [ 1.37594955e+02, 1.97154465e+02, 1.37798462e+02, 1.87325394e+02,
    1.38059143e+02, 1.77676422e+02, 1.38159958e+02, 1.67839233e+02,
    1.38381897e+02, 1.58228271e+02, 1.38533768e+02, 1.48596878e+02,
    1.47837570e+02, 1.97348099e+02, 1.48118179e+02, 1.87596344e+02,
    1.48195648e+02, 1.77899628e+02, 1.48324905e+02, 1.68278809e+02,
    1.48470642e+02, 1.58636215e+02, 1.48763794e+02, 1.49027908e+02,
    1.58052216e+02, 1.97532333e+02, 1.58149796e+02, 1.87878204e+02,
    1.58272141e+02, 1.78236679e+02, 1.58308716e+02, 1.68643570e+02,
    1.58507187e+02, 1.58990555e+02, 1.58607803e+02, 1.49512268e+02,
    1.68801926e+02, 1.99057526e+02, 1.68173203e+02, 1.88101883e+02,
    1.68216248e+02, 1.78490234e+02, 1.68293488e+02, 1.68880569e+02,
    1.68446518e+02, 1.59353806e+02, 1.68645737e+02, 1.49848969e+02,
    1.77844940e+02, 1.97780212e+02, 1.78011047e+02, 1.88200363e+02,
    1.78161057e+02, 1.78707550e+02, 1.78212479e+02, 1.69218826e+02,
    1.78261032e+02, 1.59633957e+02, 1.78315109e+02, 1.50220642e+02,
    1.87438889e+02, 1.97956757e+02, 1.87782883e+02, 1.88410141e+02,
    1.87804352e+02, 1.78968094e+02, 1.88002548e+02, 1.69523071e+02,
    1.88095444e+02, 1.60007172e+02, 1.88262299e+02, 1.50560562e+02,
    1.97381912e+02, 1.98050476e+02, 1.97288757e+02, 1.88730270e+02,
    1.97540985e+02, 1.79156570e+02, 1.97641495e+02, 1.69835983e+02,
    1.97666031e+02, 1.60337341e+02, 1.97772018e+02, 1.51018738e+02,
    2.06903809e+02, 1.98404404e+02, 2.07043045e+02, 1.88855453e+02,
    2.07138962e+02, 1.79537460e+02, 2.07196152e+02, 1.70126678e+02,
    2.07271057e+02, 1.60723831e+02, 2.07358063e+02, 1.51342026e+02 ]
