%YAML:1.0
---
points: [ 6.74600708e+02, 5.22676758e+02, 6.81589233e+02, 4.88695557e+02,
    6.88859192e+02, 4.54643494e+02, 6.96293762e+02, 4.20306732e+02,
    7.03501953e+02, 3.85373871e+02, 7.11075012e+02, 3.50030792e+02,
    7.08503479e+02, 5.31403442e+02, 7.15923279e+02, 4.97614532e+02,
    7.23260559e+02, 4.63522614e+02, 7.30652039e+02, 4.29190491e+02,
    7.38204163e+02, 3.94380646e+02, 7.45599548e+02, 3.58918945e+02,
    7.42421509e+02, 5.40183594e+02, 7.49643066e+02, 5.06460907e+02,
    7.57299988e+02, 4.72390350e+02, 7.64700378e+02, 4.38219391e+02,
    7.72427612e+02, 4.03259521e+02, 7.80261963e+02, 3.68008209e+02,
    7.75630127e+02, 5.49294922e+02, 7.83332397e+02, 5.15463623e+02,
    7.90958679e+02, 4.81431244e+02, 7.98725159e+02, 4.47018738e+02,
    8.06555420e+02, 4.12309235e+02, 8.14521606e+02, 3.76853455e+02,
    8.09248840e+02, 5.58338257e+02, 8.17103760e+02, 5.24587158e+02,
    8.24882324e+02, 4.90563446e+02, 8.32900208e+02, 4.56098175e+02,
    8.40932373e+02, 4.21307617e+02, 8.49176086e+02, 3.86016022e+02,
    8.42994446e+02, 5.67406921e+02, 8.50879944e+02, 5.33575806e+02,
    8.59120056e+02, 4.99594940e+02, 8.67276978e+02, 4.65317230e+02,
    8.75550049e+02, 4.30294159e+02, 8.83899231e+02, 3.95048401e+02,
    8.76962463e+02, 5.76203613e+02, 8.85227112e+02, 5.42627930e+02,
    8.93455750e+02, 5.08426147e+02, 9.01733643e+02, 4.74269226e+02,
    9.10359802e+02, 4.39411560e+02, 9.18795959e+02, 4.04088196e+02,
    9.11023560e+02, 5.85188782e+02, 9.19461243e+02, 5.51376465e+02,
    9.27799561e+02, 5.17533142e+02, 9.36563293e+02, 4.83081726e+02,
    9.45132080e+02, 4.48441315e+02, 9.53973999e+02, 4.13103912e+02 ]
