%YAML:1.0
---
points: [ 1.81718292e+02, 1.99603928e+02, 1.84176315e+02, 1.87819031e+02,
    1.86666016e+02, 1.75959198e+02, 1.89185501e+02, 1.63935349e+02,
    1.91765488e+02, 1.51824829e+02, 1.94284500e+02, 1.39471451e+02,
    1.93629654e+02, 2.02497467e+02, 1.96099197e+02, 1.90782166e+02,
    1.98648117e+02, 1.78972107e+02, 2.01162140e+02, 1.66953979e+02,
    2.03794205e+02, 1.54840057e+02, 2.06416992e+02, 1.42554138e+02,
    2.05328949e+02, 2.05482635e+02, 2.07893784e+02, 1.93782990e+02,
    2.10504013e+02, 1.81930939e+02, 2.13139969e+02, 1.69978333e+02,
    2.15745331e+02, 1.57835953e+02, 2.18427002e+02, 1.45568512e+02,
    2.17001083e+02, 2.08530792e+02, 2.19685287e+02, 1.96841171e+02,
    2.22320419e+02, 1.84933823e+02, 2.24977951e+02, 1.72993607e+02,
    2.27711487e+02, 1.60860687e+02, 2.30470337e+02, 1.48577347e+02,
    2.28699478e+02, 2.11545471e+02, 2.31435532e+02, 1.99799149e+02,
    2.34110657e+02, 1.88013687e+02, 2.36929047e+02, 1.76077866e+02,
    2.39684998e+02, 1.63929428e+02, 2.42556702e+02, 1.51569611e+02,
    2.40483017e+02, 2.14525558e+02, 2.43214691e+02, 2.02876297e+02,
    2.46061951e+02, 1.91010696e+02, 2.48869949e+02, 1.79128281e+02,
    2.51841019e+02, 1.66996017e+02, 2.55386520e+02, 1.54744492e+02,
    2.52348770e+02, 2.17562469e+02, 2.55138245e+02, 2.05898911e+02,
    2.57968567e+02, 1.94003250e+02, 2.61031494e+02, 1.82189316e+02,
    2.63813232e+02, 1.69808060e+02, 270., 1.60500000e+02, 2.64122498e+02,
    2.20587418e+02, 2.66994110e+02, 2.08762100e+02, 2.70035614e+02,
    1.97055649e+02, 2.73006287e+02, 1.85111572e+02, 2.76027405e+02,
    1.72967499e+02, 2.78897827e+02, 1.60452423e+02 ]
