%YAML:1.0
---
rotation: !!opencv-matrix
   rows: 3
   cols: 3
   dt: d
   data: [ 9.9987986503277282e-01, -8.9071954639598598e-03,
       -1.2685321084260849e-02, 8.9380639036582762e-03,
       9.9995722527976971e-01, 2.3787863372032314e-03,
       1.2663590158327966e-02, -2.4918827722741439e-03,
       9.9991670853354131e-01 ]
translation: !!opencv-matrix
   rows: 3
   cols: 1
   dt: d
   data: [ -4.7047543990047742e-02, 1.1875198103038982e-04,
       -4.0162946197864428e-03 ]
essential: !!opencv-matrix
   rows: 3
   cols: 3
   dt: d
   data: [ 3.7401724385828539e-05, 4.0158269078920160e-03,
       1.2829599677147575e-04, -3.4200213073180491e-03,
       -8.1463043127321717e-05, 4.7094573317936511e-02,
       -5.3925166945826121e-04, -4.7044473797409274e-02,
       -1.1040964783373103e-04 ]
fundamental: !!opencv-matrix
   rows: 3
   cols: 3
   dt: d
   data: [ 3.0220176624245850e-08, 3.2398202432845020e-06,
       -6.3410018498035305e-04, -2.7618321171821268e-06,
       -6.5685521158937970e-08, 1.4968779189465702e-02,
       9.8895077221698149e-04, -4.3778686550431517e-02,
       9.9999999999999989e-01 ]
