%YAML:1.0
---
cameraMatrix: !!opencv-matrix
   rows: 3
   cols: 3
   dt: d
   data: [ 3.7465669617341558e+02, 0., 2.5587062270435419e+02, 0.,
       3.7522601622408519e+02, 2.0532166700032795e+02, 0., 0., 1. ]
distortionCoefficients: !!opencv-matrix
   rows: 1
   cols: 5
   dt: d
   data: [ 9.8951247880100596e-02, -2.8621906129673524e-01,
       -1.3107731921327558e-03, 1.4626642158227781e-04,
       1.0068127988000745e-01 ]
rotation: !!opencv-matrix
   rows: 3
   cols: 3
   dt: d
   data: [ 1., 0., 0., 0., 1., 0., 0., 0., 1. ]
projection: !!opencv-matrix
   rows: 4
   cols: 4
   dt: d
   data: [ 3.7465669617341558e+02, 0., 2.5587062270435419e+02, 0., 0.,
       3.7522601622408519e+02, 2.0532166700032795e+02, 0., 0., 0., 1.,
       0., 0., 0., 0., 1. ]
