%YAML:1.0
---
depthShift: -4.2619432412482503e+01
