%YAML:1.0
---
cameraMatrix: !!opencv-matrix
   rows: 3
   cols: 3
   dt: d
   data: [ 1.0719077929551404e+03, 0., 9.6644341276317357e+02, 0.,
       1.0724926810636418e+03, 5.3775792236611198e+02, 0., 0., 1. ]
distortionCoefficients: !!opencv-matrix
   rows: 1
   cols: 5
   dt: d
   data: [ 5.5109730451696058e-02, -5.5727167785471175e-02,
       2.2197317164012045e-04, 1.7686730087993119e-03,
       1.3392258617250461e-02 ]
rotation: !!opencv-matrix
   rows: 3
   cols: 3
   dt: d
   data: [ 1., 0., 0., 0., 1., 0., 0., 0., 1. ]
projection: !!opencv-matrix
   rows: 4
   cols: 4
   dt: d
   data: [ 1.0719077929551404e+03, 0., 9.6644341276317357e+02, 0., 0.,
       1.0724926810636418e+03, 5.3775792236611198e+02, 0., 0., 0., 1.,
       0., 0., 0., 0., 1. ]
