%YAML:1.0
---
points: [ 1.06118811e+03, 6.05326965e+02, 1.07459167e+03, 5.97266052e+02,
    1.08812244e+03, 5.88886597e+02, 1.10136658e+03, 5.80698730e+02,
    1.11478198e+03, 5.72508057e+02, 1.12832886e+03, 5.64199829e+02,
    1.06930261e+03, 6.18740479e+02, 1.08270740e+03, 6.10469666e+02,
    1.09614478e+03, 6.02291870e+02, 1.10961523e+03, 5.94150818e+02,
    1.12290247e+03, 5.85744751e+02, 1.13631873e+03, 5.77585022e+02,
    1.07745764e+03, 6.32071411e+02, 1.09093103e+03, 6.23774841e+02,
    1.10435889e+03, 6.15596985e+02, 1.11771033e+03, 6.07390076e+02,
    1.13104138e+03, 5.99137512e+02, 1.14447852e+03, 5.90898865e+02,
    1.08571899e+03, 6.45553101e+02, 1.09913184e+03, 6.37223206e+02,
    1.11258997e+03, 6.28889832e+02, 1.12577588e+03, 6.20746277e+02,
    1.13938049e+03, 6.12429749e+02, 1.15256653e+03, 6.04175171e+02,
    1.09386646e+03, 6.58775574e+02, 1.10740369e+03, 6.50589417e+02,
    1.12068298e+03, 6.42355652e+02, 1.13426831e+03, 6.34106323e+02,
    1.14737537e+03, 6.25784485e+02, 1.16095239e+03, 6.17639404e+02,
    1.10227100e+03, 6.72287903e+02, 1.11559753e+03, 6.64033203e+02,
    1.12899243e+03, 6.55692078e+02, 1.14223499e+03, 6.47471375e+02,
    1.15582361e+03, 6.39391296e+02, 1.16897888e+03, 6.30864746e+02,
    1.11042615e+03, 6.85705322e+02, 1.12375000e+03, 6.77463135e+02,
    1.13717395e+03, 6.69085754e+02, 1.15053943e+03, 6.60964050e+02,
    1.16382935e+03, 6.52512878e+02, 1.17745679e+03, 6.44494385e+02,
    1.11861694e+03, 6.98995544e+02, 1.13196716e+03, 6.90713257e+02,
    1.14539478e+03, 6.82545288e+02, 1.15866626e+03, 6.74192566e+02,
    1.17218567e+03, 6.66184021e+02, 1.18557971e+03, 6.57777222e+02 ]
