%YAML:1.0
---
points: [ 7.05258789e+02, 5.18856689e+02, 7.20211060e+02, 5.18544067e+02,
    7.35402344e+02, 5.17945251e+02, 7.50507263e+02, 5.17650208e+02,
    7.65788574e+02, 5.17201965e+02, 7.81084839e+02, 5.16769836e+02,
    7.04863586e+02, 5.34267883e+02, 7.20084351e+02, 5.33886780e+02,
    7.35096924e+02, 5.33612793e+02, 7.50418762e+02, 5.33005920e+02,
    7.65573792e+02, 5.32758118e+02, 7.81096375e+02, 5.32356079e+02,
    7.04715454e+02, 5.49877808e+02, 7.19751343e+02, 5.49538757e+02,
    7.35006714e+02, 5.49092712e+02, 7.50170044e+02, 5.48820312e+02,
    7.65491821e+02, 5.48347351e+02, 7.80766418e+02, 5.47854004e+02,
    7.04266052e+02, 5.65515442e+02, 7.19543640e+02, 5.65080566e+02,
    7.34679688e+02, 5.64723267e+02, 7.49954407e+02, 5.64336975e+02,
    7.65333862e+02, 5.64024963e+02, 7.80797729e+02, 5.63506836e+02,
    7.04214478e+02, 5.81010132e+02, 7.19243835e+02, 5.80735901e+02,
    7.34464539e+02, 5.80357666e+02, 7.49717224e+02, 5.79967834e+02,
    7.65264526e+02, 5.79615234e+02, 7.80655884e+02, 5.79302002e+02,
    7.03868713e+02, 5.96643066e+02, 7.19209106e+02, 5.96388000e+02,
    7.34266602e+02, 5.96091187e+02, 7.49624939e+02, 5.95714661e+02,
    7.65091614e+02, 5.95376282e+02, 7.80638367e+02, 5.95133850e+02,
    7.03653687e+02, 6.12342468e+02, 7.18867432e+02, 6.12003052e+02,
    7.34214783e+02, 6.11678040e+02, 7.49484680e+02, 6.11432800e+02,
    7.64921631e+02, 6.11210022e+02, 7.80479187e+02, 6.10884705e+02,
    7.03397400e+02, 6.27997375e+02, 7.18598389e+02, 6.27723694e+02,
    7.33835754e+02, 6.27559387e+02, 7.49283691e+02, 6.27233887e+02,
    7.64575317e+02, 6.26893188e+02, 7.80268555e+02, 6.26677490e+02 ]
