%YAML:1.0
---
points: [ 6.80597168e+02, 4.48142883e+02, 6.95631897e+02, 4.47737885e+02,
    7.10949097e+02, 4.47290955e+02, 7.26045044e+02, 4.46908264e+02,
    7.41180603e+02, 4.46645203e+02, 7.56462830e+02, 4.46399597e+02,
    6.80185303e+02, 4.63151947e+02, 6.95473816e+02, 4.62902649e+02,
    7.10492310e+02, 4.62484924e+02, 7.25745789e+02, 4.62224915e+02,
    7.40815186e+02, 4.61980652e+02, 7.56232666e+02, 4.61615631e+02,
    6.79817017e+02, 4.78451385e+02, 6.94945435e+02, 4.78175079e+02,
    7.10219177e+02, 4.77861084e+02, 7.25298523e+02, 4.77509430e+02,
    7.40468933e+02, 4.77338318e+02, 7.55797302e+02, 4.76976318e+02,
    6.79200500e+02, 4.93699402e+02, 6.94463074e+02, 4.93440826e+02,
    7.09677429e+02, 4.93246918e+02, 7.24872253e+02, 4.92931885e+02,
    7.40214050e+02, 4.92611145e+02, 7.55546997e+02, 4.92426453e+02,
    6.78847656e+02, 5.09136566e+02, 6.93973999e+02, 5.08800537e+02,
    7.09234253e+02, 5.08538574e+02, 7.24323547e+02, 5.08397003e+02,
    7.39739563e+02, 5.08169434e+02, 7.55178650e+02, 5.07887970e+02,
    6.78373108e+02, 5.24467773e+02, 6.93617188e+02, 5.24327454e+02,
    7.08888245e+02, 5.24047546e+02, 7.24118530e+02, 5.23809143e+02,
    7.39386475e+02, 5.23658630e+02, 7.54913696e+02, 5.23514099e+02,
    6.77857483e+02, 5.39835693e+02, 6.93141602e+02, 5.39636230e+02,
    7.08440308e+02, 5.39523743e+02, 7.23667725e+02, 5.39299622e+02,
    7.39097168e+02, 5.39162048e+02, 7.54517456e+02, 5.38871460e+02,
    6.77206116e+02, 5.55465210e+02, 6.92485046e+02, 5.55276001e+02,
    7.07828552e+02, 5.54940491e+02, 7.23212708e+02, 5.54750183e+02,
    7.38577271e+02, 5.54619141e+02, 7.54196228e+02, 5.54532654e+02 ]
