%YAML:1.0
---
points: [ 7.12576965e+02, 4.36370850e+02, 7.28766479e+02, 4.36294525e+02,
    7.45142700e+02, 4.36339111e+02, 7.61109009e+02, 4.36252136e+02,
    7.77325439e+02, 4.36275177e+02, 7.93243530e+02, 4.36223083e+02,
    7.12332031e+02, 4.51975861e+02, 7.28687744e+02, 4.52071289e+02,
    7.44761230e+02, 4.51965759e+02, 7.60932922e+02, 4.51976868e+02,
    7.77121094e+02, 4.51883911e+02, 7.93175537e+02, 4.51843994e+02,
    7.12252197e+02, 4.67937592e+02, 7.28469604e+02, 4.67796722e+02,
    7.44532104e+02, 4.67741150e+02, 7.60681580e+02, 4.67651917e+02,
    7.76786438e+02, 4.67602997e+02, 7.92933960e+02, 4.67519623e+02,
    7.11850342e+02, 4.83706421e+02, 7.28215088e+02, 4.83623688e+02,
    7.44335754e+02, 4.83534912e+02, 7.60494629e+02, 4.83545654e+02,
    7.76630920e+02, 4.83480164e+02, 7.92828125e+02, 4.83448578e+02,
    7.11636169e+02, 4.99673218e+02, 7.27835449e+02, 4.99577026e+02,
    7.44228577e+02, 4.99498230e+02, 7.60316650e+02, 4.99375671e+02,
    7.76442078e+02, 4.99417999e+02, 7.92703430e+02, 4.99325104e+02,
    7.11343933e+02, 5.15559265e+02, 7.27615173e+02, 5.15530640e+02,
    7.43889343e+02, 5.15415344e+02, 7.60148743e+02, 5.15380127e+02,
    7.76350891e+02, 5.15320923e+02, 7.92547302e+02, 5.15318726e+02,
    7.11021729e+02, 5.31564636e+02, 7.27420593e+02, 5.31409668e+02,
    7.43730408e+02, 5.31358643e+02, 7.59773743e+02, 5.31263367e+02,
    7.76213196e+02, 5.31233337e+02, 7.92392090e+02, 5.31177673e+02,
    7.10686646e+02, 5.47638245e+02, 7.27168640e+02, 5.47557373e+02,
    7.43330444e+02, 5.47392578e+02, 7.59539307e+02, 5.47378845e+02,
    7.75873718e+02, 5.47245239e+02, 7.92207703e+02, 5.47254761e+02 ]
