%YAML:1.0
---
points: [ 7.54415222e+02, 5.13456665e+02, 7.70372681e+02, 5.12946899e+02,
    7.86445557e+02, 5.12739197e+02, 8.02447632e+02, 5.12509033e+02,
    8.18428894e+02, 5.12287415e+02, 8.34407959e+02, 5.11833466e+02,
    7.54355164e+02, 5.29185181e+02, 7.70405151e+02, 5.28882629e+02,
    7.86412354e+02, 5.28628296e+02, 8.02464294e+02, 5.28422180e+02,
    8.18374756e+02, 5.27921631e+02, 8.34477478e+02, 5.27687378e+02,
    7.54305725e+02, 5.45238220e+02, 7.70329285e+02, 5.44807556e+02,
    7.86367859e+02, 5.44548584e+02, 8.02420654e+02, 5.44299255e+02,
    8.18357239e+02, 5.44064087e+02, 8.34476624e+02, 5.43714539e+02,
    7.54196167e+02, 5.61189209e+02, 7.70296936e+02, 5.60796631e+02,
    7.86320251e+02, 5.60523743e+02, 8.02426697e+02, 5.60305603e+02,
    8.18475037e+02, 5.59858948e+02, 8.34531494e+02, 5.59630981e+02,
    7.54166748e+02, 5.77153625e+02, 7.70217163e+02, 5.76765137e+02,
    7.86343872e+02, 5.76494263e+02, 8.02397339e+02, 5.76182190e+02,
    8.18460815e+02, 5.75911194e+02, 8.34583374e+02, 5.75691589e+02,
    7.54024841e+02, 5.93122559e+02, 7.70238342e+02, 5.92903137e+02,
    7.86236328e+02, 5.92558838e+02, 8.02445984e+02, 5.92429993e+02,
    8.18487549e+02, 5.91951843e+02, 8.34649353e+02, 5.91733459e+02,
    7.53897949e+02, 6.09281860e+02, 7.70025391e+02, 6.09009399e+02,
    7.86289856e+02, 6.08693665e+02, 8.02413452e+02, 6.08416687e+02,
    8.18500732e+02, 6.08200439e+02, 8.34672119e+02, 6.07841980e+02,
    7.53811768e+02, 6.25417725e+02, 7.69925476e+02, 6.25162476e+02,
    7.86148376e+02, 6.24790588e+02, 8.02349670e+02, 6.24567200e+02,
    8.18420166e+02, 6.24308777e+02, 8.34684082e+02, 6.24083435e+02 ]
