%YAML:1.0
---
points: [ 7.93893860e+02, 5.92095093e+02, 8.09682800e+02, 5.91654297e+02,
    8.25737671e+02, 5.91466003e+02, 8.41536499e+02, 5.91075073e+02,
    8.57510803e+02, 5.90916809e+02, 8.73526184e+02, 5.90473877e+02,
    7.93668457e+02, 6.07909424e+02, 8.09659485e+02, 6.07689270e+02,
    8.25538818e+02, 6.07420227e+02, 8.41507385e+02, 6.07115479e+02,
    8.57548706e+02, 6.06687378e+02, 8.73587524e+02, 6.06533325e+02,
    7.93624084e+02, 6.23965820e+02, 8.09551636e+02, 6.23668152e+02,
    8.25624268e+02, 6.23407959e+02, 8.41489563e+02, 6.23068176e+02,
    8.57547791e+02, 6.22846252e+02, 8.73573914e+02, 6.22566589e+02,
    7.93541870e+02, 6.40084167e+02, 8.09569580e+02, 6.39755676e+02,
    8.25500244e+02, 6.39613708e+02, 8.41592163e+02, 6.39293152e+02,
    8.57591003e+02, 6.38919800e+02, 8.73710327e+02, 6.38742126e+02,
    7.93502991e+02, 6.56287354e+02, 8.09470886e+02, 6.55886353e+02,
    8.25535950e+02, 6.55618225e+02, 8.41541138e+02, 6.55391907e+02,
    8.57632812e+02, 6.55227905e+02, 8.73735474e+02, 6.54793640e+02,
    7.93383057e+02, 6.72322083e+02, 8.09544556e+02, 6.72100220e+02,
    8.25494324e+02, 6.71728638e+02, 8.41566528e+02, 6.71606750e+02,
    8.57699341e+02, 6.71402588e+02, 8.73816833e+02, 6.71203857e+02,
    7.93361938e+02, 6.88571167e+02, 8.09403809e+02, 6.88354675e+02,
    8.25477600e+02, 6.88217957e+02, 8.41565674e+02, 6.87842163e+02,
    8.57698608e+02, 6.87671814e+02, 8.73811157e+02, 6.87455444e+02,
    7.93127502e+02, 7.04992859e+02, 8.09319519e+02, 7.04727844e+02,
    8.25345398e+02, 7.04471741e+02, 8.41492371e+02, 7.04309875e+02,
    8.57609802e+02, 7.04032166e+02, 8.73866211e+02, 7.03856995e+02 ]
