%YAML:1.0
---
points: [ 1.01051996e+03, 5.83705811e+02, 1.02657874e+03, 5.83372620e+02,
    1.04294946e+03, 5.83186035e+02, 1.05913586e+03, 5.82801636e+02,
    1.07544885e+03, 5.82520081e+02, 1.09171521e+03, 5.82306885e+02,
    1.01067841e+03, 5.99816284e+02, 1.02694263e+03, 5.99571655e+02,
    1.04330481e+03, 5.99263550e+02, 1.05952405e+03, 5.99089478e+02,
    1.07566406e+03, 5.98739380e+02, 1.09222217e+03, 5.98491028e+02,
    1.01101849e+03, 6.16242249e+02, 1.02726562e+03, 6.15918518e+02,
    1.04354712e+03, 6.15611206e+02, 1.05968835e+03, 6.15297791e+02,
    1.07619458e+03, 6.15046387e+02, 1.09258594e+03, 6.14799622e+02,
    1.01126941e+03, 6.32445374e+02, 1.02752185e+03, 6.32229858e+02,
    1.04383740e+03, 6.31946838e+02, 1.06018420e+03, 6.31692444e+02,
    1.07645288e+03, 6.31439087e+02, 1.09307605e+03, 6.31250916e+02,
    1.01151306e+03, 6.48657715e+02, 1.02769690e+03, 6.48485535e+02,
    1.04425049e+03, 6.48307495e+02, 1.06044324e+03, 6.48129150e+02,
    1.07686816e+03, 6.47857666e+02, 1.09345007e+03, 6.47695618e+02,
    1.01170599e+03, 6.65035339e+02, 1.02818469e+03, 6.64845642e+02,
    1.04449768e+03, 6.64672791e+02, 1.06084375e+03, 6.64552734e+02,
    1.07734888e+03, 6.64362305e+02, 1.09389441e+03, 6.64215393e+02,
    1.01198706e+03, 6.81386230e+02, 1.02837524e+03, 6.81239136e+02,
    1.04476453e+03, 6.81054443e+02, 1.06126270e+03, 6.80856812e+02,
    1.07775281e+03, 6.80773682e+02, 1.09438074e+03, 6.80654053e+02,
    1.01231134e+03, 6.97744141e+02, 1.02859265e+03, 6.97601746e+02,
    1.04517859e+03, 6.97546204e+02, 1.06154956e+03, 6.97469604e+02,
    1.07821204e+03, 6.97336975e+02, 1.09474988e+03, 6.97255005e+02 ]
