%YAML:1.0
---
points: [ 9.55329895e+02, 5.22479309e+02, 9.71349609e+02, 5.22205811e+02,
    9.87305603e+02, 5.21968201e+02, 1.00324860e+03, 5.21738342e+02,
    1.01931012e+03, 5.21402344e+02, 1.03527307e+03, 5.21071960e+02,
    9.55478760e+02, 5.38240417e+02, 9.71510437e+02, 5.38024658e+02,
    9.87501282e+02, 5.37772522e+02, 1.00351318e+03, 5.37536194e+02,
    1.01959381e+03, 5.37273804e+02, 1.03576465e+03, 5.37051208e+02,
    9.55650513e+02, 5.54223145e+02, 9.71738831e+02, 5.53901001e+02,
    9.87764526e+02, 5.53710999e+02, 1.00377832e+03, 5.53483093e+02,
    1.01984686e+03, 5.53209534e+02, 1.03611121e+03, 5.52970947e+02,
    9.55805847e+02, 5.70167236e+02, 9.72034973e+02, 5.69862000e+02,
    9.88029358e+02, 5.69725342e+02, 1.00413678e+03, 5.69483887e+02,
    1.02021619e+03, 5.69227905e+02, 1.03636060e+03, 5.69051331e+02,
    9.56133423e+02, 5.86195923e+02, 9.72234314e+02, 5.85874146e+02,
    9.88247070e+02, 5.85691528e+02, 1.00441266e+03, 5.85453369e+02,
    1.02055701e+03, 5.85292358e+02, 1.03666492e+03, 5.84945496e+02,
    9.56242798e+02, 6.02097473e+02, 9.72456238e+02, 6.01809631e+02,
    9.88568481e+02, 6.01638977e+02, 1.00467908e+03, 6.01487122e+02,
    1.02085016e+03, 6.01254639e+02, 1.03705310e+03, 6.01046082e+02,
    9.56470154e+02, 6.18229370e+02, 9.72664062e+02, 6.17857910e+02,
    9.88856873e+02, 6.17739624e+02, 1.00486816e+03, 6.17626770e+02,
    1.02126251e+03, 6.17433655e+02, 1.03744702e+03, 6.17178833e+02,
    9.56637451e+02, 6.34317505e+02, 9.72921204e+02, 6.34119324e+02,
    9.89131897e+02, 6.33787231e+02, 1.00522510e+03, 6.33635620e+02,
    1.02146716e+03, 6.33519226e+02, 1.03768701e+03, 6.33369507e+02 ]
