%YAML:1.0
---
points: [ 9.49313965e+02, 4.24142181e+02, 9.65131348e+02, 4.23811462e+02,
    9.80860718e+02, 4.23709351e+02, 9.96684998e+02, 4.23557465e+02,
    1.01261322e+03, 4.23503998e+02, 1.02847986e+03, 4.23307983e+02,
    9.49315674e+02, 4.39596191e+02, 9.65308838e+02, 4.39549316e+02,
    9.81038818e+02, 4.39318787e+02, 9.96999207e+02, 4.39168610e+02,
    1.01274872e+03, 4.38921783e+02, 1.02874512e+03, 4.38726654e+02,
    9.49437500e+02, 4.55306793e+02, 9.65286743e+02, 4.55113159e+02,
    9.81195557e+02, 4.54888580e+02, 9.97167175e+02, 4.54723297e+02,
    1.01300287e+03, 4.54575348e+02, 1.02888525e+03, 4.54518433e+02,
    9.49436646e+02, 4.70916138e+02, 9.65425354e+02, 4.70750977e+02,
    9.81287109e+02, 4.70664032e+02, 9.97308655e+02, 4.70496613e+02,
    1.01320477e+03, 4.70355316e+02, 1.02925000e+03, 4.70264221e+02,
    9.49514099e+02, 4.86663269e+02, 9.65529724e+02, 4.86590698e+02,
    9.81423767e+02, 4.86402344e+02, 9.97401367e+02, 4.86243164e+02,
    1.01330359e+03, 4.86108978e+02, 1.02933777e+03, 4.85814636e+02,
    9.49549194e+02, 5.02462921e+02, 9.65585876e+02, 5.02360413e+02,
    9.81543945e+02, 5.02226044e+02, 9.97523193e+02, 5.02021881e+02,
    1.01348322e+03, 5.01926422e+02, 1.02954553e+03, 5.01714386e+02,
    9.49641235e+02, 5.18267944e+02, 9.65643188e+02, 5.18101440e+02,
    9.81667725e+02, 5.17825623e+02, 9.97644165e+02, 5.17761658e+02,
    1.01367926e+03, 5.17629639e+02, 1.02968567e+03, 5.17586243e+02,
    9.49663391e+02, 5.34021179e+02, 9.65769287e+02, 5.33823486e+02,
    9.81767395e+02, 5.33723877e+02, 9.97750671e+02, 5.33607239e+02,
    1.01390948e+03, 5.33563477e+02, 1.02988159e+03, 5.33419250e+02 ]
