%YAML:1.0
---
points: [ 1.15720618e+03, 4.44304749e+02, 1.17342700e+03, 4.44038757e+02,
    1.18963257e+03, 4.43756195e+02, 1.20579761e+03, 4.43670349e+02,
    1.22224780e+03, 4.43427551e+02, 1.23846558e+03, 4.43157410e+02,
    1.15752673e+03, 4.59919312e+02, 1.17377429e+03, 4.59738190e+02,
    1.18998022e+03, 4.59600403e+02, 1.20629810e+03, 4.59349426e+02,
    1.22252429e+03, 4.59131989e+02, 1.23900647e+03, 4.58850586e+02,
    1.15784607e+03, 4.75731781e+02, 1.17415271e+03, 4.75610321e+02,
    1.19043225e+03, 4.75432892e+02, 1.20664795e+03, 4.75228760e+02,
    1.22305542e+03, 4.75001801e+02, 1.23945630e+03, 4.74758972e+02,
    1.15831897e+03, 4.91621368e+02, 1.17448596e+03, 4.91463257e+02,
    1.19067346e+03, 4.91263977e+02, 1.20719727e+03, 4.91064728e+02,
    1.22346228e+03, 4.90791962e+02, 1.23985144e+03, 4.90705780e+02,
    1.15862939e+03, 5.07540558e+02, 1.17481567e+03, 5.07350616e+02,
    1.19117908e+03, 5.07206879e+02, 1.20750757e+03, 5.06920807e+02,
    1.22401819e+03, 5.06865051e+02, 1.24046851e+03, 5.06726685e+02,
    1.15883606e+03, 5.23465332e+02, 1.17528992e+03, 5.23352966e+02,
    1.19152551e+03, 5.23099060e+02, 1.20793567e+03, 5.22936829e+02,
    1.22440942e+03, 5.22803162e+02, 1.24099609e+03, 5.22739868e+02,
    1.15930029e+03, 5.39350098e+02, 1.17555627e+03, 5.39177612e+02,
    1.19206323e+03, 5.39097900e+02, 1.20842712e+03, 5.38879150e+02,
    1.22486047e+03, 5.38828491e+02, 1.24152234e+03, 5.38719543e+02,
    1.15954517e+03, 5.55361633e+02, 1.17597498e+03, 5.55209900e+02,
    1.19240796e+03, 5.55083130e+02, 1.20893665e+03, 5.54969971e+02,
    1.22564758e+03, 5.54781677e+02, 1.24215747e+03, 5.54755371e+02 ]
