%YAML:1.0
---
points: [ 1.21915613e+03, 5.28869385e+02, 1.23609265e+03, 5.28571655e+02,
    1.25287122e+03, 5.28157776e+02, 1.26969275e+03, 5.27753357e+02,
    1.28661707e+03, 5.27377747e+02, 1.30383264e+03, 5.26918884e+02,
    1.21990735e+03, 5.45155945e+02, 1.23672363e+03, 5.44667480e+02,
    1.25355896e+03, 5.44434875e+02, 1.27044312e+03, 5.44026733e+02,
    1.28749890e+03, 5.43734619e+02, 1.30478796e+03, 5.43296509e+02,
    1.22057959e+03, 5.61367676e+02, 1.23743311e+03, 5.60971619e+02,
    1.25433740e+03, 5.60588867e+02, 1.27123633e+03, 5.60387207e+02,
    1.28834558e+03, 5.60016235e+02, 1.30562610e+03, 5.59653748e+02,
    1.22117041e+03, 5.77579407e+02, 1.23788770e+03, 5.77314148e+02,
    1.25492334e+03, 5.76991028e+02, 1.27185168e+03, 5.76628662e+02,
    1.28917407e+03, 5.76392151e+02, 1.30647290e+03, 5.76136780e+02,
    1.22174390e+03, 5.94053345e+02, 1.23866467e+03, 5.93684082e+02,
    1.25568274e+03, 5.93454346e+02, 1.27291833e+03, 5.93187500e+02,
    1.28992310e+03, 5.92879150e+02, 1.30716174e+03, 5.92647156e+02,
    1.22246643e+03, 6.10374451e+02, 1.23934399e+03, 6.10232422e+02,
    1.25641296e+03, 6.09794678e+02, 1.27352820e+03, 6.09614258e+02,
    1.29071265e+03, 6.09470459e+02, 1.30808972e+03, 6.09244629e+02,
    1.22306470e+03, 6.26915466e+02, 1.24001416e+03, 6.26711365e+02,
    1.25733875e+03, 6.26487488e+02, 1.27443628e+03, 6.26269775e+02,
    1.29146936e+03, 6.26127014e+02, 1.30867957e+03, 6.25881409e+02,
    1.22376172e+03, 6.43533203e+02, 1.24085425e+03, 6.43351013e+02,
    1.25799170e+03, 6.43190002e+02, 1.27511462e+03, 6.43080017e+02,
    1.29242334e+03, 6.42928528e+02, 1.30979565e+03, 6.42787720e+02 ]
