%YAML:1.0
---
points: [ 1.18888379e+03, 5.86493164e+02, 1.20553308e+03, 5.86161804e+02,
    1.22216821e+03, 5.85885681e+02, 1.23866235e+03, 5.85648438e+02,
    1.25546741e+03, 5.85325317e+02, 1.27244678e+03, 5.84984070e+02,
    1.18948572e+03, 6.02649048e+02, 1.20609314e+03, 6.02403564e+02,
    1.22268042e+03, 6.02120667e+02, 1.23940430e+03, 6.01877930e+02,
    1.25631177e+03, 6.01617249e+02, 1.27328967e+03, 6.01369751e+02,
    1.18999475e+03, 6.19052734e+02, 1.20674194e+03, 6.18747009e+02,
    1.22340576e+03, 6.18526062e+02, 1.24017957e+03, 6.18309143e+02,
    1.25716797e+03, 6.18090820e+02, 1.27421057e+03, 6.17823059e+02,
    1.19059521e+03, 6.35341187e+02, 1.20739172e+03, 6.35221863e+02,
    1.22410889e+03, 6.34878723e+02, 1.24101221e+03, 6.34627258e+02,
    1.25789075e+03, 6.34512512e+02, 1.27477954e+03, 6.34422852e+02,
    1.19122815e+03, 6.51719238e+02, 1.20802209e+03, 6.51560547e+02,
    1.22475635e+03, 6.51434570e+02, 1.24165430e+03, 6.51248962e+02,
    1.25868176e+03, 6.51117859e+02, 1.27558301e+03, 6.50822266e+02,
    1.19187708e+03, 6.68322754e+02, 1.20872083e+03, 6.68230835e+02,
    1.22562927e+03, 6.67982300e+02, 1.24250269e+03, 6.67796509e+02,
    1.25950110e+03, 6.67615601e+02, 1.27639136e+03, 6.67495911e+02,
    1.19249036e+03, 6.84848267e+02, 1.20937073e+03, 6.84719482e+02,
    1.22636853e+03, 6.84666931e+02, 1.24321252e+03, 6.84457825e+02,
    1.26013403e+03, 6.84406616e+02, 1.27732141e+03, 6.84303894e+02,
    1.19315210e+03, 7.01509216e+02, 1.21027893e+03, 7.01448975e+02,
    1.22719043e+03, 7.01344788e+02, 1.24410046e+03, 7.01357300e+02,
    1.26100366e+03, 7.01229553e+02, 1.27825256e+03, 7.01200439e+02 ]
