%YAML:1.0
---
points: [ 1.33773193e+03, 5.86419128e+02, 1.35450134e+03, 5.86334595e+02,
    1.37114368e+03, 5.86149780e+02, 1.38787585e+03, 5.86094360e+02,
    1.40471777e+03, 5.85884583e+02, 1.42170825e+03, 5.85787964e+02,
    1.33851208e+03, 6.02618225e+02, 1.35531177e+03, 6.02537537e+02,
    1.37208936e+03, 6.02522034e+02, 1.38895312e+03, 6.02420166e+02,
    1.40575220e+03, 6.02287659e+02, 1.42263196e+03, 6.02161438e+02,
    1.33935461e+03, 6.19188293e+02, 1.35619177e+03, 6.19076355e+02,
    1.37322644e+03, 6.18913879e+02, 1.38999536e+03, 6.18788635e+02,
    1.40675769e+03, 6.18715088e+02, 1.42371008e+03, 6.18616699e+02,
    1.34017407e+03, 6.35549500e+02, 1.35711987e+03, 6.35445801e+02,
    1.37393298e+03, 6.35392334e+02, 1.39075562e+03, 6.35379272e+02,
    1.40758264e+03, 6.35276978e+02, 1.42452991e+03, 6.35165527e+02,
    1.34112598e+03, 6.52079468e+02, 1.35802002e+03, 6.52002258e+02,
    1.37485986e+03, 6.51865356e+02, 1.39172961e+03, 6.51802856e+02,
    1.40867383e+03, 6.51730042e+02, 1.42575659e+03, 6.51666382e+02,
    1.34196021e+03, 6.68704346e+02, 1.35874597e+03, 6.68635681e+02,
    1.37567786e+03, 6.68666199e+02, 1.39252234e+03, 6.68564453e+02,
    1.40962830e+03, 6.68527649e+02, 1.42672339e+03, 6.68421875e+02,
    1.34280530e+03, 6.85398376e+02, 1.35971423e+03, 6.85361511e+02,
    1.37672156e+03, 6.85337402e+02, 1.39376929e+03, 6.85302551e+02,
    1.41073816e+03, 6.85284302e+02, 1.42770251e+03, 6.85304077e+02,
    1.34358276e+03, 7.02040771e+02, 1.36058264e+03, 7.02064453e+02,
    1.37778015e+03, 7.01998230e+02, 1.39489368e+03, 7.02053406e+02,
    1.41193970e+03, 7.02053894e+02, 1.42882410e+03, 7.02076721e+02 ]
