%YAML:1.0
---
points: [ 1.37919861e+03, 5.26774109e+02, 1.39627893e+03, 5.26632629e+02,
    1.41348169e+03, 5.26472778e+02, 1.43068481e+03, 5.26377502e+02,
    1.44793298e+03, 5.26235596e+02, 1.46517029e+03, 5.26061707e+02,
    1.37999756e+03, 5.43258728e+02, 1.39714050e+03, 5.43125183e+02,
    1.41410803e+03, 5.43066162e+02, 1.43151465e+03, 5.42804626e+02,
    1.44886243e+03, 5.42732910e+02, 1.46623767e+03, 5.42660767e+02,
    1.38057544e+03, 5.59634155e+02, 1.39772461e+03, 5.59575134e+02,
    1.41529871e+03, 5.59495178e+02, 1.43246179e+03, 5.59417969e+02,
    1.44965466e+03, 5.59326843e+02, 1.46720886e+03, 5.59260193e+02,
    1.38127271e+03, 5.76185974e+02, 1.39863965e+03, 5.76101135e+02,
    1.41593530e+03, 5.75978333e+02, 1.43316162e+03, 5.75852722e+02,
    1.45060645e+03, 5.75779785e+02, 1.46807898e+03, 5.75735107e+02,
    1.38206067e+03, 5.92638306e+02, 1.39948743e+03, 5.92616211e+02,
    1.41676770e+03, 5.92575134e+02, 1.43407153e+03, 5.92562927e+02,
    1.45144409e+03, 5.92518555e+02, 1.46905713e+03, 5.92519531e+02,
    1.38284668e+03, 6.09285156e+02, 1.40036365e+03, 6.09327881e+02,
    1.41751648e+03, 6.09273682e+02, 1.43471948e+03, 6.09261536e+02,
    1.45250342e+03, 6.09261414e+02, 1.46972681e+03, 6.09236267e+02,
    1.38373584e+03, 6.25928589e+02, 1.40105444e+03, 6.25905579e+02,
    1.41844800e+03, 6.25943481e+02, 1.43591821e+03, 6.25971069e+02,
    1.45327966e+03, 6.25950073e+02, 1.47080237e+03, 6.26009216e+02,
    1.38451501e+03, 6.42737061e+02, 1.40203113e+03, 6.42898010e+02,
    1.41936206e+03, 6.42831177e+02, 1.43698206e+03, 6.42931091e+02,
    1.45441370e+03, 6.42995911e+02, 1.47185144e+03, 6.43055115e+02 ]
