%YAML:1.0
---
points: [ 1.38805664e+03, 4.16453705e+02, 1.40528137e+03, 4.16208282e+02,
    1.42235754e+03, 4.15848572e+02, 1.43934534e+03, 4.15597382e+02,
    1.45671216e+03, 4.15217224e+02, 1.47421790e+03, 4.14972961e+02,
    1.38872205e+03, 4.32704315e+02, 1.40575269e+03, 4.32368774e+02,
    1.42290710e+03, 4.32199432e+02, 1.44010535e+03, 4.31885406e+02,
    1.45755151e+03, 4.31653107e+02, 1.47477991e+03, 4.31268982e+02,
    1.38918726e+03, 4.48870667e+02, 1.40633020e+03, 4.48747955e+02,
    1.42357300e+03, 4.48530029e+02, 1.44090173e+03, 4.48270905e+02,
    1.45816150e+03, 4.48048492e+02, 1.47556372e+03, 4.47799469e+02,
    1.38977148e+03, 4.65276428e+02, 1.40695642e+03, 4.65068970e+02,
    1.42418420e+03, 4.64788452e+02, 1.44148926e+03, 4.64663788e+02,
    1.45887988e+03, 4.64443207e+02, 1.47622510e+03, 4.64237091e+02,
    1.39033228e+03, 4.81561707e+02, 1.40743433e+03, 4.81422302e+02,
    1.42475391e+03, 4.81227020e+02, 1.44219897e+03, 4.81060455e+02,
    1.45940625e+03, 4.80783722e+02, 1.47678040e+03, 4.80741547e+02,
    1.39078149e+03, 4.97911469e+02, 1.40807605e+03, 4.97723572e+02,
    1.42558521e+03, 4.97613556e+02, 1.44275464e+03, 4.97470337e+02,
    1.46007471e+03, 4.97367981e+02, 1.47762622e+03, 4.97290253e+02,
    1.39143921e+03, 5.14306152e+02, 1.40877832e+03, 5.14134521e+02,
    1.42623132e+03, 5.13959167e+02, 1.44354077e+03, 5.13768860e+02,
    1.46078809e+03, 5.13774170e+02, 1.47836853e+03, 5.13702209e+02,
    1.39210327e+03, 5.30628601e+02, 1.40940210e+03, 5.30533875e+02,
    1.42702869e+03, 5.30439026e+02, 1.44433850e+03, 5.30396301e+02,
    1.46179285e+03, 5.30321899e+02, 1.47943420e+03, 5.30339783e+02 ]
