%YAML:1.0
---
points: [ 1.53543079e+03, 4.61327332e+02, 1.55212952e+03, 4.61247620e+02,
    1.56899768e+03, 4.61166290e+02, 1.58559119e+03, 4.61037720e+02,
    1.60231226e+03, 4.60935974e+02, 1.61901514e+03, 4.60836731e+02,
    1.53664746e+03, 4.77232178e+02, 1.55346094e+03, 4.77280731e+02,
    1.57008594e+03, 4.77149384e+02, 1.58669141e+03, 4.77003784e+02,
    1.60357983e+03, 4.76949921e+02, 1.62051636e+03, 4.76835693e+02,
    1.53757861e+03, 4.93280731e+02, 1.55426245e+03, 4.93183472e+02,
    1.57120166e+03, 4.93141022e+02, 1.58794519e+03, 4.92975983e+02,
    1.60485681e+03, 4.92918091e+02, 1.62181018e+03, 4.92896729e+02,
    1.53853320e+03, 5.09327271e+02, 1.55537732e+03, 5.09251312e+02,
    1.57223120e+03, 5.09180084e+02, 1.58927124e+03, 5.09152100e+02,
    1.60592847e+03, 5.09056580e+02, 1.62276892e+03, 5.09053650e+02,
    1.53958557e+03, 5.25445801e+02, 1.55656641e+03, 5.25425598e+02,
    1.57352380e+03, 5.25366150e+02, 1.59040356e+03, 5.25330200e+02,
    1.60731360e+03, 5.25339050e+02, 1.62399536e+03, 5.25313293e+02,
    1.54062488e+03, 5.41557922e+02, 1.55759851e+03, 5.41513855e+02,
    1.57465613e+03, 5.41534241e+02, 1.59149573e+03, 5.41525269e+02,
    1.60838123e+03, 5.41517578e+02, 1.62539502e+03, 5.41520569e+02,
    1.54183508e+03, 5.57756165e+02, 1.55877515e+03, 5.57794861e+02,
    1.57568372e+03, 5.57797485e+02, 1.59264429e+03, 5.57786987e+02,
    1.60971594e+03, 5.57776306e+02, 1.62674951e+03, 5.57838562e+02,
    1.54307812e+03, 5.74168945e+02, 1.56004504e+03, 5.74185181e+02,
    1.57706311e+03, 5.74152710e+02, 1.59433508e+03, 5.74203308e+02,
    1.61130554e+03, 5.74206177e+02, 1.62821912e+03, 5.74283630e+02 ]
