%YAML:1.0
---
points: [ 1.60827429e+03, 5.40243835e+02, 1.62629248e+03, 5.39881714e+02,
    1.64398450e+03, 5.39710144e+02, 1.66203931e+03, 5.39437073e+02,
    1.68002197e+03, 5.39153137e+02, 1.69787708e+03, 5.38880371e+02,
    1.61056421e+03, 5.56650146e+02, 1.62838660e+03, 5.56408630e+02,
    1.64642322e+03, 5.56275391e+02, 1.66438965e+03, 5.55979736e+02,
    1.68242529e+03, 5.55710327e+02, 1.70060913e+03, 5.55508545e+02,
    1.61268445e+03, 5.73457947e+02, 1.63068347e+03, 5.73211914e+02,
    1.64868237e+03, 5.72954590e+02, 1.66680261e+03, 5.72708191e+02,
    1.68513733e+03, 5.72463318e+02, 1.70318054e+03, 5.72345154e+02,
    1.61493188e+03, 5.90324646e+02, 1.63310754e+03, 5.90171326e+02,
    1.65102393e+03, 5.89855530e+02, 1.66926392e+03, 5.89693481e+02,
    1.68741797e+03, 5.89504700e+02, 1.70575928e+03, 5.89271423e+02,
    1.61716199e+03, 6.07228394e+02, 1.63527161e+03, 6.07047974e+02,
    1.65352954e+03, 6.06773315e+02, 1.67168518e+03, 6.06703369e+02,
    1.69021497e+03, 6.06562622e+02, 1.70820007e+03, 6.06373535e+02,
    1.61935876e+03, 6.24169006e+02, 1.63762476e+03, 6.23890747e+02,
    1.65576257e+03, 6.23756531e+02, 1.67426514e+03, 6.23635986e+02,
    1.69240308e+03, 6.23552185e+02, 1.71093030e+03, 6.23438843e+02,
    1.62160950e+03, 6.41168396e+02, 1.63989832e+03, 6.41025208e+02,
    1.65845996e+03, 6.40907715e+02, 1.67666016e+03, 6.40789551e+02,
    1.69520532e+03, 6.40675232e+02, 1.71352197e+03, 6.40626770e+02,
    1.62387683e+03, 6.58439636e+02, 1.64258472e+03, 6.58367981e+02,
    1.66089844e+03, 6.58303040e+02, 1.67957703e+03, 6.58224121e+02,
    1.69795410e+03, 6.58155212e+02, 1.71652356e+03, 6.58086975e+02 ]
