%YAML:1.0
---
points: [ 1.58089185e+03, 5.97037170e+02, 1.59851184e+03, 5.96735168e+02,
    1.61630054e+03, 5.96521423e+02, 1.63358887e+03, 5.96277039e+02,
    1.65128564e+03, 5.95895996e+02, 1.66889722e+03, 5.95689392e+02,
    1.58329834e+03, 6.13547241e+02, 1.60088611e+03, 6.13367126e+02,
    1.61838965e+03, 6.13120911e+02, 1.63623767e+03, 6.12760986e+02,
    1.65372827e+03, 6.12623657e+02, 1.67152234e+03, 6.12324463e+02,
    1.58552722e+03, 6.30349915e+02, 1.60315967e+03, 6.30088501e+02,
    1.62096338e+03, 6.29730652e+02, 1.63855249e+03, 6.29558777e+02,
    1.65649365e+03, 6.29410461e+02, 1.67433472e+03, 6.29123535e+02,
    1.58766223e+03, 6.47198730e+02, 1.60554333e+03, 6.46871216e+02,
    1.62320825e+03, 6.46670471e+02, 1.64117212e+03, 6.46451355e+02,
    1.65884814e+03, 6.46329895e+02, 1.67671118e+03, 6.46091492e+02,
    1.59012988e+03, 6.64290161e+02, 1.60786633e+03, 6.64119690e+02,
    1.62580811e+03, 6.63817078e+02, 1.64359912e+03, 6.63588745e+02,
    1.66151758e+03, 6.63341492e+02, 1.67942664e+03, 6.63175842e+02,
    1.59239380e+03, 6.81342651e+02, 1.61039661e+03, 6.81122437e+02,
    1.62825122e+03, 6.80838562e+02, 1.64613953e+03, 6.80643616e+02,
    1.66418884e+03, 6.80529297e+02, 1.68205127e+03, 6.80372559e+02,
    1.59489355e+03, 6.98360352e+02, 1.61268127e+03, 6.98264526e+02,
    1.63079114e+03, 6.98052856e+02, 1.64864636e+03, 6.97789795e+02,
    1.66669153e+03, 6.97625977e+02, 1.68488782e+03, 6.97547974e+02,
    1.59712830e+03, 7.15704102e+02, 1.61541028e+03, 7.15571655e+02,
    1.63348889e+03, 7.15388062e+02, 1.65159338e+03, 7.15249207e+02,
    1.66968933e+03, 7.15179260e+02, 1.68767188e+03, 7.14994019e+02 ]
