%YAML:1.0
---
points: [ 1.58090308e+03, 5.96791687e+02, 1.59847583e+03, 5.96534485e+02,
    1.61627673e+03, 5.96319885e+02, 1.63351770e+03, 5.96001343e+02,
    1.65132495e+03, 5.95683411e+02, 1.66888562e+03, 5.95411133e+02,
    1.58328186e+03, 6.13411499e+02, 1.60079565e+03, 6.13140320e+02,
    1.61837744e+03, 6.12819824e+02, 1.63623621e+03, 6.12603027e+02,
    1.65372937e+03, 6.12389038e+02, 1.67147839e+03, 6.12065125e+02,
    1.58549060e+03, 6.30070740e+02, 1.60306592e+03, 6.29751465e+02,
    1.62089795e+03, 6.29542725e+02, 1.63852197e+03, 6.29389648e+02,
    1.65644238e+03, 6.29138123e+02, 1.67431885e+03, 6.28821411e+02,
    1.58768262e+03, 6.46839417e+02, 1.60549976e+03, 6.46594971e+02,
    1.62323230e+03, 6.46461365e+02, 1.64110046e+03, 6.46302246e+02,
    1.65886414e+03, 6.46164673e+02, 1.67668909e+03, 6.45740784e+02,
    1.59012683e+03, 6.64061768e+02, 1.60781177e+03, 6.63770508e+02,
    1.62571033e+03, 6.63530762e+02, 1.64360181e+03, 6.63334839e+02,
    1.66147131e+03, 6.63112061e+02, 1.67939099e+03, 6.62821533e+02,
    1.59234985e+03, 6.81045105e+02, 1.61035583e+03, 6.80777405e+02,
    1.62822058e+03, 6.80667297e+02, 1.64603125e+03, 6.80488098e+02,
    1.66409448e+03, 6.80311890e+02, 1.68200684e+03, 6.80117859e+02,
    1.59481421e+03, 6.98154968e+02, 1.61267126e+03, 6.97854553e+02,
    1.63074707e+03, 6.97737549e+02, 1.64866016e+03, 6.97624573e+02,
    1.66667578e+03, 6.97495605e+02, 1.68484973e+03, 6.97356689e+02,
    1.59702783e+03, 7.15464417e+02, 1.61537952e+03, 7.15362671e+02,
    1.63341479e+03, 7.15216248e+02, 1.65152771e+03, 7.15051270e+02,
    1.66965674e+03, 7.14861389e+02, 1.68763562e+03, 7.14726379e+02 ]
