%YAML:1.0
---
points: [ 1.56181958e+03, 7.23584900e+02, 1.55908740e+03, 7.06282532e+02,
    1.55585864e+03, 6.88789917e+02, 1.55311963e+03, 6.71808838e+02,
    1.54979565e+03, 6.55080566e+02, 1.54724817e+03, 6.38471497e+02,
    1.57971094e+03, 7.23613464e+02, 1.57658215e+03, 7.06348389e+02,
    1.57368738e+03, 6.88877808e+02, 1.57055078e+03, 6.71814880e+02,
    1.56766248e+03, 6.54971985e+02, 1.56462427e+03, 6.38303040e+02,
    1.59750598e+03, 7.23605286e+02, 1.59466980e+03, 7.06324646e+02,
    1.59145044e+03, 6.88741821e+02, 1.58838794e+03, 6.71699646e+02,
    1.58529358e+03, 6.54805359e+02, 1.58220813e+03, 6.38230530e+02,
    1.61575269e+03, 7.23538757e+02, 1.61250903e+03, 7.06235413e+02,
    1.60930762e+03, 6.88649963e+02, 1.60617102e+03, 6.71579285e+02,
    1.60292102e+03, 6.54725098e+02, 1.59987073e+03, 6.37982361e+02,
    1.63368701e+03, 7.23584534e+02, 1.63060144e+03, 7.06123596e+02,
    1.62729114e+03, 6.88601685e+02, 1.62383032e+03, 6.71473145e+02,
    1.62075610e+03, 6.54615967e+02, 1.61748315e+03, 6.37790588e+02,
    1.65215637e+03, 7.23428406e+02, 1.64869666e+03, 7.06002075e+02,
    1.64522046e+03, 6.88533813e+02, 1.64202234e+03, 6.71405273e+02,
    1.63855566e+03, 6.54512451e+02, 1.63537256e+03, 6.37686707e+02,
    1.67015369e+03, 7.23408386e+02, 1.66663086e+03, 7.05857056e+02,
    1.66338904e+03, 6.88399719e+02, 1.65972839e+03, 6.71342346e+02,
    1.65646118e+03, 6.54370300e+02, 1.65330103e+03, 6.37500916e+02,
    1.68842407e+03, 7.23369324e+02, 1.68484155e+03, 7.05742065e+02,
    1.68125818e+03, 6.88377075e+02, 1.67777783e+03, 6.71232483e+02,
    1.67441553e+03, 6.54195679e+02, 1.67081335e+03, 6.37312134e+02 ]
