%YAML:1.0
---
points: [ 1.70730554e+03, 5.79742493e+02, 1.71084314e+03, 5.96557373e+02,
    1.71408997e+03, 6.13408325e+02, 1.71747852e+03, 6.30385925e+02,
    1.72116699e+03, 6.47737732e+02, 1.72466589e+03, 6.65250793e+02,
    1.68925891e+03, 5.79837219e+02, 1.69230322e+03, 5.96644409e+02,
    1.69574170e+03, 6.13506958e+02, 1.69916699e+03, 6.30473572e+02,
    1.70245093e+03, 6.47767151e+02, 1.70605591e+03, 6.65285339e+02,
    1.67067139e+03, 5.80073853e+02, 1.67413501e+03, 5.96786621e+02,
    1.67730859e+03, 6.13552002e+02, 1.68054211e+03, 6.30567017e+02,
    1.68415906e+03, 6.47733643e+02, 1.68743762e+03, 6.65289185e+02,
    1.65269373e+03, 5.80278259e+02, 1.65562671e+03, 5.96871094e+02,
    1.65895801e+03, 6.13647095e+02, 1.66229895e+03, 6.30577881e+02,
    1.66541602e+03, 6.47823547e+02, 1.66873608e+03, 6.65315735e+02,
    1.63439636e+03, 5.80403625e+02, 1.63758484e+03, 5.97065613e+02,
    1.64065637e+03, 6.13734619e+02, 1.64376172e+03, 6.30639709e+02,
    1.64707043e+03, 6.47879944e+02, 1.65016296e+03, 6.65321228e+02,
    1.61657166e+03, 5.80558228e+02, 1.61949268e+03, 5.97257629e+02,
    1.62240820e+03, 6.13798035e+02, 1.62554443e+03, 6.30716492e+02,
    1.62852515e+03, 6.47966309e+02, 1.63172705e+03, 6.65345581e+02,
    1.59846790e+03, 5.80621643e+02, 1.60142981e+03, 5.97354553e+02,
    1.60449048e+03, 6.13881592e+02, 1.60733911e+03, 6.30714233e+02,
    1.61044250e+03, 6.47952637e+02, 1.61335864e+03, 6.65347107e+02,
    1.58049219e+03, 5.80778809e+02, 1.58349353e+03, 5.97391479e+02,
    1.58636841e+03, 6.13897278e+02, 1.58950293e+03, 6.30637512e+02,
    1.59227979e+03, 6.47837891e+02, 1.59531750e+03, 6.65217346e+02 ]
