%YAML:1.0
---
points: [ 1.53339746e+03, 5.61598633e+02, 1.53128589e+03, 5.45420837e+02,
    1.52861963e+03, 5.29330200e+02, 1.52646301e+03, 5.13548767e+02,
    1.52382971e+03, 4.97710388e+02, 1.52174707e+03, 4.82336548e+02,
    1.55057483e+03, 5.61765137e+02, 1.54830176e+03, 5.45598511e+02,
    1.54585486e+03, 5.29522400e+02, 1.54340125e+03, 5.13592529e+02,
    1.54099609e+03, 4.97928528e+02, 1.53853955e+03, 4.82165405e+02,
    1.56812708e+03, 5.62009399e+02, 1.56544421e+03, 5.45675537e+02,
    1.56305884e+03, 5.29572754e+02, 1.56047937e+03, 5.13649170e+02,
    1.55797681e+03, 4.97899597e+02, 1.55557385e+03, 4.82198303e+02,
    1.58549988e+03, 5.62032349e+02, 1.58288440e+03, 5.45674866e+02,
    1.58029285e+03, 5.29551697e+02, 1.57772803e+03, 5.13620605e+02,
    1.57516345e+03, 4.97866394e+02, 1.57264453e+03, 4.82161133e+02,
    1.60291016e+03, 5.62165344e+02, 1.60035974e+03, 5.45732605e+02,
    1.59753650e+03, 5.29578308e+02, 1.59515332e+03, 5.13661072e+02,
    1.59232666e+03, 4.97766663e+02, 1.58979492e+03, 4.82155273e+02,
    1.62060425e+03, 5.62112488e+02, 1.61774304e+03, 5.45737000e+02,
    1.61510938e+03, 5.29646179e+02, 1.61229749e+03, 5.13627075e+02,
    1.60958484e+03, 4.97810577e+02, 1.60688135e+03, 4.82035187e+02,
    1.63811682e+03, 5.62224426e+02, 1.63524329e+03, 5.45825195e+02,
    1.63244971e+03, 5.29599548e+02, 1.62954626e+03, 5.13682190e+02,
    1.62684619e+03, 4.97737518e+02, 1.62417102e+03, 4.81954346e+02,
    1.65556580e+03, 5.62258789e+02, 1.65273120e+03, 5.45871216e+02,
    1.64965967e+03, 5.29598694e+02, 1.64697168e+03, 5.13640930e+02,
    1.64414490e+03, 4.97750366e+02, 1.64143347e+03, 4.81857727e+02 ]
