%YAML:1.0
---
points: [ 1.30670264e+03, 5.61693909e+02, 1.30560706e+03, 5.45702332e+02,
    1.30401843e+03, 5.29692017e+02, 1.30281299e+03, 5.14247375e+02,
    1.30146167e+03, 4.98593475e+02, 1.30024805e+03, 4.83281097e+02,
    1.32352100e+03, 5.62149597e+02, 1.32206067e+03, 5.46078735e+02,
    1.32081689e+03, 5.30181274e+02, 1.31928552e+03, 5.14466675e+02,
    1.31783435e+03, 4.98892914e+02, 1.31662244e+03, 4.83434418e+02,
    1.34030640e+03, 5.62342896e+02, 1.33878198e+03, 5.46241028e+02,
    1.33735193e+03, 5.30340881e+02, 1.33617383e+03, 5.14602783e+02,
    1.33436890e+03, 4.99004150e+02, 1.33312488e+03, 4.83503998e+02,
    1.35740845e+03, 5.62404114e+02, 1.35555176e+03, 5.46397339e+02,
    1.35435852e+03, 5.30459656e+02, 1.35265564e+03, 5.14753906e+02,
    1.35117090e+03, 4.99221588e+02, 1.34954639e+03, 4.83590942e+02,
    1.37438721e+03, 5.62652161e+02, 1.37266431e+03, 5.46519775e+02,
    1.37089673e+03, 5.30558655e+02, 1.36948999e+03, 5.14929443e+02,
    1.36785413e+03, 4.99267151e+02, 1.36622424e+03, 4.83758118e+02,
    1.39139026e+03, 5.62777832e+02, 1.38968787e+03, 5.46678772e+02,
    1.38799097e+03, 5.30859497e+02, 1.38616467e+03, 5.15124695e+02,
    1.38459851e+03, 4.99459229e+02, 1.38285767e+03, 4.83856201e+02,
    1.40834033e+03, 5.63046936e+02, 1.40654358e+03, 5.46937683e+02,
    1.40478003e+03, 5.30876038e+02, 1.40304932e+03, 5.15243835e+02,
    1.40136768e+03, 4.99481354e+02, 1.39985034e+03, 4.84005859e+02,
    1.42547351e+03, 5.63242310e+02, 1.42346741e+03, 5.47225891e+02,
    1.42174146e+03, 5.31173279e+02, 1.41982019e+03, 5.15419983e+02,
    1418., 4.99665161e+02, 1.41631970e+03, 4.84114441e+02 ]
