%YAML:1.0
---
points: [ 1.28408289e+03, 5.64046570e+02, 1.28268567e+03, 5.47903809e+02,
    1.28136182e+03, 5.32018372e+02, 1.28032678e+03, 5.16364685e+02,
    1.27885522e+03, 5.00704102e+02, 1.27766418e+03, 4.85390594e+02,
    1.30040796e+03, 5.64363037e+02, 1.29891577e+03, 5.48374207e+02,
    1.29759583e+03, 5.32408569e+02, 1.29629700e+03, 5.16724182e+02,
    1.29512415e+03, 5.01129578e+02, 1.29361438e+03, 4.85522522e+02,
    1.31665625e+03, 5.64682068e+02, 1.31541650e+03, 5.48667297e+02,
    1.31373059e+03, 5.32681641e+02, 1.31255542e+03, 5.16962280e+02,
    1.31116406e+03, 5.01342804e+02, 1.30981104e+03, 4.85841766e+02,
    1.33322021e+03, 5.64792236e+02, 1.33179724e+03, 5.48801453e+02,
    1.33031091e+03, 5.32877258e+02, 1.32868262e+03, 5.17266052e+02,
    1.32744983e+03, 5.01693298e+02, 1.32591211e+03, 4.85969818e+02,
    1.34969128e+03, 5.65163940e+02, 1.34827795e+03, 5.49111938e+02,
    1.34666479e+03, 5.33205078e+02, 1.34507178e+03, 5.17488953e+02,
    1.34355298e+03, 5.01784485e+02, 1.34222815e+03, 4.86305695e+02,
    1.36622900e+03, 5.65377808e+02, 1.36459375e+03, 5.49340637e+02,
    1.36311743e+03, 5.33438904e+02, 1.36144946e+03, 5.17653198e+02,
    1.35977563e+03, 5.02082245e+02, 1.35842688e+03, 4.86492218e+02,
    1.38266199e+03, 5.65586853e+02, 1.38098523e+03, 5.49618408e+02,
    1.37945520e+03, 5.33621582e+02, 1.37777808e+03, 5.17839844e+02,
    1.37614978e+03, 5.02298004e+02, 1.37461841e+03, 4.86687469e+02,
    1.39927246e+03, 5.65798889e+02, 1.39737671e+03, 5.49760681e+02,
    1.39575964e+03, 5.33790771e+02, 1.39410950e+03, 5.18218689e+02,
    1.39232483e+03, 5.02443115e+02, 1.39068774e+03, 4.86820190e+02 ]
