%YAML:1.0
---
points: [ 1.29154016e+03, 6.38047485e+02, 1.29041589e+03, 6.21470337e+02,
    1.28878979e+03, 6.05049255e+02, 1.28731262e+03, 5.88944092e+02,
    1.28579602e+03, 5.72869568e+02, 1.28454211e+03, 5.57150146e+02,
    1.30818030e+03, 6.38232483e+02, 1.30669238e+03, 6.21705933e+02,
    1.30535303e+03, 6.05311218e+02, 1.30355334e+03, 5.89231995e+02,
    1.30219385e+03, 5.73186096e+02, 1.30073303e+03, 5.57218811e+02,
    1.32472986e+03, 6.38450806e+02, 1.32319922e+03, 6.21908508e+02,
    1.32168774e+03, 6.05486145e+02, 1.32013928e+03, 5.89309814e+02,
    1.31837878e+03, 5.73319275e+02, 1.31696704e+03, 5.57333618e+02,
    1.34151721e+03, 6.38535400e+02, 1.33967346e+03, 6.22066711e+02,
    1.33820544e+03, 6.05687500e+02, 1.33655652e+03, 5.89426392e+02,
    1.33471216e+03, 5.73391602e+02, 1.33323621e+03, 5.57458862e+02,
    1.35827173e+03, 6.38625732e+02, 1.35639111e+03, 6.22192566e+02,
    1.35465320e+03, 6.05792297e+02, 1.35310608e+03, 5.89666443e+02,
    1.35128467e+03, 5.73573914e+02, 1.34954919e+03, 5.57553040e+02,
    1.37482532e+03, 6.38730286e+02, 1.37326270e+03, 6.22348572e+02,
    1.37117444e+03, 6.05938416e+02, 1.36952917e+03, 5.89730286e+02,
    1.36769641e+03, 5.73733276e+02, 1.36585095e+03, 5.57675293e+02,
    1.39147778e+03, 6.38856079e+02, 1.38967175e+03, 6.22474609e+02,
    1.38769739e+03, 6.06122864e+02, 1.38594531e+03, 5.89894653e+02,
    1.38422290e+03, 5.73756592e+02, 1.38237830e+03, 5.57808105e+02,
    1.40813245e+03, 6.39042969e+02, 1.40626086e+03, 6.22592590e+02,
    1.40437061e+03, 6.06211243e+02, 1.40239197e+03, 5.90094849e+02,
    1.40070325e+03, 5.74046204e+02, 1.39872107e+03, 5.57854126e+02 ]
