%YAML:1.0
---
points: [ 1.24041968e+03, 7.16306091e+02, 1.23918787e+03, 6.99402527e+02,
    1.23778796e+03, 6.82878296e+02, 1.23655151e+03, 6.66573242e+02,
    1.23513379e+03, 6.50346802e+02, 1.23385400e+03, 6.34361267e+02,
    1.25654236e+03, 7.16480347e+02, 1.25504089e+03, 6.99664062e+02,
    1.25386121e+03, 6.83221375e+02, 1.25253320e+03, 6.66762207e+02,
    1.25107861e+03, 6.50550842e+02, 1.24962769e+03, 6.34465698e+02,
    1.27276099e+03, 7.16616760e+02, 1.27120105e+03, 6.99819885e+02,
    1.26970874e+03, 6.83314514e+02, 1.26845239e+03, 6.66928223e+02,
    1.26680750e+03, 6.50687439e+02, 1.26552710e+03, 6.34616333e+02,
    1.28889368e+03, 7.16724426e+02, 1.28736560e+03, 7.00027771e+02,
    1.28577966e+03, 6.83377258e+02, 1.28446436e+03, 6.67146057e+02,
    1.28278369e+03, 6.50857422e+02, 1.28139111e+03, 6.34737854e+02,
    1.30524634e+03, 7.16798889e+02, 1.30345776e+03, 7.00194885e+02,
    1.30177869e+03, 6.83558228e+02, 1.30040540e+03, 6.67304443e+02,
    1.29875061e+03, 6.51150879e+02, 1.29720642e+03, 6.34921753e+02,
    1.32141809e+03, 7.16976257e+02, 1.31962720e+03, 7.00310669e+02,
    1.31785461e+03, 6.83675659e+02, 1.31643701e+03, 6.67436951e+02,
    1.31469824e+03, 6.51294312e+02, 1.31311755e+03, 6.35212524e+02,
    1.33747949e+03, 7.17159119e+02, 1.33565173e+03, 7.00406006e+02,
    1.33388416e+03, 6.83798218e+02, 1.33236340e+03, 6.67600708e+02,
    1.33065210e+03, 6.51395203e+02, 1.32901404e+03, 6.35314148e+02,
    1.35362048e+03, 7.17254395e+02, 1.35185315e+03, 7.00541138e+02,
    1.34984460e+03, 6.83995911e+02, 1.34835962e+03, 6.67704041e+02,
    1.34655054e+03, 6.51492859e+02, 1.34472327e+03, 6.35453979e+02 ]
