%YAML:1.0
---
points: [ 1.17217688e+03, 6.23932312e+02, 1.17345532e+03, 6.40284180e+02,
    1.17450793e+03, 6.56608765e+02, 1.17561255e+03, 6.73244995e+02,
    1.17677893e+03, 6.89995300e+02, 1.17807178e+03, 7.06811157e+02,
    1.15596790e+03, 6.24018127e+02, 1.15717957e+03, 6.40353027e+02,
    1.15826782e+03, 6.56671875e+02, 1.15922778e+03, 6.73245422e+02,
    1.16036108e+03, 6.90144836e+02, 1.16143518e+03, 7.06907227e+02,
    1.13975537e+03, 6.24144470e+02, 1.14064929e+03, 6.40447388e+02,
    1.14179883e+03, 6.56774841e+02, 1.14274170e+03, 6.73319824e+02,
    1.14374597e+03, 6.90221313e+02, 1.14479395e+03, 7.06963318e+02,
    1.12345764e+03, 6.24224487e+02, 1.12436829e+03, 6.40456238e+02,
    1.12541028e+03, 6.56766724e+02, 1.12641589e+03, 6.73425232e+02,
    1.12732227e+03, 6.90308411e+02, 1.12829602e+03, 7.07184448e+02,
    1.10724829e+03, 6.24273682e+02, 1.10806799e+03, 6.40478638e+02,
    1.10889307e+03, 6.56917786e+02, 1.10986572e+03, 6.73482117e+02,
    1.11076111e+03, 6.90349609e+02, 1.11163977e+03, 7.07264160e+02,
    1.09097156e+03, 6.24294312e+02, 1.09167310e+03, 6.40582947e+02,
    1.09254700e+03, 6.56970581e+02, 1.09334546e+03, 6.73618164e+02,
    1.09423450e+03, 6.90453796e+02, 1.09492834e+03, 7.07344238e+02,
    1.07464624e+03, 6.24356995e+02, 1.07540466e+03, 6.40611877e+02,
    1.07611755e+03, 6.57153076e+02, 1.07679065e+03, 6.73715637e+02,
    1.07761841e+03, 6.90549011e+02, 1.07840784e+03, 7.07441956e+02,
    1.05840405e+03, 6.24369446e+02, 1.05904065e+03, 6.40668640e+02,
    1.05972839e+03, 6.57097961e+02, 1.06039404e+03, 6.73694336e+02,
    1.06107971e+03, 6.90547546e+02, 1.06162195e+03, 7.07515869e+02 ]
