%YAML:1.0
---
points: [ 1.06667676e+03, 6.44564514e+02, 1.06621643e+03, 6.27999756e+02,
    1.06546704e+03, 6.11659607e+02, 1.06489795e+03, 5.95625793e+02,
    1.06440515e+03, 5.79512268e+02, 1.06370715e+03, 5.63700012e+02,
    1.08334802e+03, 6.44612000e+02, 1.08254004e+03, 6.28156494e+02,
    1.08182996e+03, 6.11793701e+02, 1.08121130e+03, 5.95684021e+02,
    1.08057520e+03, 5.79653687e+02, 1.07980334e+03, 5.63731934e+02,
    1.09982068e+03, 6.44661621e+02, 1.09903650e+03, 6.28140747e+02,
    1.09813269e+03, 6.11783386e+02, 1.09742822e+03, 5.95696350e+02,
    1.09661267e+03, 5.79646606e+02, 1.09593298e+03, 5.63850342e+02,
    1.11634998e+03, 6.44580261e+02, 1.11545447e+03, 6.28104736e+02,
    1.11456653e+03, 6.11741394e+02, 1.11363745e+03, 5.95704590e+02,
    1.11283569e+03, 5.79670776e+02, 1.11208289e+03, 5.63769592e+02,
    1.13269873e+03, 6.44623962e+02, 1.13184717e+03, 6.28119141e+02,
    1.13087695e+03, 6.11794922e+02, 1.12993347e+03, 5.95722473e+02,
    1.12902563e+03, 5.79667175e+02, 1.12819629e+03, 5.63774902e+02,
    1.14922070e+03, 6.44545654e+02, 1.14831506e+03, 6.28130676e+02,
    1.14732410e+03, 6.11763428e+02, 1.14617224e+03, 5.95735718e+02,
    1.14523193e+03, 5.79648438e+02, 1.14425659e+03, 5.63806091e+02,
    1.16557800e+03, 6.44550171e+02, 1.16460840e+03, 6.28114502e+02,
    1.16365881e+03, 6.11771240e+02, 1.16250244e+03, 5.95728271e+02,
    1.16150012e+03, 5.79643188e+02, 1.16047668e+03, 5.63806519e+02,
    1.18203687e+03, 6.44560303e+02, 1.18085291e+03, 6.28080688e+02,
    1.17982202e+03, 6.11799988e+02, 1.17875110e+03, 5.95786865e+02,
    1.17755872e+03, 5.79660095e+02, 1.17646851e+03, 5.63833313e+02 ]
