%YAML:1.0
---
points: [ 1.07189563e+03, 5.40756531e+02, 1.07152283e+03, 5.24771729e+02,
    1.07100085e+03, 5.08858063e+02, 1.07048279e+03, 4.93320068e+02,
    1.07000110e+03, 4.77778412e+02, 1.06953149e+03, 4.62326294e+02,
    1.08841394e+03, 5.41131042e+02, 1.08780762e+03, 5.25176697e+02,
    1.08719495e+03, 5.09252472e+02, 1.08659656e+03, 4.93542603e+02,
    1.08620032e+03, 4.78193146e+02, 1.08551648e+03, 4.62528778e+02,
    1.10474963e+03, 5.41270081e+02, 1.10399475e+03, 5.25315552e+02,
    1.10331189e+03, 5.09385468e+02, 1.10278564e+03, 4.93797668e+02,
    1.10212195e+03, 4.78319489e+02, 1.10153784e+03, 4.62793121e+02,
    1.12105127e+03, 5.41350342e+02, 1.12024426e+03, 5.25392578e+02,
    1.11953564e+03, 5.09502167e+02, 1.11879761e+03, 4.93939178e+02,
    1.11814209e+03, 4.78378357e+02, 1.11745569e+03, 4.62998352e+02,
    1.13734900e+03, 5.41481812e+02, 1.13659558e+03, 5.25567993e+02,
    1.13578101e+03, 5.09771606e+02, 1.13499927e+03, 4.94098175e+02,
    1.13417285e+03, 4.78573517e+02, 1.13347339e+03, 4.63104156e+02,
    1.15363489e+03, 5.41599304e+02, 1.15283020e+03, 5.25668640e+02,
    1.15211096e+03, 5.09922607e+02, 1.15094897e+03, 4.94277710e+02,
    1.15027649e+03, 4.78756866e+02, 1.14945044e+03, 4.63390717e+02,
    1.16991309e+03, 5.41729675e+02, 1.16903772e+03, 5.25803528e+02,
    1.16809741e+03, 5.10112274e+02, 1.16733215e+03, 4.94476318e+02,
    1.16625964e+03, 4.78898163e+02, 1.16556970e+03, 4.63523285e+02,
    1.18616516e+03, 5.41903748e+02, 1.18522815e+03, 5.25984924e+02,
    1.18434314e+03, 5.10270813e+02, 1.18330322e+03, 4.94568268e+02,
    1.18245410e+03, 4.79008667e+02, 1.18142651e+03, 4.63698029e+02 ]
