%YAML:1.0
---
points: [ 8.46711731e+02, 5.54046997e+02, 8.47245850e+02, 5.37867859e+02,
    8.47732544e+02, 5.21827026e+02, 8.48190308e+02, 5.06090088e+02,
    8.48659485e+02, 4.90407501e+02, 8.49094849e+02, 4.75039062e+02,
    8.63590210e+02, 5.54479797e+02, 8.63826416e+02, 5.38339539e+02,
    8.64405334e+02, 5.22443298e+02, 8.64717712e+02, 5.06634369e+02,
    8.65137207e+02, 4.90919373e+02, 8.65401306e+02, 4.75341461e+02,
    8.80256531e+02, 5.54729797e+02, 8.80501282e+02, 5.38776123e+02,
    8.80772827e+02, 5.22708801e+02, 8.81210205e+02, 5.06959869e+02,
    8.81419189e+02, 4.91318817e+02, 8.81710876e+02, 4.75709625e+02,
    8.96843262e+02, 5.55151367e+02, 8.97168762e+02, 5.39068359e+02,
    8.97370178e+02, 5.23136780e+02, 8.97530823e+02, 5.07362946e+02,
    8.97793457e+02, 4.91698700e+02, 8.98163391e+02, 4.76059326e+02,
    9.13479004e+02, 5.55478210e+02, 9.13649536e+02, 5.39424683e+02,
    9.13813293e+02, 5.23510071e+02, 9.14040649e+02, 5.07663483e+02,
    9.14194641e+02, 4.91976471e+02, 9.14364624e+02, 4.76479309e+02,
    9.30164001e+02, 5.55647095e+02, 9.30227966e+02, 5.39620789e+02,
    9.30396790e+02, 5.23757751e+02, 9.30493286e+02, 5.07951996e+02,
    9.30595825e+02, 4.92336670e+02, 9.30702454e+02, 4.76747559e+02,
    9.46868774e+02, 5.56076721e+02, 9.46861145e+02, 5.39994141e+02,
    9.46845825e+02, 5.24203552e+02, 9.46956055e+02, 5.08388672e+02,
    9.47025208e+02, 4.92622131e+02, 9.47130371e+02, 4.77172119e+02,
    9.63387634e+02, 5.56362854e+02, 9.63333496e+02, 5.40406982e+02,
    9.63346558e+02, 5.24456909e+02, 9.63275452e+02, 5.08614014e+02,
    9.63289856e+02, 4.93041412e+02, 9.63221619e+02, 4.77442688e+02 ]
