%YAML:1.0
---
points: [ 8.82962585e+02, 6.41474060e+02, 8.83314636e+02, 6.24774597e+02,
    8.83426758e+02, 6.08377869e+02, 8.83603455e+02, 5.92207153e+02,
    8.83782959e+02, 5.75868408e+02, 8.84037415e+02, 5.59993713e+02,
    9.00123535e+02, 6.41560425e+02, 9.00224548e+02, 6.24827393e+02,
    9.00312805e+02, 6.08470764e+02, 9.00406311e+02, 5.92272766e+02,
    9.00497314e+02, 5.76085938e+02, 9.00526123e+02, 5.59928284e+02,
    9.16748718e+02, 6.41558167e+02, 9.16761353e+02, 6.24825684e+02,
    9.16780029e+02, 6.08449890e+02, 9.16837646e+02, 5.92310486e+02,
    9.16821350e+02, 5.76071045e+02, 9.16845703e+02, 5.60019775e+02,
    9.33542542e+02, 6.41479065e+02, 9.33471802e+02, 6.24763306e+02,
    9.33448059e+02, 6.08451660e+02, 9.33390625e+02, 5.92273254e+02,
    9.33382446e+02, 5.76020813e+02, 9.33306580e+02, 5.60079712e+02,
    9.50327454e+02, 6.41393311e+02, 9.50249390e+02, 6.24803589e+02,
    9.50083923e+02, 6.08428223e+02, 9.49857422e+02, 5.92254883e+02,
    9.49768921e+02, 5.76101074e+02, 9.49584717e+02, 5.60052429e+02,
    9.67150513e+02, 6.41396545e+02, 9.66865417e+02, 6.24746521e+02,
    9.66728271e+02, 6.08414368e+02, 9.66462158e+02, 5.92299805e+02,
    9.66319763e+02, 5.76027832e+02, 9.66181396e+02, 5.59995422e+02,
    9.83939392e+02, 6.41380493e+02, 9.83701172e+02, 6.24721680e+02,
    9.83351074e+02, 6.08418640e+02, 9.83080750e+02, 5.92270813e+02,
    9.82780640e+02, 5.76024841e+02, 9.82488281e+02, 5.59981018e+02,
    1.00068488e+03, 6.41353577e+02, 1.00034485e+03, 6.24700806e+02,
    9.99953003e+02, 6.08409729e+02, 9.99632446e+02, 5.92207031e+02,
    9.99280762e+02, 5.76003662e+02, 9.98968384e+02, 5.60036499e+02 ]
