%YAML:1.0
---
points: [ 1.02440466e+03, 6.29756592e+02, 1.02481030e+03, 6.46289307e+02,
    1.02530042e+03, 6.62760559e+02, 1.02586548e+03, 6.79500610e+02,
    1.02631519e+03, 6.96320190e+02, 1.02673364e+03, 7.13312012e+02,
    1.00791132e+03, 6.29911011e+02, 1.00829797e+03, 6.46402100e+02,
    1.00868909e+03, 6.62906982e+02, 1.00912463e+03, 6.79657043e+02,
    1.00953741e+03, 6.96493835e+02, 1.00983002e+03, 7.13438904e+02,
    9.91447021e+02, 6.30101318e+02, 9.91683167e+02, 6.46460815e+02,
    9.92111450e+02, 6.63072998e+02, 9.92317871e+02, 6.79757324e+02,
    9.92601685e+02, 6.96548340e+02, 9.92966980e+02, 7.13496277e+02,
    9.74849854e+02, 6.30244263e+02, 9.75175293e+02, 6.46589783e+02,
    9.75405334e+02, 6.63281433e+02, 9.75566406e+02, 6.79812866e+02,
    9.75754395e+02, 6.96669922e+02, 9.76118347e+02, 7.13608826e+02,
    9.58476501e+02, 6.30315247e+02, 9.58598633e+02, 6.46646423e+02,
    9.58674133e+02, 6.63336060e+02, 9.58879089e+02, 6.79952515e+02,
    9.59068604e+02, 6.96722412e+02, 9.59291321e+02, 7.13713684e+02,
    9.41984985e+02, 6.30454041e+02, 9.42125366e+02, 6.46783997e+02,
    9.42232178e+02, 6.63424683e+02, 9.42278137e+02, 6.80105469e+02,
    9.42360168e+02, 6.96836914e+02, 9.42427673e+02, 7.13832764e+02,
    9.25414490e+02, 6.30500732e+02, 9.25494995e+02, 6.46947693e+02,
    9.25479370e+02, 6.63539246e+02, 9.25494812e+02, 6.80256470e+02,
    9.25462402e+02, 6.96920898e+02, 9.25483276e+02, 7.13951965e+02,
    9.08790955e+02, 6.30595825e+02, 9.08732239e+02, 6.46920837e+02,
    9.08665771e+02, 6.63606018e+02, 9.08559631e+02, 6.80240662e+02,
    9.08529541e+02, 6.96976868e+02, 9.08431946e+02, 7.13998108e+02 ]
