%YAML:1.0
---
points: [ 8.39065796e+02, 6.29750793e+02, 8.38741028e+02, 6.46389221e+02,
    8.38523926e+02, 6.62954102e+02, 8.38429993e+02, 6.79745300e+02,
    8.38180786e+02, 6.96544678e+02, 8.37905273e+02, 7.13568604e+02,
    8.22595276e+02, 6.30143921e+02, 8.22241516e+02, 6.46539429e+02,
    8.21937012e+02, 6.63249207e+02, 8.21653320e+02, 6.79952576e+02,
    8.21425842e+02, 6.96801880e+02, 8.21071289e+02, 7.13803467e+02,
    8.05930847e+02, 6.30395325e+02, 8.05617188e+02, 6.46895935e+02,
    8.05251282e+02, 6.63575867e+02, 8.04844971e+02, 6.80333496e+02,
    8.04365723e+02, 6.97109680e+02, 8.03952148e+02, 7.14198425e+02,
    7.89477966e+02, 6.30697388e+02, 7.89090576e+02, 6.47188843e+02,
    7.88427612e+02, 6.63875793e+02, 7.87884094e+02, 6.80640442e+02,
    7.87480347e+02, 6.97455139e+02, 7.86917847e+02, 7.14506836e+02,
    7.72870117e+02, 6.31103943e+02, 7.72353516e+02, 6.47617554e+02,
    7.71613281e+02, 6.64302124e+02, 7.71151550e+02, 6.80919678e+02,
    7.70585388e+02, 6.97704041e+02, 7.70099182e+02, 7.14863159e+02,
    7.56328491e+02, 6.31460144e+02, 7.55687805e+02, 6.47966858e+02,
    7.55090027e+02, 6.64606445e+02, 7.54368164e+02, 6.81270569e+02,
    7.53871033e+02, 6.98107910e+02, 7.53182678e+02, 7.15219543e+02,
    7.39719910e+02, 6.31777405e+02, 7.39015747e+02, 6.48336243e+02,
    7.38313660e+02, 6.64969910e+02, 7.37639099e+02, 6.81582886e+02,
    7.36916992e+02, 6.98407104e+02, 7.36131592e+02, 7.15535156e+02,
    7.23155029e+02, 6.32137451e+02, 7.22432129e+02, 6.48517639e+02,
    7.21620911e+02, 6.65231018e+02, 7.20657776e+02, 6.81730957e+02,
    7.19774902e+02, 6.98554443e+02, 7.18853516e+02, 7.15778809e+02 ]
