%YAML:1.0
---
points: [ 8.56424011e+02, 5.88059448e+02, 8.56256165e+02, 6.04280151e+02,
    8.55986755e+02, 6.20439453e+02, 8.55668701e+02, 6.36816589e+02,
    8.55398621e+02, 6.53423340e+02, 8.55218811e+02, 6.70207642e+02,
    8.40143921e+02, 5.88394836e+02, 8.39765198e+02, 6.04484619e+02,
    8.39502258e+02, 6.20790405e+02, 8.39169006e+02, 6.37104309e+02,
    8.38814270e+02, 6.53700867e+02, 8.38530396e+02, 6.70347351e+02,
    8.23720276e+02, 5.88673889e+02, 8.23404480e+02, 6.04787170e+02,
    8.22990051e+02, 6.21084900e+02, 8.22626709e+02, 6.37493103e+02,
    8.22236633e+02, 6.53889221e+02, 8.21801392e+02, 6.70554871e+02,
    8.07481812e+02, 5.89099365e+02, 8.06894287e+02, 6.05033752e+02,
    8.06479553e+02, 6.21403625e+02, 8.06002319e+02, 6.37791321e+02,
    8.05620605e+02, 6.54273743e+02, 8.05125610e+02, 6.70737610e+02,
    7.91004700e+02, 5.89302185e+02, 7.90634277e+02, 6.05513489e+02,
    7.89889465e+02, 6.21669495e+02, 7.89527710e+02, 6.38042236e+02,
    7.89003418e+02, 6.54465515e+02, 7.88295959e+02, 6.71123535e+02,
    7.74829773e+02, 5.89672058e+02, 7.74219238e+02, 6.05823303e+02,
    7.73682312e+02, 6.21986450e+02, 7.72915344e+02, 6.38269958e+02,
    7.72316956e+02, 6.54683472e+02, 7.71535095e+02, 6.71400024e+02,
    7.58554749e+02, 5.89973938e+02, 7.57881409e+02, 6.06166321e+02,
    7.57207947e+02, 6.22271790e+02, 7.56322815e+02, 6.38473328e+02,
    7.55626709e+02, 6.54918945e+02, 7.54890503e+02, 6.71566040e+02,
    7.42374634e+02, 5.90249512e+02, 7.41299438e+02, 6.06311218e+02,
    7.40573364e+02, 6.22465820e+02, 7.39587341e+02, 6.38631165e+02,
    7.38887512e+02, 6.55173035e+02, 7.38117920e+02, 6.71751160e+02 ]
