%YAML:1.0
---
points: [ 8.63430542e+02, 4.65428528e+02, 8.63145081e+02, 4.80898376e+02,
    8.62767029e+02, 4.96716248e+02, 8.62321533e+02, 5.12481201e+02,
    8.61863953e+02, 5.28365051e+02, 8.61606323e+02, 5.44499084e+02,
    8.47251099e+02, 4.65580841e+02, 8.46815735e+02, 4.81053131e+02,
    8.46321594e+02, 4.96838531e+02, 8.45913208e+02, 5.12522461e+02,
    8.45415344e+02, 5.28584351e+02, 8.45117188e+02, 5.44568848e+02,
    8.30986145e+02, 4.65650452e+02, 8.30387268e+02, 4.81394745e+02,
    8.29892090e+02, 4.96888855e+02, 8.29447632e+02, 5.12715149e+02,
    8.28987122e+02, 5.28610229e+02, 8.28450073e+02, 5.44629578e+02,
    8.14714233e+02, 4.65812714e+02, 8.14102051e+02, 4.81467896e+02,
    8.13500793e+02, 4.97215179e+02, 8.13035339e+02, 5.12750183e+02,
    8.12440613e+02, 5.28679565e+02, 8.11850952e+02, 5.44724670e+02,
    7.98394043e+02, 4.66075439e+02, 7.97868591e+02, 4.81623322e+02,
    7.97276062e+02, 4.97268402e+02, 7.96621338e+02, 5.12864014e+02,
    7.96086548e+02, 5.28838074e+02, 7.95483276e+02, 5.44841064e+02,
    7.82296082e+02, 4.66289337e+02, 7.81565674e+02, 4.81678528e+02,
    7.81069092e+02, 4.97453583e+02, 7.80368469e+02, 5.13098755e+02,
    7.79743103e+02, 5.28937500e+02, 7.79063782e+02, 5.45049072e+02,
    7.66130981e+02, 4.66384644e+02, 7.65436768e+02, 4.81808289e+02,
    7.64621643e+02, 4.97498688e+02, 7.64004761e+02, 5.13204712e+02,
    7.63173523e+02, 5.29087463e+02, 7.62350098e+02, 5.45155579e+02,
    7.50071716e+02, 4.66526703e+02, 7.49175049e+02, 4.81841675e+02,
    7.48360901e+02, 4.97497040e+02, 7.47490601e+02, 5.13140808e+02,
    7.46579834e+02, 5.29014160e+02, 7.45608948e+02, 5.45161316e+02 ]
