%YAML:1.0
---
points: [ 5.88376465e+02, 5.61488831e+02, 5.90243774e+02, 5.45663452e+02,
    5.91585510e+02, 5.29969849e+02, 5.93424316e+02, 5.14524414e+02,
    5.95166504e+02, 4.99195770e+02, 5.96720093e+02, 4.84056519e+02,
    6.05123291e+02, 5.61624268e+02, 6.06561584e+02, 5.45749329e+02,
    6.08241333e+02, 5.30188110e+02, 6.09729309e+02, 5.14633423e+02,
    6.11521729e+02, 4.99340485e+02, 6.12795410e+02, 4.83968719e+02,
    6.21469299e+02, 5.61652710e+02, 6.22986450e+02, 5.45844971e+02,
    6.24285400e+02, 5.30230652e+02, 6.26070129e+02, 5.14698364e+02,
    6.27420776e+02, 4.99304474e+02, 6.28792908e+02, 4.84057831e+02,
    6.37902466e+02, 5.61604065e+02, 6.39113342e+02, 5.45800171e+02,
    6.40498657e+02, 5.30229126e+02, 6.42109070e+02, 5.14688293e+02,
    6.43515381e+02, 4.99384064e+02, 6.44722473e+02, 4.83976715e+02,
    6.54160278e+02, 5.61632812e+02, 6.55434326e+02, 5.45791809e+02,
    6.56733459e+02, 5.30184631e+02, 6.58412109e+02, 5.14631287e+02,
    6.59510803e+02, 4.99283539e+02, 6.60765015e+02, 4.84048401e+02,
    6.70359375e+02, 5.61554199e+02, 6.71642639e+02, 5.45786804e+02,
    6.73129822e+02, 5.30219421e+02, 6.74396057e+02, 5.14645325e+02,
    6.75540894e+02, 4.99314087e+02, 6.76709229e+02, 4.83881805e+02,
    6.86721741e+02, 5.61604980e+02, 6.87999451e+02, 5.45815247e+02,
    6.89333740e+02, 5.30241821e+02, 6.90473999e+02, 5.14661133e+02,
    6.91576355e+02, 4.99257935e+02, 6.92652893e+02, 4.83920227e+02,
    7.03111938e+02, 5.61613647e+02, 7.04330933e+02, 5.45810364e+02,
    7.05581543e+02, 5.30214661e+02, 7.06582336e+02, 5.14586609e+02,
    7.07574341e+02, 4.99286591e+02, 7.08594116e+02, 4.83840881e+02 ]
