%YAML:1.0
---
points: [ 7.45442871e+02, 5.77180298e+02, 7.44590149e+02, 5.92709351e+02,
    7.43688721e+02, 6.08590637e+02, 7.42788086e+02, 6.24504944e+02,
    7.41799866e+02, 6.40499390e+02, 7.40795715e+02, 6.56697693e+02,
    7.29665283e+02, 5.77338562e+02, 7.28667969e+02, 5.92933960e+02,
    7.27752258e+02, 6.08730469e+02, 7.26771118e+02, 6.24588806e+02,
    7.25799500e+02, 6.40676453e+02, 7.24501953e+02, 6.56837463e+02,
    7.13708130e+02, 5.77503357e+02, 7.12760498e+02, 5.93261902e+02,
    7.11747559e+02, 6.08929138e+02, 7.10739807e+02, 6.24728149e+02,
    7.09546082e+02, 6.40825562e+02, 7.08429382e+02, 6.57020752e+02,
    6.98112854e+02, 5.77688843e+02, 6.97006897e+02, 5.93350159e+02,
    6.95849670e+02, 6.09254272e+02, 6.94687073e+02, 6.24888428e+02,
    6.93505371e+02, 6.41097229e+02, 6.92224609e+02, 6.57198181e+02,
    6.82263733e+02, 5.77880554e+02, 6.81196899e+02, 5.93549744e+02,
    6.79967224e+02, 6.09377380e+02, 6.78755188e+02, 6.25202637e+02,
    6.77359375e+02, 6.41268616e+02, 6.76196838e+02, 6.57389221e+02,
    6.66623474e+02, 5.78187988e+02, 6.65279663e+02, 5.93861145e+02,
    6.64079712e+02, 6.09498901e+02, 6.62618652e+02, 6.25301453e+02,
    6.61415344e+02, 6.41396423e+02, 6.60092712e+02, 6.57587952e+02,
    6.50729797e+02, 5.78355103e+02, 6.49605835e+02, 5.94113831e+02,
    6.48198853e+02, 6.09666687e+02, 6.46690063e+02, 6.25508850e+02,
    6.45224243e+02, 6.41500793e+02, 6.43795593e+02, 6.57800537e+02,
    6.35117798e+02, 5.78547546e+02, 6.33570923e+02, 5.94202332e+02,
    6.32240845e+02, 6.09716736e+02, 6.30508423e+02, 6.25514954e+02,
    6.28890930e+02, 6.41555237e+02, 6.27565796e+02, 6.57829773e+02 ]
