%YAML:1.0
---
points: [ 7.71658875e+02, 6.45537842e+02, 7.70945129e+02, 6.61516418e+02,
    7.70136658e+02, 6.77464539e+02, 7.69365356e+02, 6.93695740e+02,
    7.68424500e+02, 7.10067078e+02, 7.67521179e+02, 7.26608032e+02,
    7.56003418e+02, 6.45830444e+02, 7.55189819e+02, 6.61690125e+02,
    7.54307983e+02, 6.77735291e+02, 7.53385254e+02, 6.93868713e+02,
    7.52534241e+02, 7.10343140e+02, 7.51395203e+02, 7.26821594e+02,
    7.40388916e+02, 6.46117859e+02, 7.39378052e+02, 6.61883484e+02,
    7.38462219e+02, 6.77959656e+02, 7.37494751e+02, 6.94173157e+02,
    7.36423340e+02, 7.10457825e+02, 7.35318054e+02, 7.27026611e+02,
    7.24662598e+02, 6.46438232e+02, 7.23665405e+02, 6.62155518e+02,
    7.22648010e+02, 6.78257996e+02, 7.21585327e+02, 6.94345947e+02,
    7.20507385e+02, 7.10651733e+02, 7.19233337e+02, 7.27214355e+02,
    7.09137024e+02, 6.46586609e+02, 7.08019226e+02, 6.62506775e+02,
    7.06825256e+02, 6.78447449e+02, 7.05725708e+02, 6.94600891e+02,
    7.04489990e+02, 7.10823181e+02, 7.03314453e+02, 7.27400696e+02,
    6.93688904e+02, 6.46790161e+02, 6.92279846e+02, 6.62752197e+02,
    6.91153259e+02, 6.78669678e+02, 6.89904175e+02, 6.94821838e+02,
    6.88682068e+02, 7.11226929e+02, 6.87259521e+02, 7.27519958e+02,
    6.78095581e+02, 6.47010071e+02, 6.76759888e+02, 6.62979797e+02,
    6.75427063e+02, 6.78940552e+02, 6.74110474e+02, 6.95094421e+02,
    6.72629639e+02, 7.11334717e+02, 6.71343079e+02, 7.27687317e+02,
    6.62531433e+02, 6.47379272e+02, 6.60907349e+02, 6.63159729e+02,
    6.59695312e+02, 6.79158752e+02, 6.58181091e+02, 6.95119141e+02,
    6.56595825e+02, 7.11467590e+02, 6.55234009e+02, 7.27812500e+02 ]
