%YAML:1.0
---
points: [ 6.54086853e+02, 4.13821411e+02, 6.68390869e+02, 4.04940186e+02,
    6.82966370e+02, 3.96061127e+02, 6.97377441e+02, 3.87125824e+02,
    7.11837219e+02, 3.78240723e+02, 7.26357910e+02, 3.69235016e+02,
    6.63646973e+02, 4.28479462e+02, 6.78153198e+02, 4.19523254e+02,
    6.92458313e+02, 4.10583862e+02, 7.06874512e+02, 4.01719116e+02,
    7.21256836e+02, 3.92726593e+02, 7.35589233e+02, 3.83839111e+02,
    6.73163208e+02, 4.42834045e+02, 6.87494385e+02, 4.34005554e+02,
    7.01848206e+02, 4.25129730e+02, 7.16217651e+02, 4.16175323e+02,
    7.30568665e+02, 4.07335724e+02, 7.44824097e+02, 3.98437836e+02,
    6.82518005e+02, 4.57301605e+02, 6.96843445e+02, 4.48363953e+02,
    7.11158691e+02, 4.39474335e+02, 7.25468445e+02, 4.30583893e+02,
    7.39711975e+02, 4.21728973e+02, 7.54186829e+02, 4.12692505e+02,
    6.91743164e+02, 4.71615906e+02, 7.06192200e+02, 4.62698181e+02,
    7.20463379e+02, 4.53789215e+02, 7.34680969e+02, 4.45061768e+02,
    7.48999084e+02, 4.36104614e+02, 7.63323608e+02, 4.27239136e+02,
    7.01143860e+02, 4.85886902e+02, 7.15395081e+02, 4.77132782e+02,
    7.29723022e+02, 4.68225403e+02, 7.43965637e+02, 4.59339813e+02,
    7.58216797e+02, 4.50447174e+02, 7.72462830e+02, 4.41567200e+02,
    7.10397461e+02, 5.00218842e+02, 7.24733337e+02, 4.91329315e+02,
    7.38818604e+02, 4.82503479e+02, 7.53180969e+02, 4.73579071e+02,
    7.67332947e+02, 4.64693359e+02, 7.81580872e+02, 4.55830963e+02,
    7.19643616e+02, 5.14363953e+02, 7.33834045e+02, 5.05471497e+02,
    7.48143677e+02, 4.96603149e+02, 7.62194763e+02, 4.87755768e+02,
    7.76459473e+02, 4.78996765e+02, 7.90597778e+02, 4.70148468e+02 ]
