%YAML:1.0
---
points: [ 5.10538788e+02, 4.92498627e+02, 5.24304626e+02, 4.84043213e+02,
    5.38435120e+02, 4.75406219e+02, 5.52096008e+02, 4.66965881e+02,
    5.66205994e+02, 4.58288483e+02, 5.80153992e+02, 4.49747345e+02,
    5.20060181e+02, 5.06296783e+02, 5.33838257e+02, 4.97735657e+02,
    5.47631897e+02, 4.89253967e+02, 5.61646606e+02, 4.80607361e+02,
    5.75348267e+02, 4.72284241e+02, 5.89346558e+02, 4.63574249e+02,
    5.29366455e+02, 5.19947510e+02, 5.43253174e+02, 5.11354004e+02,
    5.57104187e+02, 5.02820190e+02, 5.70621765e+02, 4.94513062e+02,
    5.84665100e+02, 4.85791168e+02, 5.98412598e+02, 4.77446899e+02,
    5.38611633e+02, 5.33578552e+02, 5.52347961e+02, 5.25015137e+02,
    5.66141968e+02, 5.16586914e+02, 5.80004517e+02, 5.08078278e+02,
    5.93671448e+02, 4.99570038e+02, 6.07528992e+02, 4.91032532e+02,
    5.47673828e+02, 5.47250000e+02, 5.61524719e+02, 5.38693726e+02,
    5.75345276e+02, 5.30134155e+02, 5.89121155e+02, 5.21645264e+02,
    6.02843201e+02, 5.13235596e+02, 6.16551880e+02, 5.04684052e+02,
    5.56759277e+02, 5.60794617e+02, 5.70565491e+02, 5.52262634e+02,
    5.84455139e+02, 5.43746643e+02, 5.98177979e+02, 5.35322266e+02,
    6.11892700e+02, 5.26751099e+02, 6.25590210e+02, 5.18380615e+02,
    5.66133667e+02, 5.74308777e+02, 5.79708191e+02, 5.65832520e+02,
    5.93561890e+02, 5.57322998e+02, 6.07247742e+02, 5.48879211e+02,
    6.20937805e+02, 5.40424438e+02, 6.34625183e+02, 5.31881165e+02,
    5.75044067e+02, 5.87798950e+02, 5.88899841e+02, 5.79294006e+02,
    6.02511292e+02, 5.70794250e+02, 6.16318176e+02, 5.62330566e+02,
    6.29937073e+02, 5.53895142e+02, 6.43559937e+02, 5.45501160e+02 ]
