%YAML:1.0
---
points: [ 5.58375427e+02, 4.32753479e+02, 5.71556763e+02, 4.24541199e+02,
    5.85493591e+02, 4.15964478e+02, 5.98892944e+02, 4.07645172e+02,
    6.12647278e+02, 3.99170074e+02, 6.26250732e+02, 3.90723022e+02,
    5.67270996e+02, 4.46769928e+02, 5.81200012e+02, 4.38221283e+02,
    5.94380920e+02, 4.29857147e+02, 6.08204956e+02, 4.21507935e+02,
    6.21569275e+02, 4.13068451e+02, 6.35411987e+02, 4.04600464e+02,
    5.76567871e+02, 4.60342773e+02, 5.89902893e+02, 4.52097931e+02,
    6.03585327e+02, 4.43575134e+02, 6.16962402e+02, 4.35290802e+02,
    6.30666809e+02, 4.26786530e+02, 6.44195068e+02, 4.18387085e+02,
    5.85413452e+02, 4.74135193e+02, 5.98890076e+02, 4.65646362e+02,
    6.12458862e+02, 4.57284912e+02, 6.25940674e+02, 4.48934479e+02,
    6.39470032e+02, 4.40507812e+02, 6.53144958e+02, 4.32038086e+02,
    5.94347046e+02, 4.87609406e+02, 6.07801880e+02, 4.79395782e+02,
    6.21338745e+02, 4.70879669e+02, 6.34817993e+02, 4.62579956e+02,
    6.48443542e+02, 4.54203552e+02, 6.61757263e+02, 4.45829468e+02,
    6.03161743e+02, 5.01382843e+02, 6.16638428e+02, 4.93019562e+02,
    6.30233154e+02, 4.84539520e+02, 6.43678345e+02, 4.76286407e+02,
    6.57241028e+02, 4.67772125e+02, 6.70645874e+02, 4.59436401e+02,
    6.12173157e+02, 5.14805115e+02, 6.25612671e+02, 5.06472260e+02,
    6.39122131e+02, 4.98290405e+02, 6.52542908e+02, 4.89746613e+02,
    6.65857666e+02, 4.81539276e+02, 6.79542908e+02, 4.73038574e+02,
    6.20944702e+02, 5.28354919e+02, 6.34494629e+02, 5.20056335e+02,
    6.47741150e+02, 5.11665314e+02, 6.61366333e+02, 5.03439240e+02,
    6.74621277e+02, 4.95130402e+02, 6.88174927e+02, 4.86643341e+02 ]
