%YAML:1.0
---
points: [ 6.21537109e+02, 3.80807678e+02, 6.34319092e+02, 3.72641479e+02,
    6.47738953e+02, 3.64086609e+02, 6.60667969e+02, 3.55945862e+02,
    6.74282288e+02, 3.47364197e+02, 6.87371460e+02, 3.38974762e+02,
    6.30052002e+02, 3.94630310e+02, 6.43478882e+02, 3.86287903e+02,
    6.56387085e+02, 3.77966003e+02, 6.69643921e+02, 3.69478760e+02,
    6.82581848e+02, 3.61397400e+02, 6.96120178e+02, 3.52698090e+02,
    6.39041687e+02, 4.08221344e+02, 6.51896667e+02, 3.99923370e+02,
    6.65193176e+02, 3.91477875e+02, 6.78289978e+02, 3.83208099e+02,
    6.91517944e+02, 3.74820190e+02, 7.04504456e+02, 3.66552399e+02,
    6.47304077e+02, 4.21782349e+02, 6.60569824e+02, 4.13410736e+02,
    6.73575317e+02, 4.05127808e+02, 6.86770203e+02, 3.96809814e+02,
    6.99900574e+02, 3.88448639e+02, 7.13209900e+02, 3.80086609e+02,
    6.56135864e+02, 4.35170288e+02, 6.68836548e+02, 4.27185181e+02,
    6.82396118e+02, 4.18664276e+02, 6.95278931e+02, 4.10383362e+02,
    7.08609070e+02, 4.02159363e+02, 7.21557922e+02, 3.93680267e+02,
    6.64515503e+02, 4.48699646e+02, 6.77649048e+02, 4.40483521e+02,
    6.90669983e+02, 4.32256927e+02, 7.04018738e+02, 4.24162415e+02,
    7.16922363e+02, 4.15578278e+02, 7.30266113e+02, 4.07354919e+02,
    6.73227295e+02, 4.62109131e+02, 6.86118713e+02, 4.54088348e+02,
    6.99351379e+02, 4.45798645e+02, 7.12333374e+02, 4.37485748e+02,
    7.25587158e+02, 4.29330658e+02, 7.38535278e+02, 4.20874329e+02,
    6.81694458e+02, 4.75554962e+02, 6.94669922e+02, 4.67447662e+02,
    7.07839050e+02, 4.59162445e+02, 7.20897278e+02, 4.51149353e+02,
    7.33939209e+02, 4.42655029e+02, 7.47237000e+02, 4.34418915e+02 ]
