%YAML:1.0
---
points: [ 6.92799744e+02, 6.55015015e+02, 7.05703979e+02, 6.47606689e+02,
    7.18990295e+02, 6.39508789e+02, 7.31671448e+02, 6.31616150e+02,
    7.44745422e+02, 6.23375732e+02, 7.57466614e+02, 6.16189697e+02,
    6.99911804e+02, 6.68556335e+02, 7.13185242e+02, 6.60556641e+02,
    7.25759338e+02, 6.52268066e+02, 7.38812439e+02, 6.44404602e+02,
    7.51868347e+02, 6.36278503e+02, 7.64694153e+02, 6.28268616e+02,
    7.07252625e+02, 6.81228088e+02, 7.19893921e+02, 6.73011536e+02,
    7.33217590e+02, 6.65357178e+02, 7.46141785e+02, 6.56981689e+02,
    7.58801208e+02, 6.48827637e+02, 7.72137512e+02, 6.41049561e+02,
    7.13927856e+02, 6.94359924e+02, 7.27187866e+02, 6.86259216e+02,
    7.39911560e+02, 6.77693298e+02, 7.53332336e+02, 6.70111267e+02,
    7.66483215e+02, 6.62213989e+02, 7.79159729e+02, 6.53690002e+02,
    7.21077271e+02, 7.07248230e+02, 7.34203552e+02, 6.99137817e+02,
    7.47490784e+02, 6.91357361e+02, 7.60175598e+02, 6.83302246e+02,
    7.73531250e+02, 6.74926697e+02, 7.86508179e+02, 6.66898193e+02,
    7.28376587e+02, 7.20483093e+02, 7.41451233e+02, 7.12738342e+02,
    7.54398682e+02, 7.04286926e+02, 7.67609924e+02, 6.96287903e+02,
    7.80699097e+02, 6.88278015e+02, 7.93795959e+02, 6.79936157e+02,
    7.35536438e+02, 7.34279114e+02, 7.48535889e+02, 7.25719299e+02,
    7.61733093e+02, 7.17552307e+02, 7.74803955e+02, 7.09596130e+02,
    7.87951660e+02, 7.01071777e+02, 8.01147949e+02, 6.93240601e+02,
    7.42515259e+02, 7.47222778e+02, 7.56106934e+02, 7.39296448e+02,
    7.68874207e+02, 7.30750061e+02, 7.82425476e+02, 7.22803955e+02,
    7.95251831e+02, 7.14548035e+02, 8.08741638e+02, 7.06581787e+02 ]
