%YAML:1.0
---
points: [ 7.34613098e+02, 8.32460327e+02, 7.47705811e+02, 8.23934448e+02,
    7.60832336e+02, 8.15163879e+02, 7.74210449e+02, 8.07216125e+02,
    7.87458679e+02, 7.98407898e+02, 8.00557556e+02, 7.90302124e+02,
    7.41365295e+02, 8.45758179e+02, 7.54759766e+02, 8.37255066e+02,
    7.67993958e+02, 8.28563293e+02, 7.81267151e+02, 8.20052002e+02,
    7.94503418e+02, 8.11655945e+02, 8.07804199e+02, 8.03737244e+02,
    7.48314331e+02, 8.59568665e+02, 7.61683350e+02, 8.50864685e+02,
    7.74947571e+02, 8.42080566e+02, 7.88266296e+02, 8.33682861e+02,
    8.01784729e+02, 8.25401672e+02, 8.14691589e+02, 8.16389221e+02,
    7.55295837e+02, 8.73411560e+02, 7.68457764e+02, 8.64347595e+02,
    7.82075623e+02, 8.55930359e+02, 7.95356750e+02, 8.47343994e+02,
    8.08716248e+02, 8.38602905e+02, 8.22121948e+02, 8.30168213e+02,
    7.62092346e+02, 8.87339111e+02, 7.75705078e+02, 8.78684387e+02,
    7.89189819e+02, 8.69828857e+02, 8.02560364e+02, 8.61188843e+02,
    8.15877197e+02, 8.52376099e+02, 8.29357605e+02, 8.43551453e+02,
    7.69228455e+02, 9.01601929e+02, 7.82770630e+02, 8.92803040e+02,
    7.96404907e+02, 8.83911743e+02, 8.09710205e+02, 8.75148804e+02,
    8.23369080e+02, 8.66301147e+02, 8.36614563e+02, 8.57591675e+02,
    7.76498840e+02, 9.16053528e+02, 7.90117493e+02, 9.07138306e+02,
    8.03626404e+02, 8.98194458e+02, 8.17222107e+02, 8.89320740e+02,
    8.30623352e+02, 8.80532349e+02, 8.44258545e+02, 8.71524353e+02,
    7.83619202e+02, 9.30603149e+02, 7.97428711e+02, 9.21480103e+02,
    8.10945312e+02, 9.12526794e+02, 8.24572144e+02, 9.03648682e+02,
    8.38132263e+02, 8.94639526e+02, 8.51701965e+02, 8.85796326e+02 ]
