%YAML:1.0
---
points: [ 6.21595825e+02, 8.18074646e+02, 6.36966736e+02, 8.08946716e+02,
    6.52268188e+02, 7.99684509e+02, 6.67291443e+02, 7.90728943e+02,
    6.82391418e+02, 7.81743042e+02, 6.97203186e+02, 7.72844360e+02,
    6.29501221e+02, 8.32740662e+02, 6.44835632e+02, 8.23464600e+02,
    6.60141602e+02, 8.14235474e+02, 6.75195435e+02, 8.05159546e+02,
    6.90069519e+02, 7.96008362e+02, 7.04941223e+02, 7.86973145e+02,
    6.37321777e+02, 8.47423767e+02, 6.52565430e+02, 8.38074158e+02,
    6.67765381e+02, 8.28664001e+02, 6.82897583e+02, 8.19509827e+02,
    6.97938538e+02, 8.10329102e+02, 7.12708313e+02, 8.01274475e+02,
    6.44994934e+02, 8.62299866e+02, 6.60486328e+02, 8.52609497e+02,
    6.75661011e+02, 8.43276917e+02, 6.90732422e+02, 8.33926941e+02,
    7.05729431e+02, 8.24644653e+02, 7.20618469e+02, 8.15443970e+02,
    6.52803894e+02, 8.77219482e+02, 6.68239624e+02, 8.67465210e+02,
    6.83546997e+02, 8.58023071e+02, 6.98709839e+02, 8.48549622e+02,
    7.13670532e+02, 8.39205078e+02, 7.28596985e+02, 8.29882263e+02,
    6.60718506e+02, 8.92192261e+02, 6.76297974e+02, 8.82458496e+02,
    6.91531128e+02, 8.72736633e+02, 7.06675964e+02, 8.63280029e+02,
    7.21660461e+02, 8.53825195e+02, 7.36587708e+02, 8.44406311e+02,
    6.68694092e+02, 9.07368530e+02, 6.84255371e+02, 8.97480652e+02,
    6.99519836e+02, 8.87719299e+02, 7.14645813e+02, 8.78248169e+02,
    7.29761780e+02, 8.68587158e+02, 7.44716858e+02, 8.59192017e+02,
    6.76799316e+02, 9.22528198e+02, 6.92340820e+02, 9.12569031e+02,
    7.07639221e+02, 9.02801453e+02, 7.22717957e+02, 8.93160339e+02,
    7.37768433e+02, 8.83496826e+02, 7.52781982e+02, 8.73811340e+02 ]
