%YAML:1.0
---
points: [ 7.25362610e+02, 6.07854431e+02, 7.38873657e+02, 5.99442688e+02,
    7.52646484e+02, 5.90900452e+02, 7.66261169e+02, 5.82662048e+02,
    7.80089294e+02, 5.74135376e+02, 7.93571533e+02, 5.65742615e+02,
    7.33557373e+02, 6.21450134e+02, 7.47352966e+02, 6.12891479e+02,
    7.60740967e+02, 6.04554077e+02, 7.74700989e+02, 5.96152100e+02,
    7.88077759e+02, 5.87717346e+02, 8.02109741e+02, 5.79452087e+02,
    7.41793030e+02, 6.34931519e+02, 7.55508850e+02, 6.26448914e+02,
    7.69280151e+02, 6.17897095e+02, 7.82740234e+02, 6.09606873e+02,
    7.96561890e+02, 6.01205750e+02, 8.10020203e+02, 5.92613647e+02,
    7.50113098e+02, 6.48489990e+02, 7.63620117e+02, 6.39941467e+02,
    7.77452209e+02, 6.31522644e+02, 7.90976379e+02, 6.22995483e+02,
    8.04615051e+02, 6.14622192e+02, 8.18402893e+02, 6.06154968e+02,
    7.58316650e+02, 6.62123291e+02, 7.72046753e+02, 6.53552734e+02,
    7.85584656e+02, 6.45116516e+02, 7.99285522e+02, 6.36646362e+02,
    8.12836243e+02, 6.28121094e+02, 8.26581116e+02, 6.19603455e+02,
    7.66484558e+02, 6.75807922e+02, 7.80307434e+02, 6.67278931e+02,
    7.93897095e+02, 6.58730652e+02, 8.07545837e+02, 6.50222168e+02,
    8.21251953e+02, 6.41748718e+02, 8.34816711e+02, 6.33292542e+02,
    7.74825989e+02, 6.89575867e+02, 7.88510498e+02, 6.80959351e+02,
    8.02305298e+02, 6.72419983e+02, 8.15767334e+02, 6.63946106e+02,
    8.29546143e+02, 6.55395386e+02, 8.43234680e+02, 6.46823181e+02,
    7.83071594e+02, 7.03298950e+02, 7.96812927e+02, 6.94581299e+02,
    8.10496216e+02, 6.86070007e+02, 8.24274841e+02, 6.77509521e+02,
    8.37757690e+02, 6.69120178e+02, 8.51572144e+02, 6.60526062e+02 ]
