%YAML:1.0
---
points: [ 7.33105042e+02, 6.82317200e+02, 7.46691467e+02, 6.73841919e+02,
    7.60430359e+02, 6.65455383e+02, 7.74072571e+02, 6.57001526e+02,
    7.87672363e+02, 6.48552856e+02, 8.01420959e+02, 6.40193787e+02,
    7.41329468e+02, 6.95983398e+02, 7.54946106e+02, 6.87442566e+02,
    7.68568542e+02, 6.79028259e+02, 7.82389343e+02, 6.70631470e+02,
    7.95868713e+02, 6.62260254e+02, 8.09547791e+02, 6.53820435e+02,
    7.49497192e+02, 7.09631348e+02, 7.63183899e+02, 7.01130554e+02,
    7.76813477e+02, 6.92619995e+02, 7.90368469e+02, 6.84236755e+02,
    8.04217041e+02, 6.75691345e+02, 8.17676514e+02, 6.67336792e+02,
    7.57504700e+02, 7.23339600e+02, 7.71326172e+02, 7.14786560e+02,
    7.84922791e+02, 7.06284485e+02, 7.98642700e+02, 6.97784851e+02,
    8.12229431e+02, 6.89357727e+02, 8.25844666e+02, 6.80708740e+02,
    7.65654846e+02, 7.37019165e+02, 7.79474609e+02, 7.28468445e+02,
    7.93178345e+02, 7.19964600e+02, 8.06696777e+02, 7.11521851e+02,
    8.20480164e+02, 7.02981873e+02, 8.34054260e+02, 6.94472900e+02,
    7.73774902e+02, 7.50875916e+02, 7.87576599e+02, 7.42314636e+02,
    8.01350830e+02, 7.33688232e+02, 8.14994507e+02, 7.25206116e+02,
    8.28663086e+02, 7.16675171e+02, 8.42358704e+02, 7.08192932e+02,
    7.82139954e+02, 7.64656067e+02, 7.95709656e+02, 7.56137085e+02,
    8.09522156e+02, 7.47464172e+02, 8.23324585e+02, 7.38937927e+02,
    8.36855591e+02, 7.30461853e+02, 8.50622192e+02, 7.21861084e+02,
    7.90288025e+02, 7.78505066e+02, 8.04098633e+02, 7.69807922e+02,
    8.17772888e+02, 7.61386780e+02, 8.31425598e+02, 7.52683228e+02,
    8.45311523e+02, 7.44173218e+02, 8.58839844e+02, 7.35674988e+02 ]
