%YAML:1.0
---
points: [ 8.35576233e+02, 6.78846619e+02, 8.49283997e+02, 6.70363159e+02,
    8.62663269e+02, 6.61757019e+02, 8.76266174e+02, 6.53141724e+02,
    8.89520813e+02, 6.44635315e+02, 9.02925171e+02, 6.36206970e+02,
    8.44153564e+02, 6.92401611e+02, 8.57562195e+02, 6.83708435e+02,
    8.71200073e+02, 6.75152161e+02, 8.84521118e+02, 6.66629578e+02,
    8.98003113e+02, 6.57981628e+02, 9.11352417e+02, 6.49442993e+02,
    8.52507996e+02, 7.05743835e+02, 8.66068420e+02, 6.97040833e+02,
    8.79525757e+02, 6.88568909e+02, 8.92934021e+02, 6.79822388e+02,
    9.06359924e+02, 6.71378174e+02, 9.19725220e+02, 6.62681335e+02,
    8.60819275e+02, 7.19328491e+02, 8.74483398e+02, 7.10546753e+02,
    8.87868835e+02, 7.01793518e+02, 9.01419006e+02, 6.93414368e+02,
    9.14740417e+02, 6.84637817e+02, 9.28086731e+02, 6.76049072e+02,
    8.69385193e+02, 7.32716248e+02, 8.82820129e+02, 7.24071045e+02,
    8.96433533e+02, 7.15451782e+02, 9.09724731e+02, 7.06686096e+02,
    9.23175598e+02, 6.98093262e+02, 9.36535889e+02, 6.89501831e+02,
    8.77773315e+02, 7.46292297e+02, 8.91372803e+02, 7.37644775e+02,
    9.04724915e+02, 7.28810547e+02, 9.18317627e+02, 7.20242126e+02,
    9.31589172e+02, 7.11557251e+02, 9.45010071e+02, 7.02900391e+02,
    8.86337402e+02, 7.59827515e+02, 8.99817932e+02, 7.51045593e+02,
    9.13280640e+02, 7.42414246e+02, 9.26667480e+02, 7.33683533e+02,
    9.40052307e+02, 7.24933350e+02, 9.53464600e+02, 7.16401855e+02,
    8.94786316e+02, 7.73386841e+02, 9.08287781e+02, 7.64634460e+02,
    9.21743591e+02, 7.55781006e+02, 9.35064697e+02, 7.47040771e+02,
    9.48561157e+02, 7.38485535e+02, 9.61836731e+02, 7.29707703e+02 ]
