%YAML:1.0
---
points: [ 8.46138184e+02, 5.99932739e+02, 8.59490540e+02, 5.91598755e+02,
    8.73136902e+02, 5.83245422e+02, 8.86557312e+02, 5.74867004e+02,
    8.99896606e+02, 5.66609802e+02, 9.13400208e+02, 5.58240967e+02,
    8.54371155e+02, 6.13371887e+02, 8.67887207e+02, 6.05031189e+02,
    8.81402771e+02, 5.96564636e+02, 8.94871887e+02, 5.88397095e+02,
    9.08190735e+02, 5.79847168e+02, 9.21598083e+02, 5.71656921e+02,
    8.62634216e+02, 6.26705139e+02, 8.76265625e+02, 6.18374756e+02,
    8.89624329e+02, 6.09912842e+02, 9.03023193e+02, 6.01555542e+02,
    9.16542847e+02, 5.93353088e+02, 9.29772827e+02, 5.84806702e+02,
    8.70997620e+02, 6.40256714e+02, 8.84426514e+02, 6.31590576e+02,
    8.97929138e+02, 6.23336243e+02, 9.11334717e+02, 6.14946960e+02,
    9.24733948e+02, 6.06574036e+02, 9.38094788e+02, 5.98173523e+02,
    8.79348694e+02, 6.53521362e+02, 8.92709351e+02, 6.45297852e+02,
    9.06226135e+02, 6.36666687e+02, 9.19694824e+02, 6.28378418e+02,
    9.33009277e+02, 6.19890015e+02, 9.46477051e+02, 6.11568542e+02,
    8.87551086e+02, 6.67182373e+02, 9.01172974e+02, 6.58595520e+02,
    9.14572754e+02, 6.50184387e+02, 9.27906860e+02, 6.41745117e+02,
    9.41466797e+02, 6.33289062e+02, 9.54658752e+02, 6.24868347e+02,
    8.96000122e+02, 6.80516174e+02, 9.09402466e+02, 6.72103333e+02,
    9.22950012e+02, 6.63610840e+02, 9.36322510e+02, 6.55200623e+02,
    9.49683044e+02, 6.46776611e+02, 9.63267883e+02, 6.38340881e+02,
    9.04282043e+02, 6.94095520e+02, 9.17782410e+02, 6.85537659e+02,
    9.31280334e+02, 6.76929871e+02, 9.44647339e+02, 6.68588196e+02,
    9.58130066e+02, 6.60166931e+02, 9.71400391e+02, 6.51606384e+02 ]
