%YAML:1.0
---
points: [ 8.05439453e+02, 5.20918152e+02, 8.19170044e+02, 5.12632324e+02,
    8.32617432e+02, 5.04517853e+02, 8.46350647e+02, 4.96310333e+02,
    8.59646240e+02, 4.88202087e+02, 8.73261780e+02, 4.79881927e+02,
    8.13701965e+02, 5.34496582e+02, 8.27474121e+02, 5.26246033e+02,
    8.40928162e+02, 5.17982300e+02, 8.54479126e+02, 5.09718201e+02,
    8.67977417e+02, 5.01488983e+02, 8.81443115e+02, 4.93500854e+02,
    8.22231262e+02, 5.47958069e+02, 8.35549194e+02, 5.39612488e+02,
    8.49295959e+02, 5.31269043e+02, 8.62572754e+02, 5.23103577e+02,
    8.76269470e+02, 5.14939941e+02, 8.89674194e+02, 5.06463104e+02,
    8.30380005e+02, 5.61331238e+02, 8.43999451e+02, 5.52868958e+02,
    8.57423828e+02, 5.44660706e+02, 8.71100952e+02, 5.36505981e+02,
    8.84408569e+02, 5.28083557e+02, 8.97879517e+02, 5.20050049e+02,
    8.38670349e+02, 5.74615417e+02, 8.52234192e+02, 5.66419250e+02,
    8.65758423e+02, 5.58084534e+02, 8.79244019e+02, 5.49746094e+02,
    8.92717224e+02, 5.41580933e+02, 9.06064575e+02, 5.33260376e+02,
    8.47072449e+02, 5.88251221e+02, 8.60548279e+02, 5.79759949e+02,
    8.74126343e+02, 5.71457764e+02, 8.87548279e+02, 5.63256714e+02,
    9.00944397e+02, 5.54777466e+02, 9.14427551e+02, 5.46646912e+02,
    8.55396301e+02, 6.01656494e+02, 8.68986816e+02, 5.93276367e+02,
    8.82409302e+02, 5.84839294e+02, 8.95837036e+02, 5.76499390e+02,
    9.09314758e+02, 5.68306946e+02, 9.22740173e+02, 5.59742493e+02,
    8.63646912e+02, 6.15080261e+02, 8.77264771e+02, 6.06640259e+02,
    8.90690186e+02, 5.98205078e+02, 9.04104370e+02, 5.89889771e+02,
    9.17557129e+02, 5.81533386e+02, 9.30908997e+02, 5.73285034e+02 ]
