%YAML:1.0
---
points: [ 8.07402222e+02, 8.30215881e+02, 8.21584900e+02, 8.21180908e+02,
    8.35617432e+02, 8.12288330e+02, 8.49585754e+02, 8.03526062e+02,
    8.63445190e+02, 7.94675781e+02, 8.77348755e+02, 7.86172668e+02,
    8.15504883e+02, 8.44418457e+02, 8.29670288e+02, 8.35468384e+02,
    8.43808655e+02, 8.26465088e+02, 8.57716614e+02, 8.17510254e+02,
    8.71657654e+02, 8.08739990e+02, 8.85436157e+02, 7.99858887e+02,
    8.23695374e+02, 8.58871277e+02, 8.37798767e+02, 8.49605225e+02,
    8.51968079e+02, 8.40575195e+02, 8.65993774e+02, 8.31670532e+02,
    8.79832520e+02, 8.22652405e+02, 8.93643677e+02, 8.13822083e+02,
    8.31795837e+02, 8.73382385e+02, 8.46194824e+02, 8.64019348e+02,
    8.60326355e+02, 8.54864746e+02, 8.74290100e+02, 8.45750000e+02,
    8.88188538e+02, 8.36774780e+02, 9.01987000e+02, 8.27768250e+02,
    8.40226074e+02, 8.87984131e+02, 8.54418091e+02, 8.78588379e+02,
    8.68588623e+02, 8.69379883e+02, 8.82588257e+02, 8.60256348e+02,
    8.96565491e+02, 8.51108704e+02, 9.10414185e+02, 8.41975952e+02,
    8.48494995e+02, 9.02688965e+02, 8.62740051e+02, 8.93340210e+02,
    8.77001770e+02, 8.83864258e+02, 8.91104553e+02, 8.74645935e+02,
    9.04965942e+02, 8.65448608e+02, 9.18828430e+02, 8.56338806e+02,
    8.56910950e+02, 9.17603455e+02, 8.71334778e+02, 9.08084900e+02,
    8.85459900e+02, 8.98575317e+02, 8.99571045e+02, 8.89247070e+02,
    9.13537537e+02, 8.79952698e+02, 9.27412292e+02, 8.70705811e+02,
    8.65472534e+02, 9.32572693e+02, 8.79684875e+02, 9.22960205e+02,
    8.94032166e+02, 9.13391968e+02, 9.08030762e+02, 9.03965881e+02,
    9.22168701e+02, 8.94515930e+02, 9.36012146e+02, 8.85250671e+02 ]
