%YAML:1.0
---
points: [ 9.19723145e+02, 1.10868195e+02, 9.34453125e+02, 1.00775597e+02,
    9.49296387e+02, 9.08539734e+01, 9.64075317e+02, 8.06728897e+01,
    9.78893799e+02, 7.05659943e+01, 9.94097290e+02, 6.03284836e+01,
    9.29102234e+02, 1.26726761e+02, 9.43768555e+02, 1.16870155e+02,
    9.58433594e+02, 1.06905441e+02, 9.73250610e+02, 9.69477615e+01,
    9.88152405e+02, 8.68188477e+01, 1.00320654e+03, 7.65958481e+01,
    9.38307861e+02, 1.42541916e+02, 9.52806580e+02, 1.32655807e+02,
    9.67577393e+02, 1.22821198e+02, 9.82343445e+02, 1.12885895e+02,
    9.97167236e+02, 1.02762253e+02, 1.01212427e+03, 9.26910400e+01,
    9.47425476e+02, 1.58215500e+02, 9.61954651e+02, 1.48310516e+02,
    9.76548645e+02, 1.38580780e+02, 9.91377625e+02, 1.28652634e+02,
    1.00607599e+03, 1.18727005e+02, 1.02097534e+03, 1.08665085e+02,
    9.56447693e+02, 1.73543762e+02, 9.71013000e+02, 1.63910690e+02,
    9.85560303e+02, 1.54191162e+02, 1.00025159e+03, 1.44394257e+02,
    1.01497717e+03, 1.34544678e+02, 1.02986401e+03, 1.24640198e+02,
    9.65404663e+02, 1.88844604e+02, 9.79813843e+02, 1.79316483e+02,
    9.94488037e+02, 1.69605927e+02, 1.00913837e+03, 1.59970810e+02,
    1.02386829e+03, 1.50271484e+02, 1.03871545e+03, 1.40414444e+02,
    9.74313843e+02, 2.04066269e+02, 9.88700623e+02, 1.94606384e+02,
    1.00335614e+03, 1.85063477e+02, 1.01788898e+03, 1.75482834e+02,
    1.03254907e+03, 1.65732635e+02, 1.04743347e+03, 1.56000168e+02,
    9.83049255e+02, 2.19178345e+02, 9.97526794e+02, 2.09718674e+02,
    1.01213977e+03, 2.00307571e+02, 1.02658020e+03, 1.90719894e+02,
    1.04136755e+03, 1.81238571e+02, 1.05619885e+03, 1.71429016e+02 ]
