%YAML:1.0
---
points: [ 1.10136108e+03, 7.96662521e+01, 1.11681946e+03, 6.95409164e+01,
    1.13246191e+03, 5.91974449e+01, 1.14805225e+03, 4.87680855e+01,
    1.16369019e+03, 3.84108925e+01, 1.17959302e+03, 2.78400841e+01,
    1.10990674e+03, 9.61831436e+01, 1.12535706e+03, 8.58661346e+01,
    1.14088538e+03, 7.56534424e+01, 1.15641541e+03, 6.54486542e+01,
    1.17214294e+03, 5.50341721e+01, 1.18782056e+03, 4.46110077e+01,
    1.11835217e+03, 1.12242004e+02, 1.13375867e+03, 1.02170120e+02,
    1.14918372e+03, 9.18779602e+01, 1.16469531e+03, 8.17584686e+01,
    1.18031934e+03, 7.14613724e+01, 1.19613745e+03, 6.11647835e+01,
    1.12673743e+03, 1.28150742e+02, 1.14203394e+03, 1.18168922e+02,
    1.15754211e+03, 1.08135056e+02, 1.17284448e+03, 9.79648056e+01,
    1.18851123e+03, 8.77272263e+01, 1.20425012e+03, 7.74464645e+01,
    1.13504346e+03, 1.43928299e+02, 1.15047681e+03, 1.34066895e+02,
    1.16571814e+03, 1.24009567e+02, 1.18127136e+03, 1.14069603e+02,
    1.19661230e+03, 1.03897324e+02, 1.21238721e+03, 9.37353668e+01,
    1.14338721e+03, 1.59583908e+02, 1.15855908e+03, 1.49739304e+02,
    1.17386865e+03, 1.39844101e+02, 1.18924304e+03, 1.29875015e+02,
    1.20479504e+03, 1.19984802e+02, 1.22037244e+03, 1.09812927e+02,
    1.15150916e+03, 1.75050262e+02, 1.16676599e+03, 1.65383514e+02,
    1.18198926e+03, 1.55543121e+02, 1.19738513e+03, 1.45716507e+02,
    1.21271204e+03, 1.35826355e+02, 1.22848755e+03, 1.25750977e+02,
    1.15970837e+03, 1.90454926e+02, 1.17466699e+03, 1.80759781e+02,
    1.19008521e+03, 1.70979782e+02, 1.20530225e+03, 1.61381332e+02,
    1.22069080e+03, 1.51536469e+02, 1.23625818e+03, 1.41612411e+02 ]
