%YAML:1.0
---
points: [ 1.07836377e+03, 4.76257782e+02, 1.09182886e+03, 4.67953033e+02,
    1.10535706e+03, 4.59548157e+02, 1.11870825e+03, 4.51462708e+02,
    1.13223108e+03, 4.43032898e+02, 1.14552112e+03, 4.34743652e+02,
    1.08667041e+03, 4.89763580e+02, 1.10009058e+03, 4.81363739e+02,
    1.11360718e+03, 4.73189240e+02, 1.12689612e+03, 4.64686859e+02,
    1.14041528e+03, 4.56536194e+02, 1.15388757e+03, 4.48222137e+02,
    1.09483032e+03, 5.03179199e+02, 1.10846899e+03, 4.94899658e+02,
    1.12178564e+03, 4.86405151e+02, 1.13536560e+03, 4.78201202e+02,
    1.14861121e+03, 4.69830597e+02, 1.16224658e+03, 4.61487122e+02,
    1.10330737e+03, 5.16604248e+02, 1.11667920e+03, 5.08167145e+02,
    1.13021118e+03, 5.00031342e+02, 1.14353955e+03, 4.91583984e+02,
    1.15719226e+03, 4.83300995e+02, 1.17048352e+03, 4.74983643e+02,
    1.11164233e+03, 5.30163757e+02, 1.12514832e+03, 5.21714111e+02,
    1.13856006e+03, 5.13413269e+02, 1.15192920e+03, 5.05154449e+02,
    1.16544751e+03, 4.96766388e+02, 1.17883521e+03, 4.88420258e+02,
    1.11998486e+03, 5.43606567e+02, 1.13357153e+03, 5.35376343e+02,
    1.14693323e+03, 5.26745911e+02, 1.16040930e+03, 5.18679810e+02,
    1.17372876e+03, 5.10186584e+02, 1.18730334e+03, 5.01854919e+02,
    1.12835596e+03, 5.57112671e+02, 1.14177917e+03, 5.48711182e+02,
    1.15534521e+03, 5.40468079e+02, 1.16864978e+03, 5.31958679e+02,
    1.18224426e+03, 5.23783630e+02, 1.19557251e+03, 5.15347534e+02,
    1.13678467e+03, 5.70501465e+02, 1.15019971e+03, 5.62229553e+02,
    1.16363440e+03, 5.53694397e+02, 1.17716284e+03, 5.45608154e+02,
    1.19052856e+03, 5.37104065e+02, 1.20403040e+03, 5.28696594e+02 ]
