%YAML:1.0
---
points: [ 1.07464099e+03, 7.06124329e+02, 1.08816443e+03, 6.97551758e+02,
    1.10110095e+03, 6.89337219e+02, 1.11440442e+03, 6.80972595e+02,
    1.12718848e+03, 6.72622864e+02, 1.14036218e+03, 6.64535950e+02,
    1.08338513e+03, 7.19809448e+02, 1.09656445e+03, 7.11355347e+02,
    1.10986011e+03, 7.02886230e+02, 1.12283020e+03, 6.94515198e+02,
    1.13601062e+03, 6.86372314e+02, 1.14880542e+03, 6.77771057e+02,
    1.09204919e+03, 7.33531494e+02, 1.10529883e+03, 7.24979187e+02,
    1.11854724e+03, 7.16529175e+02, 1.13165979e+03, 7.08231079e+02,
    1.14463318e+03, 6.99611572e+02, 1.15806262e+03, 6.91320679e+02,
    1.10082422e+03, 7.47327454e+02, 1.11417688e+03, 7.38690796e+02,
    1.12728186e+03, 7.30296692e+02, 1.14052039e+03, 7.21666504e+02,
    1.15365564e+03, 7.13353027e+02, 1.16658679e+03, 7.04830200e+02,
    1.10963818e+03, 7.61239929e+02, 1.12283728e+03, 7.52639404e+02,
    1.13631641e+03, 7.43896179e+02, 1.14935071e+03, 7.35558228e+02,
    1.16256128e+03, 7.26887329e+02, 1.17561353e+03, 7.18499268e+02,
    1.11869214e+03, 7.75211548e+02, 1.13185754e+03, 7.66527649e+02,
    1.14520459e+03, 7.57933594e+02, 1.15850208e+03, 7.49260925e+02,
    1.17149805e+03, 7.40738342e+02, 1.18470142e+03, 7.32269409e+02,
    1.12751746e+03, 7.89300842e+02, 1.14084607e+03, 7.80594666e+02,
    1.15423499e+03, 7.71750793e+02, 1.16738525e+03, 7.63342285e+02,
    1.18064282e+03, 7.54596863e+02, 1.19370557e+03, 7.46063721e+02,
    1.13651355e+03, 8.03502136e+02, 1.14985852e+03, 7.94601868e+02,
    1.16331677e+03, 7.85903381e+02, 1.17650171e+03, 7.77231812e+02,
    1.18971472e+03, 7.68556396e+02, 1.20287488e+03, 7.59986694e+02 ]
