%YAML:1.0
---
points: [ 1.02744336e+03, 5.92444519e+02, 1.04079346e+03, 5.83914001e+02,
    1.05385059e+03, 5.75588867e+02, 1.06708264e+03, 5.67513184e+02,
    1.08032751e+03, 5.58981262e+02, 1.09358582e+03, 5.50760620e+02,
    1.03566711e+03, 6.05651367e+02, 1.04893311e+03, 5.97397644e+02,
    1.06216003e+03, 5.89158569e+02, 1.07543567e+03, 5.80616028e+02,
    1.08853809e+03, 5.72534180e+02, 1.10175867e+03, 5.64268677e+02,
    1.04402307e+03, 6.19042175e+02, 1.05718286e+03, 6.10628662e+02,
    1.07051306e+03, 6.02193909e+02, 1.08370154e+03, 5.94066345e+02,
    1.09679431e+03, 5.85576172e+02, 1.11014001e+03, 5.77273132e+02,
    1.05231421e+03, 6.32324219e+02, 1.06557300e+03, 6.23929871e+02,
    1.07877979e+03, 6.15625671e+02, 1.09190125e+03, 6.07236145e+02,
    1.10519592e+03, 5.98857422e+02, 1.11829578e+03, 5.90590088e+02,
    1.06069995e+03, 6.45783203e+02, 1.07386938e+03, 6.37400085e+02,
    1.08720764e+03, 6.28864807e+02, 1.10033838e+03, 6.20549988e+02,
    1.11354700e+03, 6.12276917e+02, 1.12662769e+03, 6.03701111e+02,
    1.06914697e+03, 6.59177612e+02, 1.08233557e+03, 6.50747070e+02,
    1.09562769e+03, 6.42247009e+02, 1.10865955e+03, 6.33943970e+02,
    1.12178235e+03, 6.25495239e+02, 1.13494702e+03, 6.17171875e+02,
    1.07740234e+03, 6.72518921e+02, 1.09061108e+03, 6.64158325e+02,
    1.10385767e+03, 6.55636353e+02, 1.11714465e+03, 6.47249268e+02,
    1.13020691e+03, 6.38783081e+02, 1.14339087e+03, 6.30470093e+02,
    1.08579895e+03, 6.85863464e+02, 1.09893127e+03, 6.77411377e+02,
    1.11241235e+03, 6.68944092e+02, 1.12534607e+03, 6.60577271e+02,
    1.13854541e+03, 6.52200134e+02, 1.15169104e+03, 6.43791504e+02 ]
