%YAML:1.0
---
points: [ 1.44221545e+03, 4.24555359e+02, 1.46258105e+03, 4.11615326e+02,
    1.48258472e+03, 3.98850403e+02, 1.50260266e+03, 3.86200897e+02,
    1.52250574e+03, 3.73410614e+02, 1.54239832e+03, 3.60646667e+02,
    1.45419141e+03, 4.44872681e+02, 1.47431995e+03, 4.31994019e+02,
    1.49440308e+03, 4.19314728e+02, 1.51436243e+03, 4.06525787e+02,
    1.53434900e+03, 3.93799530e+02, 1.55430554e+03, 3.81036743e+02,
    1.46628857e+03, 4.65140106e+02, 1.48639392e+03, 4.52315796e+02,
    1.50636890e+03, 4.39476013e+02, 1.52637378e+03, 4.26758392e+02,
    1.54629138e+03, 4.13978638e+02, 1.56631628e+03, 4.01296326e+02,
    1.47859607e+03, 4.85265625e+02, 1.49859595e+03, 4.72491150e+02,
    1.51863147e+03, 4.59636871e+02, 1.53845679e+03, 4.46910919e+02,
    1.55830176e+03, 4.34160980e+02, 1.57818848e+03, 4.21403656e+02,
    1.49077979e+03, 5.05417755e+02, 1.51074463e+03, 4.92617767e+02,
    1.53062903e+03, 4.79824280e+02, 1.55051855e+03, 4.67179230e+02,
    1.57043689e+03, 4.54357544e+02, 1.59025549e+03, 4.41562164e+02,
    1.50308777e+03, 5.25620972e+02, 1.52306262e+03, 5.12734924e+02,
    1.54284033e+03, 5.00001862e+02, 1.56258643e+03, 4.87246185e+02,
    1.58244617e+03, 4.74484314e+02, 1.60226892e+03, 4.61676544e+02,
    1.51511560e+03, 5.45640320e+02, 1.53502344e+03, 5.32804016e+02,
    1.55477283e+03, 5.20107727e+02, 1.57461755e+03, 5.07353058e+02,
    1.59444519e+03, 4.94553650e+02, 1.61429761e+03, 4.81824890e+02,
    1.52722644e+03, 5.65654968e+02, 1.54697888e+03, 5.52851196e+02,
    1.56692236e+03, 5.40136597e+02, 1.58658362e+03, 5.27428040e+02,
    1.60636707e+03, 5.14645935e+02, 1.62618408e+03, 5.01800629e+02 ]
