%YAML:1.0
---
points: [ 4.40525421e+02, 1.63136871e+02, 4.47274841e+02, 1.58584625e+02,
    4.53995911e+02, 1.54236740e+02, 4.60377167e+02, 1.49900391e+02,
    4.66921234e+02, 1.45457291e+02, 4.73198273e+02, 1.41166550e+02,
    4.44534973e+02, 1.70032990e+02, 4.51367065e+02, 1.65619476e+02,
    4.57871796e+02, 1.61153183e+02, 4.64405487e+02, 1.56874847e+02,
    4.70833160e+02, 1.52370880e+02, 4.77173279e+02, 1.48245590e+02,
    4.48787109e+02, 1.77167709e+02, 4.55260468e+02, 1.72494354e+02,
    4.62060364e+02, 1.68253601e+02, 4.68411163e+02, 1.63744904e+02,
    4.75001038e+02, 1.59466461e+02, 4.81239685e+02, 1.55079453e+02,
    4.52829651e+02, 1.84014755e+02, 4.59576996e+02, 1.79547775e+02,
    4.66207367e+02, 1.75133850e+02, 4.72573120e+02, 1.70823776e+02,
    4.79038361e+02, 1.66315048e+02, 4.85140930e+02, 1.62224869e+02,
    4.57216919e+02, 1.91107025e+02, 4.63802551e+02, 1.86557892e+02,
    4.70259125e+02, 1.82249802e+02, 4.76675232e+02, 1.77624878e+02,
    4.83037048e+02, 1.73337601e+02, 4.89139343e+02, 1.68972458e+02,
    4.61369904e+02, 1.98061874e+02, 4.67865479e+02, 1.93431534e+02,
    4.74260284e+02, 1.89058395e+02, 4.80676697e+02, 1.84594360e+02,
    4.86840668e+02, 1.80152756e+02, 4.93094452e+02, 1.75904877e+02,
    4.65396423e+02, 2.04976303e+02, 4.71804749e+02, 2.00403519e+02,
    4.78236359e+02, 1.96080322e+02, 4.84514160e+02, 1.91448685e+02,
    4.90944183e+02, 1.87239914e+02, 4.96932159e+02, 1.82697983e+02,
    4.69245605e+02, 2.11620682e+02, 4.75863068e+02, 2.07214630e+02,
    4.82206512e+02, 2.02706177e+02, 4.88583527e+02, 1.98171005e+02,
    4.94613159e+02, 1.93925064e+02, 5.00788208e+02, 1.89750916e+02 ]
