%YAML:1.0
---
points: [ 1.45780164e+03, 5.45553040e+02, 1.47879626e+03, 5.32797913e+02,
    1.49963794e+03, 5.20224487e+02, 1.52050269e+03, 5.07512817e+02,
    1.54126184e+03, 4.94722565e+02, 1.56202869e+03, 4.81997101e+02,
    1.46993933e+03, 5.65758484e+02, 1.49079285e+03, 5.53184753e+02,
    1.51165332e+03, 5.40550476e+02, 1.53243787e+03, 5.27830383e+02,
    1.55334827e+03, 5.15191956e+02, 1.57424731e+03, 5.02441559e+02,
    1.48226038e+03, 5.86044189e+02, 1.50313464e+03, 5.73449036e+02,
    1.52400732e+03, 5.60810181e+02, 1.54473901e+03, 5.48265625e+02,
    1.56555566e+03, 5.35520264e+02, 1.58651855e+03, 5.22778381e+02,
    1.49475928e+03, 6.06327820e+02, 1.51553247e+03, 5.93674744e+02,
    1.53642419e+03, 5.81075623e+02, 1.55709045e+03, 5.68465149e+02,
    1.57787598e+03, 5.55807922e+02, 1.59870190e+03, 5.43129150e+02,
    1.50722144e+03, 6.26627563e+02, 1.52800720e+03, 6.14062012e+02,
    1.54873608e+03, 6.01418213e+02, 1.56949451e+03, 5.88791748e+02,
    1.59035913e+03, 5.76149170e+02, 1.61119580e+03, 5.63472229e+02,
    1.51971680e+03, 6.46917847e+02, 1.54047424e+03, 6.34351440e+02,
    1.56123157e+03, 6.21665771e+02, 1.58182520e+03, 6.09183594e+02,
    1.60261255e+03, 5.96534851e+02, 1.62348059e+03, 5.83783813e+02,
    1.53188953e+03, 6.67243774e+02, 1.55266516e+03, 6.54536682e+02,
    1.57342505e+03, 6.41983704e+02, 1.59420703e+03, 6.29429260e+02,
    1.61489539e+03, 6.16780212e+02, 1.63579480e+03, 6.04271423e+02,
    1.54434412e+03, 6.87448303e+02, 1.56501746e+03, 6.74725342e+02,
    1.58576196e+03, 6.62311035e+02, 1.60642065e+03, 6.49626709e+02,
    1.62725452e+03, 6.37133240e+02, 1.64804785e+03, 6.24430481e+02 ]
