%YAML:1.0
---
points: [ 4.46413818e+02, 2.05143402e+02, 4.53254547e+02, 2.00543320e+02,
    4.60264832e+02, 1.96226532e+02, 4.67224640e+02, 1.91793579e+02,
    4.73961670e+02, 1.87464371e+02, 4.80695007e+02, 1.82863602e+02,
    4.50271454e+02, 2.11954163e+02, 4.57398407e+02, 2.07629166e+02,
    4.64308502e+02, 2.03152802e+02, 4.71140350e+02, 1.98811066e+02,
    4.77997955e+02, 1.94301056e+02, 4.84507263e+02, 1.89930191e+02,
    4.54607208e+02, 2.19149475e+02, 4.61556641e+02, 2.14632980e+02,
    4.68399994e+02, 2.10151993e+02, 4.75180511e+02, 2.05741455e+02,
    4.82031952e+02, 2.01306381e+02, 4.88525177e+02, 1.96737122e+02,
    4.58780029e+02, 2.26068008e+02, 4.65758545e+02, 2.21469955e+02,
    4.72471985e+02, 2.17114670e+02, 4.79315125e+02, 2.12644928e+02,
    4.85924438e+02, 2.08178833e+02, 4.92616547e+02, 2.03885498e+02,
    4.62991669e+02, 2.33019836e+02, 4.69851868e+02, 2.28577164e+02,
    4.76598602e+02, 2.24136520e+02, 4.83308624e+02, 2.19572144e+02,
    4.90083221e+02, 2.15323181e+02, 4.96389160e+02, 2.10573944e+02,
    4.67156342e+02, 2.40027344e+02, 4.74025208e+02, 2.35556808e+02,
    4.80636902e+02, 2.31037277e+02, 4.87362213e+02, 2.26604614e+02,
    4.93793060e+02, 2.22159317e+02, 5.00456421e+02, 2.17710617e+02,
    4.71152374e+02, 2.46883972e+02, 4.77950806e+02, 2.42439407e+02,
    4.84591949e+02, 2.37997025e+02, 4.91081635e+02, 2.33309448e+02,
    4.97845642e+02, 2.29162186e+02, 5.04208588e+02, 2.24540466e+02,
    4.75032135e+02, 2.53650085e+02, 4.81899933e+02, 2.49195602e+02,
    4.88300842e+02, 2.44551666e+02, 4.95262482e+02, 2.40265533e+02,
    5.01360046e+02, 2.35669693e+02, 5.09023315e+02, 2.31676804e+02 ]
