%YAML:1.0
---
points: [ 1.44784692e+03, 6.54278259e+02, 1.46887854e+03, 6.41914673e+02,
    1.48973792e+03, 6.29440857e+02, 1.51056238e+03, 6.17023315e+02,
    1.53129626e+03, 6.04483276e+02, 1.55219617e+03, 5.91974976e+02,
    1.46002698e+03, 6.74540955e+02, 1.48081995e+03, 6.62305298e+02,
    1.50177039e+03, 6.49767456e+02, 1.52260388e+03, 6.37421631e+02,
    1.54349451e+03, 6.24888306e+02, 1.56442456e+03, 6.12460144e+02,
    1.47243738e+03, 6.94975098e+02, 1.49334216e+03, 6.82570740e+02,
    1.51420715e+03, 6.70201355e+02, 1.53492029e+03, 6.57751526e+02,
    1.55580347e+03, 6.45418884e+02, 1.57673523e+03, 6.32830261e+02,
    1.48497705e+03, 7.15440796e+02, 1.50573096e+03, 7.02993530e+02,
    1.52659741e+03, 6.90580994e+02, 1.54742920e+03, 6.78219849e+02,
    1.56827258e+03, 6.65713318e+02, 1.58915222e+03, 6.53248718e+02,
    1.49748267e+03, 7.35927429e+02, 1.51834619e+03, 7.23448059e+02,
    1.53918799e+03, 7.11089355e+02, 1.55979724e+03, 6.98643677e+02,
    1.58065210e+03, 6.86266785e+02, 1.60155969e+03, 6.73697998e+02,
    1.51007349e+03, 7.56336182e+02, 1.53076392e+03, 7.43934814e+02,
    1.55155042e+03, 7.31501099e+02, 1.57231348e+03, 7.19112366e+02,
    1.59319751e+03, 7.06620422e+02, 1.61409583e+03, 6.94247375e+02,
    1.52241345e+03, 7.76712402e+02, 1.54325269e+03, 7.64361023e+02,
    1.56385742e+03, 7.51906860e+02, 1.58467432e+03, 7.39580688e+02,
    1.60551160e+03, 7.27165039e+02, 1.62643250e+03, 7.14689453e+02,
    1.53484985e+03, 7.97061401e+02, 1.55553333e+03, 7.84766052e+02,
    1.57635474e+03, 7.72351196e+02, 1.59704395e+03, 7.59933716e+02,
    1.61792322e+03, 7.47573181e+02, 1.63871497e+03, 7.35201965e+02 ]
