%YAML:1.0
---
points: [ 3.06744720e+02, 2.31969574e+02, 3.13317383e+02, 2.27795090e+02,
    3.20056030e+02, 2.23210388e+02, 3.26562561e+02, 2.18973068e+02,
    3.33192566e+02, 2.14432205e+02, 3.39766785e+02, 2.10137390e+02,
    3.10861176e+02, 2.38629852e+02, 3.17480194e+02, 2.34198425e+02,
    3.24117310e+02, 2.29783493e+02, 3.30721313e+02, 2.25519882e+02,
    3.37341461e+02, 2.20987823e+02, 3.43861969e+02, 2.16816238e+02,
    3.15175232e+02, 2.45365662e+02, 3.21697296e+02, 2.40839340e+02,
    3.28359741e+02, 2.36473267e+02, 3.34899902e+02, 2.31997849e+02,
    3.41529083e+02, 2.27721695e+02, 3.48130707e+02, 2.23304886e+02,
    3.19344818e+02, 2.51874359e+02, 3.25966522e+02, 2.47534714e+02,
    3.32628113e+02, 2.43139542e+02, 3.39125366e+02, 2.38698868e+02,
    3.45713654e+02, 2.34269135e+02, 3.52235016e+02, 2.29905136e+02,
    3.23773834e+02, 2.58571594e+02, 3.30204437e+02, 2.54074493e+02,
    3.36780731e+02, 2.49749359e+02, 3.43305359e+02, 2.45279327e+02,
    3.49889862e+02, 2.40877579e+02, 3.56429352e+02, 2.36521835e+02,
    3.27873169e+02, 2.65066895e+02, 3.34519135e+02, 2.60650848e+02,
    3.41058899e+02, 2.56293549e+02, 3.47567383e+02, 2.51814774e+02,
    3.54029602e+02, 2.47497910e+02, 3.60579987e+02, 2.43070511e+02,
    3.32169342e+02, 2.71769714e+02, 3.38622894e+02, 2.67230194e+02,
    3.45216339e+02, 2.62842957e+02, 3.51750488e+02, 2.58579285e+02,
    3.58265076e+02, 2.54053635e+02, 3.64807098e+02, 2.49744431e+02,
    3.36323395e+02, 2.78084625e+02, 3.42768585e+02, 2.73840179e+02,
    3.49397003e+02, 2.69272583e+02, 3.55915497e+02, 2.64940948e+02,
    3.62352417e+02, 2.60525574e+02, 3.68846008e+02, 2.56174774e+02 ]
