%YAML:1.0
---
points: [ 3.17761780e+02, 2.00951492e+02, 3.24520508e+02, 1.96586441e+02,
    3.31195374e+02, 1.92066193e+02, 3.37893921e+02, 1.87826340e+02,
    3.44640961e+02, 1.83326416e+02, 3.51381439e+02, 1.79060287e+02,
    3.21804138e+02, 2.07546036e+02, 3.28635681e+02, 2.03220337e+02,
    3.35370392e+02, 1.98866745e+02, 3.42123993e+02, 1.94424805e+02,
    3.48866364e+02, 1.90154465e+02, 3.55528595e+02, 1.85735825e+02,
    3.26213257e+02, 2.14452133e+02, 3.32891357e+02, 2.09984085e+02,
    3.39632629e+02, 2.05615875e+02, 3.46303436e+02, 2.01199707e+02,
    3.53003113e+02, 1.96844208e+02, 3.59658905e+02, 1.92447433e+02,
    3.30371185e+02, 2.21048340e+02, 3.37063202e+02, 2.16708298e+02,
    3.43781097e+02, 2.12350449e+02, 3.50551575e+02, 2.07993744e+02,
    3.57178162e+02, 2.03495193e+02, 3.63820770e+02, 1.99118179e+02,
    3.34787689e+02, 2.27804855e+02, 3.41360962e+02, 2.23479691e+02,
    3.48090149e+02, 2.18973312e+02, 3.54672638e+02, 2.14611862e+02,
    3.61442383e+02, 2.10303040e+02, 3.68045898e+02, 2.05920105e+02,
    3.38771790e+02, 2.34331329e+02, 3.45632050e+02, 2.30103043e+02,
    3.52257355e+02, 2.25764587e+02, 3.58961517e+02, 2.21336395e+02,
    3.65608521e+02, 2.16932373e+02, 3.72154541e+02, 2.12532196e+02,
    3.43220459e+02, 2.41214096e+02, 3.49842651e+02, 2.36813385e+02,
    3.56453613e+02, 2.32356903e+02, 3.63058228e+02, 2.28005951e+02,
    3.69804230e+02, 2.23700073e+02, 3.76356964e+02, 2.19322327e+02,
    3.47322266e+02, 2.47694031e+02, 3.54035400e+02, 2.43428421e+02,
    3.60608124e+02, 2.38931290e+02, 3.67270691e+02, 2.34684235e+02,
    3.73981567e+02, 2.30165848e+02, 3.80425964e+02, 2.25975769e+02 ]
