%YAML:1.0
---
points: [ 1.05050183e+03, 4.05560181e+02, 1.07001819e+03, 3.93174316e+02,
    1.08936035e+03, 3.80716034e+02, 1.10859338e+03, 3.68568329e+02,
    1.12775037e+03, 3.56323120e+02, 1.14690674e+03, 3.44068848e+02,
    1.06253711e+03, 4.25501434e+02, 1.08189551e+03, 4.12999115e+02,
    1.10121033e+03, 4.00705292e+02, 1.12034778e+03, 3.88426727e+02,
    1.13959326e+03, 3.76262146e+02, 1.15869751e+03, 3.63845337e+02,
    1.07452673e+03, 4.45129425e+02, 1.09388245e+03, 4.32695770e+02,
    1.11316467e+03, 4.20418182e+02, 1.13229053e+03, 4.08143738e+02,
    1.15137134e+03, 3.95770050e+02, 1.17050610e+03, 3.83541016e+02,
    1.08672339e+03, 4.64684357e+02, 1.10590271e+03, 4.52308777e+02,
    1.12505688e+03, 4.39902832e+02, 1.14415369e+03, 4.27633301e+02,
    1.16320898e+03, 4.15410950e+02, 1.18223132e+03, 4.03094696e+02,
    1.09867493e+03, 4.84309509e+02, 1.11787830e+03, 4.71865814e+02,
    1.13701233e+03, 4.59447357e+02, 1.15599658e+03, 4.47321167e+02,
    1.17482800e+03, 4.34827240e+02, 1.19391418e+03, 4.22608490e+02,
    1.11077332e+03, 5.03712494e+02, 1.12985168e+03, 4.91366791e+02,
    1.14890149e+03, 4.78937256e+02, 1.16769421e+03, 4.66634155e+02,
    1.18676782e+03, 4.54417511e+02, 1.20560156e+03, 4.42106598e+02,
    1.12262195e+03, 5.23228699e+02, 1.14164966e+03, 5.10707794e+02,
    1.16064746e+03, 4.98437744e+02, 1.17955078e+03, 4.86136597e+02,
    1.19837830e+03, 4.73773193e+02, 1.21734082e+03, 4.61489349e+02,
    1.13453564e+03, 5.42522278e+02, 1.15342480e+03, 5.30014832e+02,
    1.17242004e+03, 5.17678284e+02, 1.19124707e+03, 5.05353821e+02,
    1.21013770e+03, 4.93105682e+02, 1.22894678e+03, 4.80736908e+02 ]
