%YAML:1.0
---
points: [ 2.22495651e+02, 1.57276932e+02, 2.29626968e+02, 1.52609695e+02,
    2.36776413e+02, 1.48091141e+02, 2.43862823e+02, 1.43588791e+02,
    2.50989410e+02, 1.39042633e+02, 2.57954102e+02, 1.34595139e+02,
    2.27208771e+02, 1.64384476e+02, 2.34409119e+02, 1.59788544e+02,
    2.41593704e+02, 1.55161240e+02, 2.48587418e+02, 1.50670853e+02,
    2.55641693e+02, 1.46107849e+02, 2.62667786e+02, 1.41579514e+02,
    2.32020294e+02, 1.71544006e+02, 2.39184570e+02, 1.66906113e+02,
    2.46231186e+02, 1.62281754e+02, 2.53338257e+02, 1.57709854e+02,
    2.60391571e+02, 1.53153198e+02, 2.67358063e+02, 1.48558868e+02,
    2.36787613e+02, 1.78602005e+02, 2.43961624e+02, 1.73911423e+02,
    2.51043991e+02, 1.69347809e+02, 2.58101898e+02, 1.64751511e+02,
    2.65113098e+02, 1.60121933e+02, 2.72097809e+02, 1.55517410e+02,
    2.41610077e+02, 1.85690430e+02, 2.48706345e+02, 1.81081055e+02,
    2.55794952e+02, 1.76376221e+02, 2.62908691e+02, 1.71775101e+02,
    2.69860016e+02, 1.67161880e+02, 2.76866821e+02, 1.62586960e+02,
    2.46380508e+02, 1.92770523e+02, 2.53487610e+02, 1.88178009e+02,
    2.60568390e+02, 1.83474548e+02, 2.67587219e+02, 1.78846939e+02,
    2.74642670e+02, 1.74201736e+02, 2.81605072e+02, 1.69563431e+02,
    2.51151779e+02, 1.99970566e+02, 2.58275970e+02, 1.95248062e+02,
    2.65357422e+02, 1.90591248e+02, 2.72373810e+02, 1.85922470e+02,
    2.79415192e+02, 1.81204971e+02, 2.86328918e+02, 1.76561234e+02,
    2.55873230e+02, 2.07102890e+02, 2.63075195e+02, 2.02367188e+02,
    2.70206726e+02, 1.97606979e+02, 2.77166840e+02, 1.92965729e+02,
    2.84144623e+02, 1.88291672e+02, 2.91080811e+02, 1.83631424e+02 ]
