%YAML:1.0
---
points: [ 8.55779907e+02, 5.37149963e+02, 8.76477844e+02, 5.24016541e+02,
    8.96997803e+02, 5.10870270e+02, 9.17452515e+02, 4.98025970e+02,
    9.37723389e+02, 4.85031158e+02, 9.58087891e+02, 4.72267059e+02,
    8.68949463e+02, 5.57509583e+02, 8.89579773e+02, 5.44429382e+02,
    9.10174927e+02, 5.31308044e+02, 9.30501465e+02, 5.18322998e+02,
    9.50836609e+02, 5.05308502e+02, 9.71223022e+02, 4.92346863e+02,
    8.82067749e+02, 5.77924927e+02, 9.02674255e+02, 5.64757874e+02,
    9.23266479e+02, 5.51537842e+02, 9.43669739e+02, 5.38479004e+02,
    9.63937988e+02, 5.25372131e+02, 9.84321594e+02, 5.12354492e+02,
    8.95345947e+02, 5.98399353e+02, 9.15882690e+02, 5.85117249e+02,
    9.36417847e+02, 5.71833008e+02, 9.56725159e+02, 5.58678406e+02,
    9.77115845e+02, 5.45614319e+02, 9.97431274e+02, 5.32454163e+02,
    9.08503418e+02, 6.18961853e+02, 9.29185547e+02, 6.05555298e+02,
    9.49651123e+02, 5.92328430e+02, 9.70150635e+02, 5.79029480e+02,
    9.90404785e+02, 5.65840881e+02, 1.01064935e+03, 5.52675598e+02,
    9.21825623e+02, 6.39562683e+02, 9.42441650e+02, 6.26055176e+02,
    9.62997559e+02, 6.12708679e+02, 9.83342957e+02, 5.99476257e+02,
    1.00365717e+03, 5.86277344e+02, 1.02387323e+03, 5.73025391e+02,
    9.35160461e+02, 6.60258179e+02, 9.55716553e+02, 6.46741211e+02,
    9.76316956e+02, 6.33357910e+02, 9.96662964e+02, 6.20032593e+02,
    1.01708032e+03, 6.06599854e+02, 1.03736047e+03, 5.93436523e+02,
    9.48519714e+02, 6.80944092e+02, 9.69152832e+02, 6.67429382e+02,
    9.89661438e+02, 6.53811584e+02, 1.00999860e+03, 6.40499146e+02,
    1.03040613e+03, 6.27101501e+02, 1.05062366e+03, 6.13784546e+02 ]
