%YAML:1.0
---
points: [ 2.37745316e+02, 2.04448639e+02, 2.44637573e+02, 1.99400253e+02,
    2.51688843e+02, 1.94955475e+02, 2.58697205e+02, 1.90402023e+02,
    2.65652771e+02, 1.85820953e+02, 2.72607941e+02, 1.81317734e+02,
    2.42122330e+02, 2.10999817e+02, 2.49341660e+02, 2.06660934e+02,
    2.56320984e+02, 2.01847778e+02, 2.63294067e+02, 1.97388412e+02,
    2.70353363e+02, 1.92799164e+02, 2.77254761e+02, 1.88224640e+02,
    2.46829071e+02, 2.18388580e+02, 2.53925797e+02, 2.13515198e+02,
    2.60946198e+02, 2.08981873e+02, 2.67925598e+02, 2.04252670e+02,
    2.74965118e+02, 1.99739761e+02, 2.81933411e+02, 1.95090225e+02,
    2.51396149e+02, 2.25047836e+02, 2.58698303e+02, 2.20751404e+02,
    2.65644135e+02, 2.15893021e+02, 2.72614838e+02, 2.11352600e+02,
    2.79540100e+02, 2.06642975e+02, 2.86500000e+02, 2.02100800e+02,
    2.56418243e+02, 2.32373276e+02, 2.63251587e+02, 2.27590805e+02,
    2.70340881e+02, 2.23111725e+02, 2.77349670e+02, 2.18332108e+02,
    2.84300568e+02, 2.13612640e+02, 2.91294708e+02, 2.09104874e+02,
    2.60827179e+02, 2.39496948e+02, 2.68042603e+02, 2.34733078e+02,
    2.75051758e+02, 2.30013992e+02, 2.81984985e+02, 2.25397690e+02,
    2.88941589e+02, 2.20709412e+02, 2.95924316e+02, 2.16068558e+02,
    2.65686310e+02, 2.46561508e+02, 2.72650146e+02, 2.41781937e+02,
    2.79826752e+02, 2.37139664e+02, 2.86701263e+02, 2.32448364e+02,
    2.93748657e+02, 2.27782562e+02, 3.00718414e+02, 2.23066025e+02,
    2.70418182e+02, 2.53744614e+02, 2.77462372e+02, 2.48964401e+02,
    2.84505646e+02, 2.44191528e+02, 2.91529602e+02, 2.39503113e+02,
    2.98436310e+02, 2.34779526e+02, 3.05467590e+02, 2.30166565e+02 ]
