%YAML:1.0
---
points: [ 2.23001526e+02, 2.32798279e+02, 2.29905426e+02, 2.28527267e+02,
    2.37033066e+02, 2.24125626e+02, 2.43822891e+02, 2.19837830e+02,
    2.50921906e+02, 2.15304291e+02, 2.57834534e+02, 2.10989639e+02,
    2.27404297e+02, 2.39766754e+02, 2.34307297e+02, 2.35333481e+02,
    2.41307846e+02, 2.30926910e+02, 2.48252945e+02, 2.26599258e+02,
    2.55186371e+02, 2.22206985e+02, 2.62122070e+02, 2.17864975e+02,
    2.31799240e+02, 2.46530228e+02, 2.38728821e+02, 2.42238586e+02,
    2.45695038e+02, 2.37813507e+02, 2.52584900e+02, 2.33500977e+02,
    2.59580170e+02, 2.29127319e+02, 2.66524109e+02, 2.24745468e+02,
    2.36109207e+02, 2.53505829e+02, 2.43115707e+02, 2.49014877e+02,
    2.49984558e+02, 2.44690338e+02, 2.57032745e+02, 2.40336502e+02,
    2.63885590e+02, 2.35996414e+02, 2.70768463e+02, 2.31588760e+02,
    2.40488174e+02, 2.60351746e+02, 2.47497910e+02, 2.55946930e+02,
    2.54372360e+02, 2.51514420e+02, 2.61258057e+02, 2.47220901e+02,
    2.68213318e+02, 2.42811905e+02, 2.75128235e+02, 2.38480331e+02,
    2.44761322e+02, 2.67281189e+02, 2.51757233e+02, 2.62858063e+02,
    2.58693604e+02, 2.58502930e+02, 2.65661346e+02, 2.54051086e+02,
    2.72487823e+02, 2.49695297e+02, 2.79383942e+02, 2.45267258e+02,
    2.49227081e+02, 2.73984680e+02, 2.56123352e+02, 2.69711853e+02,
    2.63075867e+02, 2.65277435e+02, 2.69908508e+02, 2.60906708e+02,
    2.76801819e+02, 2.56580017e+02, 2.83750092e+02, 2.52243713e+02,
    2.53525925e+02, 2.80802887e+02, 2.60360016e+02, 2.76528992e+02,
    2.67297546e+02, 2.72070740e+02, 2.74253174e+02, 2.67761444e+02,
    2.81176270e+02, 2.63373108e+02, 2.87980316e+02, 2.58975525e+02 ]
