%YAML:1.0
---
points: [ 5.21409119e+02, 6.17854553e+02, 5.42603821e+02, 6.05154724e+02,
    5.63958374e+02, 5.92341553e+02, 5.85157715e+02, 5.79543335e+02,
    6.06386780e+02, 5.66849609e+02, 6.27530762e+02, 5.54129883e+02,
    5.34995300e+02, 6.38490845e+02, 5.56277710e+02, 6.25587219e+02,
    5.77426819e+02, 6.12810364e+02, 5.98489502e+02, 6.00126648e+02,
    6.19559021e+02, 5.87468628e+02, 6.40635193e+02, 5.74684814e+02,
    5.48401550e+02, 6.58805176e+02, 5.69461365e+02, 6.46069092e+02,
    5.90647278e+02, 6.33207092e+02, 6.11686279e+02, 6.20528015e+02,
    6.32690674e+02, 6.07724792e+02, 6.53673889e+02, 5.95095764e+02,
    5.61588684e+02, 6.79317993e+02, 5.82666870e+02, 6.66474670e+02,
    6.03752380e+02, 6.53623291e+02, 6.24705627e+02, 6.40912109e+02,
    6.45746155e+02, 6.28171753e+02, 6.66606140e+02, 6.15467102e+02,
    5.74654236e+02, 6.99630737e+02, 5.95743713e+02, 6.86795715e+02,
    6.16789185e+02, 6.73975647e+02, 6.37807312e+02, 6.61287964e+02,
    6.58729431e+02, 6.48479553e+02, 6.79607849e+02, 6.35710327e+02,
    5.87758728e+02, 7.20116272e+02, 6.08883179e+02, 7.07243530e+02,
    6.29959351e+02, 6.94402161e+02, 6.50845276e+02, 6.81588135e+02,
    6.71699097e+02, 6.68792725e+02, 6.92502197e+02, 6.56119507e+02,
    6.00953857e+02, 7.40263794e+02, 6.22079773e+02, 7.27399048e+02,
    6.42949524e+02, 7.14576477e+02, 6.63737610e+02, 7.01760132e+02,
    6.84544495e+02, 6.89152588e+02, 7.05400146e+02, 6.76354431e+02,
    6.14110168e+02, 7.60457642e+02, 6.35127319e+02, 7.47504517e+02,
    6.55906250e+02, 7.34698914e+02, 6.76668823e+02, 7.21945618e+02,
    6.97471924e+02, 7.09322876e+02, 7.18130310e+02, 6.96518982e+02 ]
