%YAML:1.0
---
points: [ 1.21595955e+02, 2.33263840e+02, 1.28838776e+02, 2.28801117e+02,
    1.36211258e+02, 2.24236725e+02, 1.43472702e+02, 2.19835602e+02,
    1.50766174e+02, 2.15299362e+02, 1.58142685e+02, 2.10800339e+02,
    1.26316162e+02, 2.40380234e+02, 1.33631317e+02, 2.35862854e+02,
    1.40889893e+02, 2.31336243e+02, 1.48222549e+02, 2.26861038e+02,
    1.55480789e+02, 2.22386032e+02, 1.62700287e+02, 2.17852402e+02,
    1.31012863e+02, 2.47423676e+02, 1.38287720e+02, 2.42950836e+02,
    1.45565140e+02, 2.38357559e+02, 1.52807785e+02, 2.33903442e+02,
    1.60068253e+02, 2.29386887e+02, 1.67376389e+02, 2.24986298e+02,
    1.35648117e+02, 2.54518402e+02, 1.42893250e+02, 2.49908981e+02,
    1.50214188e+02, 2.45477005e+02, 1.57406174e+02, 2.41010757e+02,
    1.64696106e+02, 2.36451370e+02, 1.71874344e+02, 2.31951889e+02,
    1.40249435e+02, 2.61472778e+02, 1.47516876e+02, 2.57022064e+02,
    1.54793610e+02, 2.52507645e+02, 1.62022232e+02, 2.48002396e+02,
    1.69239471e+02, 2.43498367e+02, 1.76439651e+02, 2.39005569e+02,
    1.44817841e+02, 2.68540985e+02, 1.52088333e+02, 2.64056610e+02,
    1.59369614e+02, 2.59525238e+02, 1.66563736e+02, 2.54995789e+02,
    1.73770050e+02, 2.50466843e+02, 1.80961594e+02, 2.45979736e+02,
    1.49500793e+02, 2.75579376e+02, 1.56710846e+02, 2.71056305e+02,
    1.63977707e+02, 2.66440094e+02, 1.71010544e+02, 2.61990417e+02,
    1.78317093e+02, 2.57510193e+02, 1.85516266e+02, 2.52976776e+02,
    1.54112869e+02, 2.82469910e+02, 1.61295197e+02, 2.77954010e+02,
    1.68548111e+02, 2.73423645e+02, 1.75632904e+02, 2.68985657e+02,
    1.82841095e+02, 2.64423798e+02, 1.89876434e+02, 2.59958221e+02 ]
