%YAML:1.0
---
points: [ 1.25272919e+02, 1.95520020e+02, 1.32641891e+02, 1.91034286e+02,
    1.39888916e+02, 1.86489029e+02, 1.47283600e+02, 1.81996689e+02,
    1.54562286e+02, 1.77437683e+02, 1.61844940e+02, 1.72938309e+02,
    1.30198730e+02, 2.02773712e+02, 1.37416855e+02, 1.98247452e+02,
    1.44766281e+02, 1.93742020e+02, 1.51978317e+02, 1.89229584e+02,
    1.59315582e+02, 1.84732666e+02, 1.66527618e+02, 1.80244461e+02,
    1.34861664e+02, 2.09931473e+02, 1.42210541e+02, 2.05417618e+02,
    1.49428894e+02, 2.00901230e+02, 1.56784531e+02, 1.96381317e+02,
    1.63909073e+02, 1.91887970e+02, 1.71214569e+02, 1.87362106e+02,
    1.39704178e+02, 2.17194611e+02, 1.46844681e+02, 2.12558517e+02,
    1.54155594e+02, 2.08121017e+02, 1.61396530e+02, 2.03626587e+02,
    1.68570328e+02, 1.99895340e+02, 1.75836029e+02, 1.94533478e+02,
    1.44258698e+02, 2.24253128e+02, 1.51579895e+02, 2.19817520e+02,
    1.58802948e+02, 2.15263474e+02, 1.66068970e+02, 2.10780746e+02,
    1.73218292e+02, 2.06245453e+02, 1.80458954e+02, 2.01743790e+02,
    1.48951843e+02, 2.31457916e+02, 1.56218903e+02, 2.26891281e+02,
    1.63468826e+02, 2.22402542e+02, 1.70687515e+02, 2.17889496e+02,
    1.77896698e+02, 2.13379929e+02, 1.85078781e+02, 2.08907089e+02,
    1.53663849e+02, 2.38513489e+02, 1.60875656e+02, 2.34036652e+02,
    1.68095627e+02, 2.29525482e+02, 1.75291473e+02, 2.25069702e+02,
    1.82514130e+02, 2.20521149e+02, 1.89694626e+02, 2.16014069e+02,
    1.58308762e+02, 2.45670059e+02, 1.65530594e+02, 2.41081604e+02,
    1.72671722e+02, 2.36582489e+02, 1.79908310e+02, 2.32081909e+02,
    1.87027496e+02, 2.27581085e+02, 1.94266800e+02, 2.23108444e+02 ]
