%YAML:1.0
---
points: [ 5.79695496e+02, 3.81384918e+02, 6.00479492e+02, 3.68634979e+02,
    6.21500244e+02, 3.55845123e+02, 6.42442627e+02, 3.43200226e+02,
    6.63430176e+02, 3.30363892e+02, 6.84419067e+02, 3.17546753e+02,
    5.93119934e+02, 4.02691925e+02, 6.14086731e+02, 3.89882812e+02,
    6.34942932e+02, 3.77278961e+02, 6.55792358e+02, 3.64476837e+02,
    6.76689026e+02, 3.51757721e+02, 6.97630981e+02, 3.38839813e+02,
    6.06431091e+02, 4.23737457e+02, 6.27324768e+02, 4.10956207e+02,
    6.48140808e+02, 3.98344482e+02, 6.68861206e+02, 3.85548340e+02,
    6.89667542e+02, 3.72814850e+02, 7.10582031e+02, 3.60064697e+02,
    6.19497375e+02, 4.44736603e+02, 6.40364258e+02, 4.31999268e+02,
    6.61225586e+02, 4.19386566e+02, 6.81963623e+02, 4.06629944e+02,
    7.02763672e+02, 3.93865479e+02, 7.23626953e+02, 3.81180756e+02,
    6.32579651e+02, 4.65649170e+02, 6.53411682e+02, 4.52952698e+02,
    6.74204956e+02, 4.40316803e+02, 6.94924438e+02, 4.27595612e+02,
    7.15660156e+02, 4.14897034e+02, 7.36546570e+02, 4.02245483e+02,
    6.45571228e+02, 4.86558502e+02, 6.66378967e+02, 4.73905670e+02,
    6.87273865e+02, 4.61250183e+02, 7.07891357e+02, 4.48601227e+02,
    7.28637024e+02, 4.35856659e+02, 7.49495483e+02, 4.23234283e+02,
    6.58644836e+02, 5.07440308e+02, 6.79476929e+02, 4.94741516e+02,
    7.00170166e+02, 4.82189301e+02, 7.20825012e+02, 4.69522369e+02,
    7.41484131e+02, 4.56844391e+02, 7.62347107e+02, 4.44195740e+02,
    6.71625977e+02, 5.28264709e+02, 6.92335205e+02, 5.15563477e+02,
    7.13124207e+02, 5.02920380e+02, 7.33651489e+02, 4.90373016e+02,
    7.54415527e+02, 4.77648254e+02, 7.75148743e+02, 4.64974731e+02 ]
