%YAML:1.0
---
points: [ 5.23038139e+01, 1.58823196e+02, 5.95965576e+01, 1.54151871e+02,
    6.68079071e+01, 1.49379791e+02, 7.41572571e+01, 1.44687286e+02,
    8.14013977e+01, 1.39954651e+02, 8.88856735e+01, 1.35252869e+02,
    5.73026276e+01, 1.66309494e+02, 6.43844604e+01, 1.61562347e+02,
    7.17245636e+01, 1.56866714e+02, 7.89356155e+01, 1.52165482e+02,
    8.63004913e+01, 1.47428894e+02, 9.36182709e+01, 1.42692078e+02,
    6.19809761e+01, 1.73612244e+02, 6.92156677e+01, 1.69039429e+02,
    7.63989792e+01, 1.64258286e+02, 8.37334824e+01, 1.59567993e+02,
    9.10687790e+01, 1.54886154e+02, 9.83976746e+01, 1.50125595e+02,
    6.66966553e+01, 1.81112961e+02, 7.39231796e+01, 1.76348251e+02,
    8.11869431e+01, 1.71691956e+02, 8.84758224e+01, 1.67011734e+02,
    9.58799591e+01, 1.62267273e+02, 1.03222580e+02, 1.57544693e+02,
    7.14424133e+01, 1.88463898e+02, 7.86665192e+01, 1.83816895e+02,
    8.60248337e+01, 1.79084732e+02, 9.33601837e+01, 1.74427902e+02,
    1.00674347e+02, 1.69759476e+02, 1.08112373e+02, 1.65062988e+02,
    7.61977768e+01, 1.95964981e+02, 8.34488373e+01, 1.91227814e+02,
    9.08721161e+01, 1.86543640e+02, 9.81351852e+01, 1.81866531e+02,
    1.05569473e+02, 1.77166214e+02, 1.12881828e+02, 1.72452652e+02,
    8.10539322e+01, 2.03241287e+02, 8.83827286e+01, 1.98633835e+02,
    9.56453705e+01, 1.93966385e+02, 1.03015724e+02, 1.89324097e+02,
    1.10378235e+02, 1.84612534e+02, 1.17742546e+02, 1.79948349e+02,
    8.59244843e+01, 2.10683395e+02, 9.31635437e+01, 2.05970703e+02,
    1.00503036e+02, 2.01316391e+02, 1.07805527e+02, 1.96698776e+02,
    1.15187935e+02, 1.92014801e+02, 1.22558029e+02, 1.87301697e+02 ]
