%YAML:1.0
---
points: [ 3.34478699e+02, 8.54816956e+02, 3.58608734e+02, 8.40806702e+02,
    3.82694824e+02, 8.26966919e+02, 4.06587006e+02, 8.13383179e+02,
    4.30367737e+02, 7.99687683e+02, 4.53848816e+02, 7.86339539e+02,
    3.44085693e+02, 8.77413879e+02, 3.68342407e+02, 8.63177673e+02,
    3.92534454e+02, 8.49154297e+02, 4.16353638e+02, 8.35326782e+02,
    4.40214233e+02, 8.21423584e+02, 4.63548798e+02, 8.07684937e+02,
    3.53381500e+02, 9.00069336e+02, 3.77815552e+02, 8.85632019e+02,
    4.02062561e+02, 8.71410400e+02, 4.26025238e+02, 8.57315186e+02,
    4.49763885e+02, 8.43205139e+02, 4.73359192e+02, 8.29386169e+02,
    3.62768250e+02, 9.22982910e+02, 3.87305725e+02, 9.08448608e+02,
    4.11606323e+02, 8.93919739e+02, 4.35732605e+02, 8.79602966e+02,
    4.59623566e+02, 8.65394958e+02, 4.83376251e+02, 8.51287781e+02,
    3.72287231e+02, 9.46425171e+02, 3.96975647e+02, 9.31563293e+02,
    4.21334442e+02, 9.16841980e+02, 4.45557892e+02, 9.02439575e+02,
    4.69508148e+02, 8.87868896e+02, 4.93433533e+02, 8.73565308e+02,
    3.81798187e+02, 9.70172729e+02, 4.06549774e+02, 9.55146973e+02,
    4.31297058e+02, 9.40206238e+02, 4.55578674e+02, 9.25466125e+02,
    4.79621796e+02, 9.10771545e+02, 5.03603363e+02, 8.96194153e+02,
    3.91730194e+02, 9.94279480e+02, 4.16679626e+02, 9.78924316e+02,
    4.41339905e+02, 9.63767578e+02, 4.65694366e+02, 9.48898254e+02,
    4.89812775e+02, 9.34030090e+02, 5.13991943e+02, 9.19296570e+02,
    4.01663666e+02, 1.01859888e+03, 4.26661591e+02, 1.00320685e+03,
    4.51501465e+02, 9.87715149e+02, 4.75970673e+02, 9.72656860e+02,
    5.00314728e+02, 9.57523315e+02, 5.24495361e+02, 9.42519775e+02 ]
