%YAML:1.0
---
points: [ 6.01724052e+01, 3.14975739e+02, 6.80601654e+01, 3.10380432e+02,
    7.57340393e+01, 3.05638031e+02, 8.35534744e+01, 3.01118652e+02,
    9.14171066e+01, 2.96358521e+02, 9.92304764e+01, 2.91778107e+02,
    6.37369499e+01, 3.22677063e+02, 7.14516983e+01, 3.17920959e+02,
    7.92840347e+01, 3.13266632e+02, 8.71874924e+01, 3.08488831e+02,
    9.50119171e+01, 3.03832855e+02, 1.02864876e+02, 2.99124084e+02,
    6.72072678e+01, 3.30254913e+02, 7.50495834e+01, 3.25705353e+02,
    8.28773651e+01, 3.20908508e+02, 9.07901535e+01, 3.16153625e+02,
    9.85804672e+01, 3.11318054e+02, 1.06567108e+02, 3.06593353e+02,
    7.07337875e+01, 3.38213867e+02, 7.85197983e+01, 3.33364716e+02,
    8.64649506e+01, 3.28607880e+02, 9.42556763e+01, 3.23771454e+02,
    1.02255875e+02, 3.18972321e+02, 1.10142906e+02, 3.14094238e+02,
    7.42668839e+01, 3.46010651e+02, 8.21389847e+01, 3.41308777e+02,
    9.00675430e+01, 3.36418671e+02, 9.79853058e+01, 3.31588654e+02,
    1.05914940e+02, 3.26640991e+02, 1.13896675e+02, 3.21801086e+02,
    7.78258667e+01, 3.54180359e+02, 8.57761917e+01, 3.49187531e+02,
    9.37635117e+01, 3.44390106e+02, 1.01716217e+02, 3.39401154e+02,
    1.09686203e+02, 3.34544464e+02, 1.17639977e+02, 3.29539093e+02,
    8.16530762e+01, 3.62018524e+02, 8.96015244e+01, 3.57359314e+02,
    9.75426865e+01, 3.52306030e+02, 1.05497902e+02, 3.47463226e+02,
    1.13500618e+02, 3.42414642e+02, 1.21483932e+02, 3.37450836e+02,
    8.54117584e+01, 3.70454559e+02, 9.33497086e+01, 3.65352142e+02,
    1.01305748e+02, 3.60538025e+02, 1.09343384e+02, 3.55406921e+02,
    1.17353851e+02, 3.50506409e+02, 1.25410599e+02, 3.45286774e+02 ]
