%YAML:1.0
---
points: [ 3.79577667e+02, 5.04111664e+02, 4.00657593e+02, 4.91286469e+02,
    4.21833252e+02, 4.78318359e+02, 4.43082031e+02, 4.65565216e+02,
    4.64390015e+02, 4.52646545e+02, 4.85596497e+02, 4.39847961e+02,
    3.92357697e+02, 5.25093079e+02, 4.13531799e+02, 5.12125610e+02,
    4.34694427e+02, 4.99339813e+02, 4.55835419e+02, 4.86407288e+02,
    4.76934113e+02, 4.73530090e+02, 4.98081940e+02, 4.60562134e+02,
    4.04736053e+02, 5.45847107e+02, 4.26001221e+02, 5.32875671e+02,
    4.47180878e+02, 5.19938354e+02, 4.68308075e+02, 5.07107056e+02,
    4.89393616e+02, 4.94133606e+02, 5.10486481e+02, 4.81316986e+02,
    4.17112000e+02, 5.66705688e+02, 4.38324951e+02, 5.53619690e+02,
    4.59446228e+02, 5.40816528e+02, 4.80571930e+02, 5.27748169e+02,
    5.01738922e+02, 5.14869995e+02, 5.22906433e+02, 5.01948822e+02,
    4.29385345e+02, 5.87669128e+02, 4.50690033e+02, 5.74627625e+02,
    4.71856384e+02, 5.61655762e+02, 4.93142670e+02, 5.48699768e+02,
    5.14282104e+02, 5.35686340e+02, 5.35453613e+02, 5.22781189e+02,
    4.41717804e+02, 6.08655396e+02, 4.63090607e+02, 5.95578430e+02,
    4.84370575e+02, 5.82570435e+02, 5.05510956e+02, 5.69583557e+02,
    5.26672852e+02, 5.56613586e+02, 5.47785217e+02, 5.43621033e+02,
    4.54298767e+02, 6.29644531e+02, 4.75628998e+02, 6.16659058e+02,
    4.96765656e+02, 6.03570618e+02, 5.18062866e+02, 5.90570435e+02,
    5.39232300e+02, 5.77546936e+02, 5.60420898e+02, 5.64530151e+02,
    4.66718414e+02, 6.50804077e+02, 4.88099670e+02, 6.37616028e+02,
    5.09367157e+02, 6.24572449e+02, 5.30515076e+02, 6.11534424e+02,
    5.51667603e+02, 5.98540466e+02, 5.72908630e+02, 5.85491821e+02 ]
