%YAML:1.0
---
points: [ 7.25313263e+01, 1.94164337e+02, 7.96628113e+01, 1.89650833e+02,
    8.67967758e+01, 1.85113556e+02, 9.41147308e+01, 1.80552719e+02,
    1.01257317e+02, 1.76087128e+02, 1.08615211e+02, 1.71482864e+02,
    7.69859619e+01, 2.01428513e+02, 8.40561447e+01, 1.96872559e+02,
    9.13376160e+01, 1.92288879e+02, 9.84779587e+01, 1.87751862e+02,
    1.05765648e+02, 1.83200592e+02, 1.12935783e+02, 1.78701721e+02,
    8.12128296e+01, 2.08514053e+02, 8.85302887e+01, 2.04051605e+02,
    9.56467896e+01, 1.99363159e+02, 1.02878403e+02, 1.94968933e+02,
    1.10109238e+02, 1.90351822e+02, 1.17358871e+02, 1.85784302e+02,
    8.56392288e+01, 2.15828217e+02, 9.27199860e+01, 2.11254776e+02,
    1.00008148e+02, 2.06628815e+02, 1.07171616e+02, 2.02100143e+02,
    1.14474564e+02, 1.97493088e+02, 1.21763748e+02, 1.93001694e+02,
    8.98590088e+01, 2.23048889e+02, 9.70881042e+01, 2.18458267e+02,
    1.04386963e+02, 2.13824356e+02, 1.11647476e+02, 2.09317566e+02,
    1.18903610e+02, 2.04719742e+02, 1.26181305e+02, 2.00157227e+02,
    9.42202606e+01, 2.30297852e+02, 1.01446457e+02, 2.25707123e+02,
    1.08774071e+02, 2.21121536e+02, 1.16026581e+02, 2.16600830e+02,
    1.23306969e+02, 2.12041397e+02, 1.30594528e+02, 2.07369843e+02,
    9.86286316e+01, 2.37537933e+02, 1.05889801e+02, 2.33025024e+02,
    1.13232056e+02, 2.28406860e+02, 1.20478729e+02, 2.23816788e+02,
    1.27699417e+02, 2.19217743e+02, 1.35043335e+02, 2.14594498e+02,
    1.03103096e+02, 2.44878098e+02, 1.10289383e+02, 2.40239731e+02,
    1.17622849e+02, 2.35656509e+02, 1.24882973e+02, 2.31025497e+02,
    1.32205185e+02, 2.26430466e+02, 1.39496323e+02, 2.21818253e+02 ]
