%YAML:1.0
---
points: [ 3.73768097e+02, 1.18265686e+02, 3.96938568e+02, 1.34323090e+02,
    4.20384918e+02, 1.50592499e+02, 4.43592621e+02, 1.66778992e+02,
    4.66921265e+02, 1.83213699e+02, 4.90279541e+02, 1.99209518e+02,
    3.59418060e+02, 1.41344620e+02, 3.82692719e+02, 1.57471970e+02,
    4.06021515e+02, 1.73561478e+02, 4.29218750e+02, 1.89782425e+02,
    4.52363831e+02, 2.05783356e+02, 4.75454620e+02, 2.21879761e+02,
    3.44932739e+02, 1.64300095e+02, 3.68288116e+02, 1.80298248e+02,
    3.91494568e+02, 1.96344620e+02, 4.14622162e+02, 2.12312759e+02,
    4.37709442e+02, 2.28395294e+02, 4.60861176e+02, 2.44257812e+02,
    3.30279175e+02, 1.86824982e+02, 3.53557281e+02, 2.03009735e+02,
    3.76739136e+02, 2.18773392e+02, 3.99976898e+02, 2.34840363e+02,
    4.23206848e+02, 2.50726364e+02, 4.46274597e+02, 2.66679932e+02,
    3.15598297e+02, 2.09647110e+02, 3.38926697e+02, 2.25507538e+02,
    3.62127014e+02, 2.41482056e+02, 3.85373444e+02, 2.57286591e+02,
    4.08448792e+02, 2.73236237e+02, 4.31558167e+02, 2.88950348e+02,
    3.00829010e+02, 2.32143356e+02, 3.24239624e+02, 2.48124191e+02,
    3.47500946e+02, 2.63895233e+02, 3.70688873e+02, 2.79781128e+02,
    3.93763641e+02, 2.95474518e+02, 4.16783173e+02, 3.11280579e+02,
    2.86483002e+02, 2.54765152e+02, 3.09705536e+02, 2.70550079e+02,
    3.32928680e+02, 2.86456238e+02, 3.56108185e+02, 3.02029358e+02,
    3.79063049e+02, 3.17793762e+02, 4.02166565e+02, 3.33546082e+02,
    2.72113373e+02, 2.77245422e+02, 2.95235718e+02, 2.92960876e+02,
    3.18467957e+02, 3.08694061e+02, 3.41485413e+02, 3.24413696e+02,
    3.64590393e+02, 3.39961273e+02, 3.87508728e+02, 3.55652466e+02 ]
