%YAML:1.0
---
points: [ 4.83599792e+02, 4.22456177e+02, 5.02465363e+02, 4.35993256e+02,
    5.21541077e+02, 4.49841675e+02, 5.40685547e+02, 4.63642120e+02,
    5.60084106e+02, 4.77660309e+02, 5.79502625e+02, 4.91604706e+02,
    4.68279083e+02, 4.42155426e+02, 4.87270203e+02, 4.55832703e+02,
    5.06296722e+02, 4.69732605e+02, 5.25373169e+02, 4.83644836e+02,
    5.44621338e+02, 4.97605438e+02, 5.63954407e+02, 5.11615356e+02,
    4.52672272e+02, 4.61831512e+02, 4.71646423e+02, 4.75685059e+02,
    4.90676392e+02, 4.89611420e+02, 5.09754608e+02, 5.03524231e+02,
    5.28989258e+02, 5.17524597e+02, 5.48385376e+02, 5.31607605e+02,
    4.36787201e+02, 4.81534607e+02, 4.55808990e+02, 4.95503662e+02,
    4.74776062e+02, 5.09463867e+02, 4.93956177e+02, 5.23538025e+02,
    5.13299011e+02, 5.37593872e+02, 5.32568176e+02, 5.51813782e+02,
    4.20797180e+02, 5.01449432e+02, 4.39917114e+02, 5.15440369e+02,
    4.58912415e+02, 5.29491882e+02, 4.77999298e+02, 5.43671143e+02,
    4.97285187e+02, 5.57779846e+02, 5.16635437e+02, 5.72183044e+02,
    4.04611664e+02, 5.21417908e+02, 4.23701508e+02, 5.35527832e+02,
    4.42813568e+02, 5.49707703e+02, 4.62026428e+02, 5.63877014e+02,
    4.81292145e+02, 5.78268555e+02, 5.00520905e+02, 5.92645447e+02,
    3.88642395e+02, 5.41564758e+02, 4.07650879e+02, 5.55753235e+02,
    4.26653168e+02, 5.70072510e+02, 4.45846588e+02, 5.84376892e+02,
    4.65055786e+02, 5.98736816e+02, 4.84410919e+02, 6.13300293e+02,
    3.72464417e+02, 5.61779419e+02, 3.91439789e+02, 5.76146606e+02,
    4.10441010e+02, 5.90566040e+02, 4.29597229e+02, 6.04885803e+02,
    4.48780792e+02, 6.19435303e+02, 4.68163605e+02, 6.34030334e+02 ]
