%YAML:1.0
---
points: [ 1.07902817e+02, 1.65403030e+02, 1.14494011e+02, 1.70131775e+02,
    1.21268318e+02, 1.74820602e+02, 1.27919724e+02, 1.79602463e+02,
    1.34741089e+02, 1.84344162e+02, 1.41548462e+02, 1.89192444e+02,
    1.02734581e+02, 1.72300705e+02, 1.09323761e+02, 1.77030472e+02,
    1.16004356e+02, 1.81833786e+02, 1.22748581e+02, 1.86540771e+02,
    1.29486481e+02, 1.91358337e+02, 1.36351044e+02, 1.96171555e+02,
    9.74519806e+01, 1.79203506e+02, 1.04072319e+02, 1.83974976e+02,
    1.10718788e+02, 1.88729340e+02, 1.17395134e+02, 1.93512680e+02,
    1.24238052e+02, 1.98276779e+02, 1.31017654e+02, 2.03227386e+02,
    9.21569366e+01, 1.86176056e+02, 9.87092361e+01, 1.90899445e+02,
    1.05393898e+02, 1.95735870e+02, 1.12077141e+02, 2.00459824e+02,
    1.18854340e+02, 2.05360001e+02, 1.25752739e+02, 2.10246292e+02,
    8.68379440e+01, 1.93052582e+02, 9.33153534e+01, 1.97916290e+02,
    1.00011932e+02, 2.02671982e+02, 1.06699532e+02, 2.07511612e+02,
    1.13436478e+02, 2.12490265e+02, 1.20286110e+02, 2.17448105e+02,
    8.13587570e+01, 2.00137726e+02, 8.80235138e+01, 2.04859497e+02,
    9.46043320e+01, 2.09808685e+02, 1.01326599e+02, 2.14669327e+02,
    1.08018105e+02, 2.19590103e+02, 1.14830902e+02, 2.24497421e+02,
    7.60970154e+01, 2.07154922e+02, 8.25791092e+01, 2.12049240e+02,
    8.92235870e+01, 2.16913101e+02, 9.58506927e+01, 2.21861115e+02,
    1.02611557e+02, 2.26801819e+02, 1.09337196e+02, 2.31768921e+02,
    7.06308594e+01, 2.14271469e+02, 7.72500916e+01, 2.19155182e+02,
    8.37595901e+01, 2.24073730e+02, 9.04770966e+01, 2.28994263e+02,
    9.71015167e+01, 2.33999710e+02, 1.03915916e+02, 2.38990433e+02 ]
