%YAML:1.0
---
points: [ 1.09382332e+02, 2.83554077e+02, 1.15454323e+02, 2.88289734e+02,
    1.21706017e+02, 2.93029724e+02, 1.27865105e+02, 2.97873566e+02,
    1.34293030e+02, 3.02716248e+02, 1.40675095e+02, 3.07793274e+02,
    1.03613914e+02, 2.90663025e+02, 1.09651688e+02, 2.95448151e+02,
    1.15815849e+02, 3.00265045e+02, 1.22048332e+02, 3.05110931e+02,
    1.28339218e+02, 3.10188385e+02, 1.34836029e+02, 3.15149261e+02,
    9.75803375e+01, 2.97784515e+02, 1.03632607e+02, 3.02630310e+02,
    1.09811424e+02, 3.07488312e+02, 1.16019585e+02, 3.12488464e+02,
    1.22388832e+02, 3.17538757e+02, 1.28796188e+02, 3.22708069e+02,
    9.15325546e+01, 3.04872467e+02, 9.75420227e+01, 3.09825836e+02,
    1.03687965e+02, 3.14853912e+02, 1.09990433e+02, 3.19892944e+02,
    1.16294312e+02, 3.25079742e+02, 1.22837761e+02, 3.30296417e+02,
    8.54374771e+01, 3.12123108e+02, 9.14083252e+01, 3.17188934e+02,
    9.75990067e+01, 3.22288452e+02, 1.03822037e+02, 3.27447571e+02,
    1.10183739e+02, 3.32702911e+02, 1.16553268e+02, 3.37989502e+02,
    7.92248688e+01, 3.19423218e+02, 8.53264771e+01, 3.24561096e+02,
    9.13974075e+01, 3.29781525e+02, 9.76591644e+01, 3.35090302e+02,
    1.03996094e+02, 3.40361084e+02, 1.10405975e+02, 3.45850677e+02,
    7.32220230e+01, 3.26821442e+02, 7.91013336e+01, 3.32090820e+02,
    8.52860260e+01, 3.37358002e+02, 9.13913193e+01, 3.42667694e+02,
    9.78004074e+01, 3.48224335e+02, 1.04143326e+02, 3.53673737e+02,
    6.69316483e+01, 3.34198029e+02, 7.31005249e+01, 3.39567108e+02,
    7.90024872e+01, 3.44930176e+02, 8.53275299e+01, 3.50435730e+02,
    9.14928665e+01, 3.55900269e+02, 9.80341187e+01, 3.61607086e+02 ]
