%YAML:1.0
---
points: [ 4.84324066e+02, 7.62785217e+02, 5.01304840e+02, 7.76332520e+02,
    5.18795715e+02, 7.90162842e+02, 5.36415039e+02, 8.04246399e+02,
    5.54328552e+02, 8.18433044e+02, 5.72410400e+02, 8.32845398e+02,
    4.66522827e+02, 7.83079712e+02, 4.83604156e+02, 7.96903564e+02,
    5.00980042e+02, 8.11107666e+02, 5.18584961e+02, 8.25341003e+02,
    5.36487915e+02, 8.39699951e+02, 5.54540100e+02, 8.54361084e+02,
    4.48173828e+02, 8.03662659e+02, 4.65449585e+02, 8.17704834e+02,
    4.82766876e+02, 8.32129333e+02, 5.00346069e+02, 8.46569153e+02,
    5.18306641e+02, 8.61294434e+02, 5.36388367e+02, 8.76150574e+02,
    4.29557404e+02, 8.24452820e+02, 4.46655304e+02, 8.38832703e+02,
    4.64150909e+02, 8.53466980e+02, 4.81711884e+02, 8.68159302e+02,
    4.99659973e+02, 8.83199341e+02, 5.17829285e+02, 8.98372559e+02,
    4.10419891e+02, 8.45655701e+02, 4.27716309e+02, 8.60299622e+02,
    4.45263184e+02, 8.75208862e+02, 4.62833923e+02, 8.90153564e+02,
    4.80700714e+02, 9.05490112e+02, 4.98889130e+02, 9.20924011e+02,
    3.90940338e+02, 8.67194885e+02, 4.08344055e+02, 8.82207397e+02,
    4.25785126e+02, 8.97306885e+02, 4.43526733e+02, 9.12595825e+02,
    4.61550690e+02, 9.28218628e+02, 4.79528351e+02, 9.43859436e+02,
    3.71477417e+02, 8.89162292e+02, 3.88780090e+02, 9.04427795e+02,
    4.06193878e+02, 9.19834961e+02, 4.23959747e+02, 9.35461487e+02,
    4.41806030e+02, 9.51344727e+02, 4.60025787e+02, 9.67375732e+02,
    3.51545166e+02, 9.11431641e+02, 3.68805450e+02, 9.26986267e+02,
    3.86356476e+02, 9.42666321e+02, 4.03995178e+02, 9.58592346e+02,
    4.21869751e+02, 9.74770386e+02, 4.40242889e+02, 9.91181091e+02 ]
