%YAML:1.0
---
points: [ 4.84279266e+02, 6.03252441e+02, 5.02752014e+02, 6.16848022e+02,
    5.21661072e+02, 6.30649231e+02, 5.40578918e+02, 6.44488464e+02,
    5.59663696e+02, 6.58427002e+02, 5.78943542e+02, 6.72474731e+02,
    4.68762970e+02, 6.23374023e+02, 4.87491913e+02, 6.37174316e+02,
    5.06293976e+02, 6.51041565e+02, 5.25110535e+02, 6.64987488e+02,
    5.44219299e+02, 6.79007446e+02, 5.63373169e+02, 6.93257141e+02,
    4.53123047e+02, 6.43610168e+02, 4.71819977e+02, 6.57474792e+02,
    4.90590973e+02, 6.71484192e+02, 5.09395721e+02, 6.85514038e+02,
    5.28454468e+02, 6.99619080e+02, 5.47651855e+02, 7.13893616e+02,
    4.37175385e+02, 6.63969238e+02, 4.55787354e+02, 6.77906189e+02,
    4.74582520e+02, 6.92114380e+02, 4.93505615e+02, 7.06169250e+02,
    5.12575439e+02, 7.20450195e+02, 5.31719360e+02, 7.34855774e+02,
    4.20949005e+02, 6.84495789e+02, 4.39828918e+02, 6.98565063e+02,
    4.58523895e+02, 7.12822510e+02, 4.77414551e+02, 7.27142761e+02,
    4.96486908e+02, 7.41513489e+02, 5.15671021e+02, 7.56053345e+02,
    4.04614807e+02, 7.05144836e+02, 4.23430511e+02, 7.19460571e+02,
    4.42319824e+02, 7.33785278e+02, 4.61248932e+02, 7.48178528e+02,
    4.80276306e+02, 7.62752441e+02, 4.99413452e+02, 7.77359802e+02,
    3.88421051e+02, 7.26012817e+02, 4.07206238e+02, 7.40456177e+02,
    4.25959137e+02, 7.54890625e+02, 4.44881775e+02, 7.69437500e+02,
    4.63888062e+02, 7.84139771e+02, 4.83108704e+02, 7.98930115e+02,
    3.72044739e+02, 7.47035461e+02, 3.90719452e+02, 7.61597961e+02,
    4.09557556e+02, 7.76217834e+02, 4.28444427e+02, 7.90811768e+02,
    4.47426086e+02, 8.05689758e+02, 4.66617950e+02, 8.20522583e+02 ]
