%YAML:1.0
---
points: [ 1.08668709e+02, 2.28259125e+02, 1.15155075e+02, 2.32934616e+02,
    1.21873543e+02, 2.37671890e+02, 1.28507462e+02, 2.42511581e+02,
    1.35263824e+02, 2.47235779e+02, 1.41951096e+02, 2.52106613e+02,
    1.03494965e+02, 2.35291214e+02, 1.10055275e+02, 2.40050507e+02,
    1.16615005e+02, 2.44848709e+02, 1.23287971e+02, 2.49567902e+02,
    1.29962906e+02, 2.54462036e+02, 1.36776932e+02, 2.59265320e+02,
    9.82439117e+01, 2.42390518e+02, 1.04733170e+02, 2.47171341e+02,
    1.11327835e+02, 2.51916794e+02, 1.17945312e+02, 2.56771301e+02,
    1.24720444e+02, 2.61638367e+02, 1.31411606e+02, 2.66561035e+02,
    9.28871994e+01, 2.49460754e+02, 9.94015656e+01, 2.54271790e+02,
    1.05995071e+02, 2.59121216e+02, 1.12632698e+02, 2.63979431e+02,
    1.19339989e+02, 2.68904938e+02, 1.26176262e+02, 2.73819885e+02,
    8.75732727e+01, 2.56549988e+02, 9.40351105e+01, 2.61481995e+02,
    1.00654694e+02, 2.66333466e+02, 1.07240105e+02, 2.71281830e+02,
    1.13978668e+02, 2.76241821e+02, 1.20683701e+02, 2.81285400e+02,
    8.21804886e+01, 2.63770660e+02, 8.87202606e+01, 2.68657257e+02,
    9.52253647e+01, 2.73601776e+02, 1.01901596e+02, 2.78548401e+02,
    1.08506218e+02, 2.83619965e+02, 1.15283112e+02, 2.88648834e+02,
    7.68929291e+01, 2.70947510e+02, 8.33374710e+01, 2.75969452e+02,
    8.99356079e+01, 2.80928589e+02, 9.64443970e+01, 2.85962708e+02,
    1.03182587e+02, 2.90990845e+02, 1.09839233e+02, 2.96107483e+02,
    7.15145187e+01, 2.78250336e+02, 7.80549698e+01, 2.83222870e+02,
    8.44674377e+01, 2.88243927e+02, 9.11618271e+01, 2.93267029e+02,
    9.77210770e+01, 2.98421753e+02, 1.04433334e+02, 3.03554962e+02 ]
