%YAML:1.0
---
points: [ 8.26081848e+01, 2.94855835e+02, 8.91030121e+01, 2.99891754e+02,
    9.57229843e+01, 3.04869965e+02, 1.02384918e+02, 3.09981934e+02,
    1.09282394e+02, 3.15059631e+02, 1.16002129e+02, 3.20241394e+02,
    7.70427628e+01, 3.02200562e+02, 8.35626678e+01, 3.07269684e+02,
    9.01675797e+01, 3.12353455e+02, 9.68013000e+01, 3.17501617e+02,
    1.03555832e+02, 3.22683105e+02, 1.10405235e+02, 3.27873993e+02,
    7.15034180e+01, 3.09514709e+02, 7.79345245e+01, 3.14696411e+02,
    8.45521622e+01, 3.19858032e+02, 9.11606903e+01, 3.25026794e+02,
    9.79687653e+01, 3.30255829e+02, 1.04709824e+02, 3.35430695e+02,
    6.57718735e+01, 3.16969360e+02, 7.23448944e+01, 3.22132172e+02,
    7.88853836e+01, 3.27357086e+02, 8.55548935e+01, 3.32637238e+02,
    9.22434082e+01, 3.37888794e+02, 9.90775604e+01, 3.43241974e+02,
    6.02456474e+01, 3.24347565e+02, 6.66266785e+01, 3.29627960e+02,
    7.33009567e+01, 3.34882263e+02, 7.98438263e+01, 3.40188202e+02,
    8.66591644e+01, 3.45589325e+02, 9.33356247e+01, 3.50913147e+02,
    5.45271301e+01, 3.31804352e+02, 6.11221390e+01, 3.37139984e+02,
    6.75720139e+01, 3.42444092e+02, 7.42990646e+01, 3.47851410e+02,
    8.09439774e+01, 3.53212952e+02, 8.77563095e+01, 3.58726074e+02,
    4.92237816e+01, 3.39235809e+02, 5.54593468e+01, 3.44583740e+02,
    6.21394081e+01, 3.50044250e+02, 6.85720749e+01, 3.55366943e+02,
    7.53838425e+01, 3.60992004e+02, 8.20794830e+01, 3.66280365e+02,
    4.35905151e+01, 3.46563293e+02, 5.02024994e+01, 3.52101318e+02,
    5.65214691e+01, 3.57425323e+02, 6.32432785e+01, 3.63084930e+02,
    6.97450104e+01, 3.68445831e+02, 7.65613403e+01, 3.74197754e+02 ]
