%YAML:1.0
---
points: [ 2.31476471e+02, 2.83190918e+02, 2.38479691e+02, 2.87907227e+02,
    2.45517578e+02, 2.92710236e+02, 2.52620209e+02, 2.97451019e+02,
    2.59772095e+02, 3.02294281e+02, 2.66925964e+02, 3.07108643e+02,
    2.26916504e+02, 2.90315125e+02, 2.33940140e+02, 2.95118225e+02,
    2.40998276e+02, 2.99944366e+02, 2.48051712e+02, 3.04699127e+02,
    2.55204880e+02, 3.09555908e+02, 2.62321594e+02, 3.14393127e+02,
    2.22311218e+02, 2.97528748e+02, 2.29339355e+02, 3.02361694e+02,
    2.36353867e+02, 3.07138031e+02, 2.43445831e+02, 3.11955353e+02,
    2.50571518e+02, 3.16852936e+02, 2.57748352e+02, 3.21713226e+02,
    2.17683884e+02, 3.04844421e+02, 2.24690613e+02, 3.09640656e+02,
    2.31693878e+02, 3.14486664e+02, 2.38827179e+02, 3.19335388e+02,
    2.45943909e+02, 3.24194672e+02, 2.53146942e+02, 3.29110016e+02,
    2.13018539e+02, 3.12135010e+02, 2.20052216e+02, 3.16984680e+02,
    2.27082993e+02, 3.21816711e+02, 2.34189346e+02, 3.26700714e+02,
    2.41324814e+02, 3.31566406e+02, 2.48460220e+02, 3.36540802e+02,
    2.08335815e+02, 3.19423523e+02, 2.15341522e+02, 3.24346130e+02,
    2.22403412e+02, 3.29222809e+02, 2.29517487e+02, 3.34057922e+02,
    2.36634537e+02, 3.38961029e+02, 2.43795471e+02, 3.43961548e+02,
    2.03662323e+02, 3.26799683e+02, 2.10637512e+02, 3.31634644e+02,
    2.17772461e+02, 3.36572083e+02, 2.24778992e+02, 3.41436249e+02,
    2.31961502e+02, 3.46372314e+02, 2.39137711e+02, 3.51388885e+02,
    1.98964859e+02, 3.34113800e+02, 2.05999069e+02, 3.39029114e+02,
    2.13051346e+02, 3.43932251e+02, 2.20147018e+02, 3.48842072e+02,
    2.27244003e+02, 3.53794220e+02, 2.34434280e+02, 3.58854767e+02 ]
