%YAML:1.0
---
points: [ 7.40973267e+02, 5.48477173e+02, 7.61466675e+02, 5.62429626e+02,
    7.81802429e+02, 5.76332703e+02, 8.02237976e+02, 5.90193604e+02,
    8.22523254e+02, 6.04019470e+02, 8.42698853e+02, 6.17793091e+02,
    7.27066284e+02, 5.68691101e+02, 7.47553345e+02, 5.82634705e+02,
    7.67920105e+02, 5.96529358e+02, 7.88196045e+02, 6.10335693e+02,
    8.08565613e+02, 6.24118347e+02, 8.28791992e+02, 6.37910278e+02,
    7.12949463e+02, 5.88951477e+02, 7.33548279e+02, 6.02742493e+02,
    7.53979370e+02, 6.16715454e+02, 7.74348755e+02, 6.30515625e+02,
    7.94549255e+02, 6.44297424e+02, 8.15021179e+02, 6.58010559e+02,
    6.98869812e+02, 6.09225037e+02, 7.19421997e+02, 6.23179504e+02,
    7.39955383e+02, 6.36877686e+02, 7.60356262e+02, 6.50624329e+02,
    7.80723145e+02, 6.64457581e+02, 8.01126526e+02, 6.78189819e+02,
    6.84568726e+02, 6.29619385e+02, 7.05273132e+02, 6.43516052e+02,
    7.25799805e+02, 6.57290771e+02, 7.46289429e+02, 6.71002747e+02,
    7.66666565e+02, 6.84767700e+02, 7.87117676e+02, 6.98509338e+02,
    6.70352844e+02, 6.50095886e+02, 6.90883545e+02, 6.63863586e+02,
    7.11625122e+02, 6.77702393e+02, 7.32080200e+02, 6.91490356e+02,
    7.52563416e+02, 7.05181396e+02, 7.73046753e+02, 7.18979980e+02,
    6.55900391e+02, 6.70508118e+02, 6.76744873e+02, 6.84327087e+02,
    6.97330078e+02, 6.98170532e+02, 7.17912048e+02, 7.11872559e+02,
    7.38380981e+02, 7.25629456e+02, 7.58909973e+02, 7.39420044e+02,
    6.41585144e+02, 6.91127136e+02, 6.62457458e+02, 7.04871948e+02,
    6.83218811e+02, 7.18638855e+02, 7.03658142e+02, 7.32418091e+02,
    7.24362671e+02, 7.46104187e+02, 7.44711365e+02, 7.59802246e+02 ]
