%YAML:1.0
---
points: [ 6.69457397e+02, 1.25750755e+02, 6.95132080e+02, 1.42696503e+02,
    7.20495789e+02, 1.59377441e+02, 7.45527649e+02, 1.75553604e+02,
    7.70137024e+02, 1.91651215e+02, 7.94500671e+02, 2.07523499e+02,
    6.57547058e+02, 1.50537430e+02, 6.83183167e+02, 1.67195038e+02,
    7.08341003e+02, 1.83427887e+02, 7.32880798e+02, 1.99367905e+02,
    7.57476501e+02, 2.15129974e+02, 7.81532288e+02, 2.30624725e+02,
    6.45845825e+02, 1.74897018e+02, 6.71305664e+02, 1.90989517e+02,
    6.96168579e+02, 2.06939865e+02, 7.20652100e+02, 2.22542313e+02,
    7.44890930e+02, 2.37948654e+02, 7.68807739e+02, 2.53191360e+02,
    6.34454895e+02, 1.98685822e+02, 6.59481689e+02, 2.14526688e+02,
    6.84323608e+02, 2.30117310e+02, 7.08619934e+02, 2.45339249e+02,
    7.32688477e+02, 2.60408386e+02, 7.56479431e+02, 2.75328735e+02,
    6.22954407e+02, 2.22018600e+02, 6.47958069e+02, 2.37455765e+02,
    6.72628601e+02, 2.52683151e+02, 6.96784058e+02, 2.67568237e+02,
    7.20644104e+02, 2.82421265e+02, 7.44360291e+02, 2.96957672e+02,
    6.12023499e+02, 2.44752625e+02, 6.36682068e+02, 2.59951996e+02,
    6.61327026e+02, 2.74731537e+02, 6.85242859e+02, 2.89447144e+02,
    7.09008240e+02, 3.03931793e+02, 7.32304504e+02, 3.18174561e+02,
    6.01327087e+02, 2.66905853e+02, 6.25937439e+02, 2.81661194e+02,
    6.50100159e+02, 2.96313873e+02, 6.73959229e+02, 3.10580597e+02,
    6.97447327e+02, 3.24779724e+02, 7.20698730e+02, 3.38778961e+02,
    5.90918762e+02, 2.88553314e+02, 6.15274841e+02, 3.03149506e+02,
    6.39382019e+02, 3.17357635e+02, 6.62924316e+02, 3.31446930e+02,
    6.86374573e+02, 3.45297882e+02, 7.09347290e+02, 3.59037933e+02 ]
