%YAML:1.0
---
points: [ 1.05132092e+03, 7.56736450e+02, 1.07233447e+03, 7.70628479e+02,
    1.09330664e+03, 7.84516602e+02, 1.11438220e+03, 7.98299255e+02,
    1.13533606e+03, 8.12218811e+02, 1.15644275e+03, 8.26044739e+02,
    1.03762512e+03, 7.77623291e+02, 1.05862524e+03, 7.91464905e+02,
    1.07962805e+03, 8.05402161e+02, 1.10059119e+03, 8.19238098e+02,
    1.12162231e+03, 8.33208435e+02, 1.14279187e+03, 8.47122620e+02,
    1.02402332e+03, 7.98521057e+02, 1.04506360e+03, 8.12464661e+02,
    1.06607776e+03, 8.26346558e+02, 1.08718738e+03, 8.40218872e+02,
    1.10819153e+03, 8.54133423e+02, 1.12941589e+03, 8.68068237e+02,
    1.01050061e+03, 8.19597656e+02, 1.03147803e+03, 8.33531006e+02,
    1.05254370e+03, 8.47443542e+02, 1.07349414e+03, 8.61356262e+02,
    1.09458813e+03, 8.75255676e+02, 1.11574939e+03, 8.89290283e+02,
    9.96820190e+02, 8.40675842e+02, 1.01786633e+03, 8.54600891e+02,
    1.03886670e+03, 8.68497314e+02, 1.05998975e+03, 8.82444885e+02,
    1.08098157e+03, 8.96421143e+02, 1.10224963e+03, 9.10443970e+02,
    9.83328369e+02, 8.61854736e+02, 1.00427704e+03, 8.75769226e+02,
    1.02534351e+03, 8.89657959e+02, 1.04636536e+03, 9.03626221e+02,
    1.06746582e+03, 9.17570679e+02, 1.08859595e+03, 9.31628235e+02,
    9.69571838e+02, 8.82912109e+02, 9.90646179e+02, 8.96792664e+02,
    1.01162781e+03, 9.10783203e+02, 1.03267395e+03, 9.24752991e+02,
    1.05369336e+03, 9.38743896e+02, 1.07492554e+03, 9.52865234e+02,
    9.55940308e+02, 9.03999268e+02, 9.76967468e+02, 9.17878052e+02,
    9.98078735e+02, 9.31878662e+02, 1.01909308e+03, 9.45754761e+02,
    1.04023206e+03, 9.59903137e+02, 1.06137817e+03, 9.74114685e+02 ]
