%YAML:1.0
---
points: [ 1.04601501e+03, 7.89593323e+02, 1.06742273e+03, 8.03375610e+02,
    1.08848938e+03, 8.16844604e+02, 1.10953247e+03, 8.30409180e+02,
    1.13063672e+03, 8.43817688e+02, 1.15167651e+03, 8.57409424e+02,
    1.03210327e+03, 8.10118408e+02, 1.05328564e+03, 8.23634827e+02,
    1.07441895e+03, 8.37205933e+02, 1.09547815e+03, 8.50699951e+02,
    1.11654211e+03, 8.64255981e+02, 1.13761597e+03, 8.77700867e+02,
    1.01829724e+03, 8.30551941e+02, 1.03947864e+03, 8.44013855e+02,
    1.06051526e+03, 8.57537476e+02, 1.08161023e+03, 8.71083252e+02,
    1.10258228e+03, 8.84475525e+02, 1.12373706e+03, 8.97944702e+02,
    1.00454315e+03, 8.50998169e+02, 1.02559644e+03, 8.64538391e+02,
    1.04674841e+03, 8.78041809e+02, 1.06774158e+03, 8.91426453e+02,
    1.08880054e+03, 9.04809143e+02, 1.10980139e+03, 9.18289978e+02,
    9.90753601e+02, 8.71522400e+02, 1.01190118e+03, 8.84965210e+02,
    1.03290283e+03, 8.98435608e+02, 1.05397290e+03, 9.11719971e+02,
    1.07494238e+03, 9.25145996e+02, 1.09594202e+03, 9.38500488e+02,
    9.77018188e+02, 8.91850769e+02, 9.98182678e+02, 9.05421021e+02,
    1.01929932e+03, 9.18669495e+02, 1.04022961e+03, 9.31947937e+02,
    1.06124329e+03, 9.45333679e+02, 1.08218152e+03, 9.58566772e+02,
    9.63405518e+02, 9.12159973e+02, 9.84513184e+02, 9.25486328e+02,
    1.00548871e+03, 9.38814819e+02, 1.02645618e+03, 9.52166565e+02,
    1.04741187e+03, 9.65427612e+02, 1.06840259e+03, 9.78800659e+02,
    9.49798035e+02, 9.32231628e+02, 9.70835754e+02, 9.45509033e+02,
    9.91865784e+02, 9.58727295e+02, 1.01274841e+03, 9.72026123e+02,
    1.03366479e+03, 9.85313782e+02, 1.05466284e+03, 9.98659607e+02 ]
