%YAML:1.0
---
points: [ 2.84846161e+02, 2.85278351e+02, 2.92042145e+02, 2.89562531e+02,
    2.99257874e+02, 2.94045654e+02, 3.06389221e+02, 2.98367340e+02,
    3.13457581e+02, 3.02651947e+02, 3.20461731e+02, 3.06867340e+02,
    2.80141693e+02, 2.92077484e+02, 2.87323883e+02, 2.96542877e+02,
    2.94452087e+02, 3.00860840e+02, 3.01577362e+02, 3.05122681e+02,
    3.08658081e+02, 3.09440704e+02, 3.15725586e+02, 3.13767365e+02,
    2.75330597e+02, 2.99079834e+02, 2.82576019e+02, 3.03310577e+02,
    2.89770691e+02, 3.07722717e+02, 2.96823761e+02, 3.11944122e+02,
    3.03943298e+02, 3.16235840e+02, 3.10948608e+02, 3.20477417e+02,
    2.70734039e+02, 3.05926605e+02, 2.77912537e+02, 3.10305420e+02,
    2.85121796e+02, 3.14613861e+02, 2.92186554e+02, 3.18858398e+02,
    2.99260925e+02, 3.23019684e+02, 3.06308197e+02, 3.27265594e+02,
    2.66062561e+02, 3.12899933e+02, 2.73208466e+02, 3.17153076e+02,
    2.80461426e+02, 3.21391357e+02, 2.87506531e+02, 3.25621704e+02,
    2.94496246e+02, 3.29868896e+02, 3.01554596e+02, 3.33903748e+02,
    2.61433594e+02, 3.19775391e+02, 2.68609100e+02, 3.23986816e+02,
    2.75752380e+02, 3.28213837e+02, 2.82861115e+02, 3.32389526e+02,
    2.89879272e+02, 3.36519775e+02, 2.96847717e+02, 3.40760956e+02,
    2.56757172e+02, 3.26577667e+02, 2.63957794e+02, 3.30767609e+02,
    2.71118835e+02, 3.34947388e+02, 2.78158997e+02, 3.39060944e+02,
    2.85280884e+02, 3.43248169e+02, 2.92190704e+02, 3.47315399e+02,
    2.52225098e+02, 3.33243042e+02, 2.59334473e+02, 3.37413757e+02,
    2.66499817e+02, 3.41617096e+02, 2.73518677e+02, 3.45633820e+02,
    2.80511169e+02, 3.49758942e+02, 2.87620361e+02, 3.53903015e+02 ]
