%YAML:1.0
---
points: [ 3.85449188e+02, 2.87476379e+02, 3.92338257e+02, 2.91789948e+02,
    3.99229156e+02, 2.96193237e+02, 4.05937042e+02, 3.00351837e+02,
    4.12510101e+02, 3.04538177e+02, 4.18908600e+02, 3.08511719e+02,
    3.80523651e+02, 2.94203522e+02, 3.87138763e+02, 2.98550507e+02,
    3.94131378e+02, 3.02822205e+02, 4.00890594e+02, 3.07037933e+02,
    4.07439148e+02, 3.11199341e+02, 4.14032715e+02, 3.15370331e+02,
    3.75395660e+02, 3.00998566e+02, 3.82409851e+02, 3.05285187e+02,
    3.89091278e+02, 3.09591034e+02, 3.95954987e+02, 3.13719330e+02,
    4.02499969e+02, 3.17908661e+02, 4.09033936e+02, 3.21907684e+02,
    3.70781189e+02, 3.07823669e+02, 3.77486481e+02, 3.12104156e+02,
    3.84340576e+02, 3.16262390e+02, 3.91016815e+02, 3.20429138e+02,
    3.97703033e+02, 3.24550446e+02, 4.04146973e+02, 3.28643463e+02,
    3.65678619e+02, 3.14651245e+02, 3.72626770e+02, 3.18738617e+02,
    3.79431152e+02, 3.22982269e+02, 3.86237579e+02, 3.27100067e+02,
    3.92812103e+02, 3.31192993e+02, 3.99171570e+02, 3.35026642e+02,
    3.61085083e+02, 3.21244415e+02, 3.67774292e+02, 3.25522125e+02,
    3.74568420e+02, 3.29600891e+02, 3.81342133e+02, 3.33726074e+02,
    3.87972626e+02, 3.37692719e+02, 3.94320190e+02, 3.41727905e+02,
    3.56094086e+02, 3.27926819e+02, 3.62935638e+02, 3.31983521e+02,
    3.69744110e+02, 3.36230133e+02, 3.76262207e+02, 3.40176025e+02,
    3.83109009e+02, 3.44277405e+02, 3.89470032e+02, 3.48153107e+02,
    3.51377838e+02, 3.34417480e+02, 3.58076202e+02, 3.38587708e+02,
    3.64877594e+02, 3.42577881e+02, 3.71497192e+02, 3.46633789e+02,
    3.78185883e+02, 3.50622284e+02, 3.84700073e+02, 3.54558228e+02 ]
