%YAML:1.0
---
points: [ 1.27794702e+03, 7.80359985e+02, 1.29806909e+03, 7.93147827e+02,
    1.31771899e+03, 8.05793213e+02, 1.33738013e+03, 8.18361755e+02,
    1.35697766e+03, 8.30843750e+02, 1.37647717e+03, 8.43322083e+02,
    1.26350940e+03, 7.99579956e+02, 1.28337915e+03, 8.12355408e+02,
    1.30331860e+03, 8.24869080e+02, 1.32277979e+03, 8.37445251e+02,
    1.34246375e+03, 8.49962891e+02, 1.36194800e+03, 8.62453308e+02,
    1.24933630e+03, 8.18897949e+02, 1.26919324e+03, 8.31616272e+02,
    1.28885266e+03, 8.44183960e+02, 1.30863757e+03, 8.56633728e+02,
    1.32821594e+03, 8.69108521e+02, 1.34769873e+03, 8.81448486e+02,
    1.23535620e+03, 8.38445557e+02, 1.25522925e+03, 8.50956848e+02,
    1.27499976e+03, 8.63436646e+02, 1.29450598e+03, 8.75838501e+02,
    1.31412451e+03, 8.88087280e+02, 1.33354602e+03, 9.00387329e+02,
    1.22136060e+03, 8.57780212e+02, 1.24118567e+03, 8.70249146e+02,
    1.26081982e+03, 8.82595459e+02, 1.28048669e+03, 8.94874329e+02,
    1.29998389e+03, 9.07189819e+02, 1.31950427e+03, 9.19387390e+02,
    1.20753467e+03, 8.76999756e+02, 1.22732043e+03, 8.89407043e+02,
    1.24689709e+03, 9.01637817e+02, 1.26646545e+03, 9.13801514e+02,
    1.28592224e+03, 9.26079224e+02, 1.30546106e+03, 9.38230591e+02,
    1.19348975e+03, 8.95968384e+02, 1.21336243e+03, 9.08296753e+02,
    1.23291992e+03, 9.20517090e+02, 1.25247583e+03, 9.32661865e+02,
    1.27193835e+03, 9.44733765e+02, 1.29142542e+03, 9.56934814e+02,
    1.17975012e+03, 9.14809570e+02, 1.19941284e+03, 9.27109131e+02,
    1.21905835e+03, 9.39191772e+02, 1.23848853e+03, 9.51297180e+02,
    1.25806030e+03, 9.63405945e+02, 1.27744861e+03, 9.75465271e+02 ]
