%YAML:1.0
---
points: [ 3.80305969e+02, 2.53677948e+02, 3.87092926e+02, 2.58199310e+02,
    3.93680634e+02, 2.62636566e+02, 4.00266052e+02, 2.66933380e+02,
    4.06770325e+02, 2.71343201e+02, 4.13182861e+02, 2.75553619e+02,
    3.75293213e+02, 2.60350250e+02, 3.81963745e+02, 2.64834564e+02,
    3.88655670e+02, 2.69234589e+02, 3.95162964e+02, 2.73587128e+02,
    4.01822052e+02, 2.77886993e+02, 4.08173401e+02, 2.82203156e+02,
    3.70207275e+02, 2.67112396e+02, 3.76980621e+02, 2.71425110e+02,
    3.83632782e+02, 2.75876221e+02, 3.90298767e+02, 2.80215668e+02,
    3.96840637e+02, 2.84453583e+02, 4.03232513e+02, 2.88739777e+02,
    3.65528656e+02, 2.73800446e+02, 3.72052399e+02, 2.78212860e+02,
    3.78793274e+02, 2.82523468e+02, 3.85374451e+02, 2.86833893e+02,
    3.92030487e+02, 2.91097900e+02, 3.98357910e+02, 2.95337219e+02,
    3.60493073e+02, 2.80523651e+02, 3.67218292e+02, 2.84771301e+02,
    3.73923065e+02, 2.89222687e+02, 3.80476196e+02, 2.93386719e+02,
    3.86954529e+02, 2.97652374e+02, 3.93364471e+02, 3.01773285e+02,
    3.55813995e+02, 2.87136261e+02, 3.62395660e+02, 2.91477234e+02,
    3.69043610e+02, 2.95706970e+02, 3.75605255e+02, 2.99914856e+02,
    3.82196991e+02, 3.04174255e+02, 3.88561676e+02, 3.08379791e+02,
    3.50790863e+02, 2.93735535e+02, 3.57464783e+02, 2.97935852e+02,
    3.64145844e+02, 3.02248932e+02, 3.70750763e+02, 3.06426727e+02,
    3.77251190e+02, 3.10675415e+02, 3.83615265e+02, 3.14749969e+02,
    3.46217194e+02, 3.00233002e+02, 3.52587372e+02, 3.04388275e+02,
    3.59376129e+02, 3.08678894e+02, 3.65764832e+02, 3.12809906e+02,
    3.72496246e+02, 3.17076508e+02, 3.78887756e+02, 3.21139252e+02 ]
