%YAML:1.0
---
points: [ 3.72800201e+02, 2.58325562e+02, 3.79594696e+02, 2.62776245e+02,
    3.86268494e+02, 2.67370087e+02, 3.93068848e+02, 2.71859131e+02,
    3.99636230e+02, 2.76289825e+02, 4.06139984e+02, 2.80678406e+02,
    3.68209412e+02, 2.65095276e+02, 3.74862457e+02, 2.69628662e+02,
    3.81668640e+02, 2.74154449e+02, 3.88266785e+02, 2.78632019e+02,
    3.95030975e+02, 2.83064178e+02, 4.01541443e+02, 2.87482941e+02,
    3.63454742e+02, 2.71891541e+02, 3.70232635e+02, 2.76361511e+02,
    3.77021790e+02, 2.80895630e+02, 3.83756927e+02, 2.85355103e+02,
    3.90348694e+02, 2.89862305e+02, 3.96976746e+02, 2.94195557e+02,
    3.59014740e+02, 2.78680176e+02, 3.65669678e+02, 2.83297485e+02,
    3.72504059e+02, 2.87714752e+02, 3.79149567e+02, 2.92186279e+02,
    3.85875427e+02, 2.96536011e+02, 3.92382812e+02, 3.01015594e+02,
    3.54297150e+02, 2.85629456e+02, 3.61154602e+02, 2.90089905e+02,
    3.67877167e+02, 2.94575592e+02, 3.74596008e+02, 2.98970581e+02,
    3.81258789e+02, 3.03422821e+02, 3.87918915e+02, 3.07826508e+02,
    3.49827789e+02, 2.92398651e+02, 3.56580933e+02, 2.96910583e+02,
    3.63364502e+02, 3.01391968e+02, 3.69954407e+02, 3.05802612e+02,
    3.76685333e+02, 3.10231567e+02, 3.83372894e+02, 3.14621246e+02,
    3.45151215e+02, 2.99318817e+02, 3.51926788e+02, 3.03713013e+02,
    3.58701141e+02, 3.08212433e+02, 3.65423584e+02, 3.12609528e+02,
    3.72074860e+02, 3.16997833e+02, 3.78702393e+02, 3.21335632e+02,
    3.40678925e+02, 3.06095642e+02, 3.47212677e+02, 3.10464813e+02,
    3.54157135e+02, 3.14958282e+02, 3.60746429e+02, 3.19301910e+02,
    3.67469391e+02, 3.23651245e+02, 3.74136902e+02, 3.28096649e+02 ]
