%YAML:1.0
---
points: [ 1.40165137e+03, 7.63309875e+02, 1.42755444e+03, 7.63169617e+02,
    1.45268457e+03, 7.62776123e+02, 1.47728394e+03, 7.62414856e+02,
    1.50154626e+03, 7.62121582e+02, 1.52565808e+03, 7.61704529e+02,
    1.39633777e+03, 7.90350342e+02, 1.42186182e+03, 7.89899780e+02,
    1.44708875e+03, 7.89375305e+02, 1.47155579e+03, 7.88998901e+02,
    1.49607397e+03, 7.88477905e+02, 1.52020984e+03, 7.87935669e+02,
    1.39138208e+03, 8.17228455e+02, 1.41685803e+03, 8.16645020e+02,
    1.44203857e+03, 8.16105103e+02, 1.46652368e+03, 8.15390381e+02,
    1.49088086e+03, 8.14553772e+02, 1.51489832e+03, 8.14049683e+02,
    1.38686609e+03, 8.43999084e+02, 1.41230994e+03, 8.43306580e+02,
    1.43734509e+03, 8.42567566e+02, 1.46160156e+03, 8.41579041e+02,
    1.48579980e+03, 8.40745300e+02, 1.50978137e+03, 8.39836914e+02,
    1.38241528e+03, 8.70631287e+02, 1.40752100e+03, 8.69733215e+02,
    1.43249976e+03, 8.68688477e+02, 1.45679431e+03, 8.67666626e+02,
    1.48073254e+03, 8.66577271e+02, 1.50466956e+03, 8.65638489e+02,
    1.37819739e+03, 8.96917786e+02, 1.40302344e+03, 8.95899719e+02,
    1.42769934e+03, 8.94693787e+02, 1.45208777e+03, 8.93349487e+02,
    1.47583069e+03, 8.92215942e+02, 1.49972620e+03, 8.91215576e+02,
    1.37337061e+03, 9.22777893e+02, 1.39823706e+03, 9.21581726e+02,
    1.42282166e+03, 9.20193665e+02, 1.44720459e+03, 9.18776184e+02,
    1.47087476e+03, 9.17639221e+02, 1.49463525e+03, 9.16461548e+02,
    1.36855847e+03, 9.48287537e+02, 1.39328149e+03, 9.46640808e+02,
    1.41776489e+03, 9.45319214e+02, 1.44189526e+03, 9.43851746e+02,
    1.46571936e+03, 9.42416809e+02, 1.48948828e+03, 9.40904236e+02 ]
