%YAML:1.0
---
points: [ 4.31078583e+02, 2.80904236e+02, 4.39696503e+02, 2.80558472e+02,
    4.47978210e+02, 2.80335144e+02, 4.56076599e+02, 2.79846039e+02,
    4.63912476e+02, 2.79698669e+02, 4.71634552e+02, 2.79224182e+02,
    4.29115845e+02, 2.90161438e+02, 4.37520111e+02, 2.89940887e+02,
    4.45895325e+02, 2.89597870e+02, 4.53947998e+02, 2.89159668e+02,
    4.61912994e+02, 2.88761444e+02, 4.69634247e+02, 2.88461426e+02,
    4.27291931e+02, 2.99629059e+02, 4.35789703e+02, 2.98953552e+02,
    4.44043610e+02, 2.98762817e+02, 4.52189728e+02, 2.98171997e+02,
    4.59968933e+02, 2.97815338e+02, 4.67690491e+02, 2.97201111e+02,
    4.25627533e+02, 3.08723541e+02, 4.34147858e+02, 3.08281036e+02,
    4.42301086e+02, 3.07739471e+02, 4.50318512e+02, 3.07243958e+02,
    4.58089325e+02, 3.06652649e+02, 4.65756104e+02, 3.06177826e+02,
    4.23949768e+02, 3.17949951e+02, 4.32274292e+02, 3.17330200e+02,
    4.40447235e+02, 3.16808105e+02, 4.48457336e+02, 3.16122040e+02,
    4.56224304e+02, 3.15585236e+02, 4.63845490e+02, 3.14811523e+02,
    4.22297882e+02, 3.26873260e+02, 4.30637421e+02, 3.26352783e+02,
    4.38738800e+02, 3.25646210e+02, 4.46580688e+02, 3.24967163e+02,
    4.54414856e+02, 3.24165833e+02, 4.61999023e+02, 3.23644348e+02,
    4.20528625e+02, 3.35779358e+02, 4.28750336e+02, 3.35036621e+02,
    4.36852966e+02, 3.34410034e+02, 4.44796906e+02, 3.33603455e+02,
    4.52426819e+02, 3.32928314e+02, 4.59886566e+02, 3.31903320e+02,
    4.18660431e+02, 3.44402954e+02, 4.26939728e+02, 3.43600494e+02,
    4.34920532e+02, 3.42783051e+02, 4.42883301e+02, 3.42065582e+02,
    4.50404114e+02, 3.41199738e+02, 4.57612823e+02, 3.40563507e+02 ]
