%YAML:1.0
---
points: [ 1.43698230e+03, 5.14751892e+02, 1.46320044e+03, 5.16446228e+02,
    1.48880249e+03, 5.17789124e+02, 1.51389233e+03, 5.19096313e+02,
    1.53871301e+03, 5.20431946e+02, 1.56343311e+03, 5.21882812e+02,
    1.43132642e+03, 5.43577759e+02, 1.45736243e+03, 5.44779602e+02,
    1.48281067e+03, 5.46017578e+02, 1.50785974e+03, 5.47300720e+02,
    1.53287891e+03, 5.48592773e+02, 1.55763525e+03, 5.49674072e+02,
    1.42622449e+03, 5.71747681e+02, 1.45199292e+03, 5.72857483e+02,
    1.47751501e+03, 5.74097839e+02, 1.50257593e+03, 5.75112732e+02,
    1.52750757e+03, 5.75995178e+02, 1.55215271e+03, 5.77155029e+02,
    1.42149451e+03, 5.99945251e+02, 1.44729248e+03, 6.00972351e+02,
    1.47263208e+03, 6.01789612e+02, 1.49746655e+03, 6.02693054e+02,
    1.52238452e+03, 6.03485535e+02, 1.54683179e+03, 6.04353394e+02,
    1.41666248e+03, 6.27911682e+02, 1.44242480e+03, 6.28602844e+02,
    1.46763184e+03, 6.29415894e+02, 1.49248181e+03, 6.30095398e+02,
    1.51709082e+03, 6.30755005e+02, 1.54154456e+03, 6.31504395e+02,
    1.41203235e+03, 6.55473938e+02, 1.43763660e+03, 6.56186462e+02,
    1.46270752e+03, 6.56610046e+02, 1.48736499e+03, 6.57174622e+02,
    1.51194409e+03, 6.57781067e+02, 1.53640234e+03, 6.58450989e+02,
    1.40694214e+03, 6.82651550e+02, 1.43250110e+03, 6.83204285e+02,
    1.45767273e+03, 6.83654053e+02, 1.48230847e+03, 6.84138916e+02,
    1.50667273e+03, 6.84615112e+02, 1.53107983e+03, 6.85012756e+02,
    1.40206592e+03, 7.09442749e+02, 1.42749670e+03, 7.09810120e+02,
    1.45244409e+03, 7.10218506e+02, 1.47689282e+03, 7.10472290e+02,
    1.50141541e+03, 7.10759094e+02, 1.52557239e+03, 7.11194946e+02 ]
