%YAML:1.0
---
points: [ 4.42683228e+02, 1.94610931e+02, 4.51461761e+02, 1.94789642e+02,
    4.59906464e+02, 1.95442322e+02, 4.68196259e+02, 1.95731369e+02,
    4.76207367e+02, 1.96190140e+02, 4.84163513e+02, 1.96509995e+02,
    4.40792023e+02, 2.04403824e+02, 4.49383362e+02, 2.04814972e+02,
    4.57967499e+02, 2.05110840e+02, 4.66209930e+02, 2.05638351e+02,
    4.74284821e+02, 2.05749390e+02, 4.82213318e+02, 2.06235428e+02,
    4.38990631e+02, 2.14478607e+02, 4.47706299e+02, 2.14627457e+02,
    4.56115326e+02, 2.14886826e+02, 4.64413849e+02, 2.15141907e+02,
    4.72427795e+02, 2.15607803e+02, 4.80346161e+02, 2.15630859e+02,
    4.37368134e+02, 2.24010620e+02, 4.46127350e+02, 2.24416000e+02,
    4.54452179e+02, 2.24564178e+02, 4.62749756e+02, 2.24748810e+02,
    4.70743805e+02, 2.24800232e+02, 4.78492401e+02, 2.25172943e+02,
    4.35703766e+02, 2.33903061e+02, 4.44349670e+02, 2.33876053e+02,
    4.52729980e+02, 2.34181305e+02, 4.60970184e+02, 2.34358459e+02,
    4.68994019e+02, 2.34488419e+02, 4.76860077e+02, 2.34448624e+02,
    4.34166656e+02, 2.43533096e+02, 4.42672302e+02, 2.43688599e+02,
    4.51063690e+02, 2.43679916e+02, 4.59181091e+02, 2.43757202e+02,
    4.67245300e+02, 2.43696945e+02, 4.75030518e+02, 2.43864258e+02,
    4.32283844e+02, 2.52949295e+02, 4.40904358e+02, 2.52829041e+02,
    4.49261993e+02, 2.52965195e+02, 4.57395020e+02, 2.52914032e+02,
    4.65404358e+02, 2.52923264e+02, 4.73179718e+02, 2.52780106e+02,
    4.30573120e+02, 2.62212708e+02, 4.38984924e+02, 2.62298523e+02,
    4.47360291e+02, 2.62126190e+02, 4.55485809e+02, 2.62135742e+02,
    4.63496460e+02, 2.61954742e+02, 4.71302917e+02, 2.61970459e+02 ]
