%YAML:1.0
---
points: [ 1.39496448e+03, 8.07411072e+02, 1.42088721e+03, 8.07807617e+02,
    1.44589575e+03, 8.08236328e+02, 1.47051135e+03, 8.08596558e+02,
    1.49501770e+03, 8.08937317e+02, 1.51890845e+03, 8.09293701e+02,
    1.39418811e+03, 8.37035828e+02, 1.41975818e+03, 8.37312073e+02,
    1.44504834e+03, 8.37539246e+02, 1.46991602e+03, 8.37778137e+02,
    1.49467273e+03, 8.37946350e+02, 1.51872839e+03, 8.38099243e+02,
    1.39374634e+03, 8.66714417e+02, 1.41942615e+03, 8.66737793e+02,
    1.44475049e+03, 8.66811707e+02, 1.46980139e+03, 8.66838074e+02,
    1.49456860e+03, 8.66821594e+02, 1.51872156e+03, 8.66846680e+02,
    1.39378638e+03, 8.96893250e+02, 1.41951990e+03, 8.96766418e+02,
    1.44485779e+03, 8.96667053e+02, 1.46983923e+03, 8.96513611e+02,
    1.49463306e+03, 8.96316162e+02, 1.51877710e+03, 8.96113586e+02,
    1.39360852e+03, 9.27326599e+02, 1.41938855e+03, 9.26969788e+02,
    1.44473987e+03, 9.26582214e+02, 1.46986670e+03, 9.26158508e+02,
    1.49465527e+03, 9.25647156e+02, 1.51893445e+03, 9.25236694e+02,
    1.39355640e+03, 9.57724670e+02, 1.41938013e+03, 9.57259277e+02,
    1.44472668e+03, 9.56666260e+02, 1.46982056e+03, 9.55934082e+02,
    1.49466394e+03, 9.55452698e+02, 1.51911487e+03, 9.54798401e+02,
    1.39286670e+03, 9.88190491e+02, 1.41891492e+03, 9.87516113e+02,
    1.44452051e+03, 9.86776184e+02, 1.46969714e+03, 9.85975220e+02,
    1.49461401e+03, 9.85303101e+02, 1.51905994e+03, 9.84426636e+02,
    1.39231702e+03, 1.01877515e+03, 1.41830603e+03, 1.01785767e+03,
    1.44409827e+03, 1.01693634e+03, 1.46926196e+03, 1.01595099e+03,
    1.49424158e+03, 1.01475909e+03, 1.51862378e+03, 1.01394116e+03 ]
