%YAML:1.0
---
points: [ 4.25372253e+02, 1.03570488e+02, 4.34069244e+02, 1.04479477e+02,
    4.42235321e+02, 1.05450211e+02, 4.50378662e+02, 1.06281662e+02,
    4.58152618e+02, 1.07298409e+02, 4.65882172e+02, 1.08062645e+02,
    4.22122406e+02, 1.13862061e+02, 4.30668854e+02, 1.14712547e+02,
    4.38913025e+02, 1.15572456e+02, 4.47024811e+02, 1.16394936e+02,
    4.54970154e+02, 1.17104866e+02, 4.62480408e+02, 1.18067108e+02,
    4.18922729e+02, 1.24249870e+02, 4.27529602e+02, 1.24797462e+02,
    4.35764435e+02, 1.25623283e+02, 4.43852173e+02, 1.26240883e+02,
    4.51759949e+02, 1.26927002e+02, 4.59334534e+02, 1.27545349e+02,
    4.16110077e+02, 1.34147415e+02, 4.24508087e+02, 1.34840912e+02,
    4.32792145e+02, 1.35450180e+02, 4.40761536e+02, 1.35965714e+02,
    4.48720581e+02, 1.36590347e+02, 4.56216858e+02, 1.37231384e+02,
    4.13108154e+02, 1.44082794e+02, 4.21465607e+02, 1.44574631e+02,
    4.29784790e+02, 1.44980133e+02, 4.37707245e+02, 1.45582977e+02,
    4.45521149e+02, 1.45944733e+02, 4.53152435e+02, 1.46518692e+02,
    4.10257355e+02, 1.53709320e+02, 4.18590393e+02, 1.54158829e+02,
    4.26690643e+02, 1.54596100e+02, 4.34670837e+02, 1.54860260e+02,
    4.42607330e+02, 1.55302826e+02, 4.50138031e+02, 1.55762054e+02,
    4.07265991e+02, 1.63173447e+02, 4.15605713e+02, 1.63480118e+02,
    4.23649292e+02, 1.63811020e+02, 4.31741333e+02, 1.64036438e+02,
    4.39308105e+02, 1.64582184e+02, 4.46948395e+02, 1.64692520e+02,
    4.04445190e+02, 1.72284897e+02, 4.12519287e+02, 1.72634750e+02,
    4.20664215e+02, 1.72689667e+02, 4.28560455e+02, 1.72933029e+02,
    4.36358002e+02, 1.73228836e+02, 4.43779877e+02, 1.73674774e+02 ]
