%YAML:1.0
---
points: [ 3.93146393e+02, 1.01006050e+02, 4.03474823e+02, 1.01098282e+02,
    4.14079010e+02, 1.02508331e+02, 4.24160248e+02, 1.03143616e+02,
    4.34074097e+02, 1.03891228e+02, 4.43903168e+02, 1.04684975e+02,
    3.90397308e+02, 1.12499199e+02, 4.00807678e+02, 1.13109024e+02,
    4.11140259e+02, 1.13771294e+02, 4.21065063e+02, 1.14528625e+02,
    4.31069946e+02, 1.14991844e+02, 4.40769562e+02, 1.15801796e+02,
    3.87741211e+02, 1.23739204e+02, 3.98142181e+02, 1.24236969e+02,
    4.08283447e+02, 1.24819183e+02, 4.18345367e+02, 1.25400574e+02,
    4.28175446e+02, 1.25880089e+02, 4.37860626e+02, 1.26473381e+02,
    3.85362732e+02, 1.34666046e+02, 3.95616974e+02, 1.35187149e+02,
    4.05671173e+02, 1.35620316e+02, 4.15589355e+02, 1.36093567e+02,
    4.25365692e+02, 1.36593216e+02, 4.34966461e+02, 1.37136139e+02,
    3.82864960e+02, 1.45553955e+02, 3.93001251e+02, 1.45785507e+02,
    4.03049561e+02, 1.46259918e+02, 4.12874603e+02, 1.46629684e+02,
    4.22609924e+02, 1.47034592e+02, 4.32163666e+02, 1.47503128e+02,
    3.80564423e+02, 1.55858246e+02, 3.90625641e+02, 1.56318619e+02,
    4.00478577e+02, 1.56634720e+02, 4.10242767e+02, 1.56894852e+02,
    4.19840057e+02, 1.57259613e+02, 4.29372894e+02, 1.57685410e+02,
    3.78122131e+02, 1.66159531e+02, 3.88037384e+02, 1.66366211e+02,
    3.97921112e+02, 1.66729080e+02, 4.07598755e+02, 1.66890503e+02,
    4.17136963e+02, 1.67299271e+02, 4.26611664e+02, 1.67590027e+02,
    3.75753693e+02, 1.75992783e+02, 3.85548828e+02, 1.76272400e+02,
    3.95306335e+02, 1.76487106e+02, 4.04892456e+02, 1.76734436e+02,
    4.14406830e+02, 1.76873505e+02, 4.23755829e+02, 1.77261688e+02 ]
