%YAML:1.0
---
points: [ 1.28959497e+03, 2.45424805e+02, 1.32054333e+03, 2.47568176e+02,
    1.35083179e+03, 2.49574356e+02, 1.38093872e+03, 2.51556335e+02,
    1.41073169e+03, 2.53586716e+02, 1.44030029e+03, 2.55526367e+02,
    1.28180603e+03, 2.78460571e+02, 1.31222754e+03, 2.80497375e+02,
    1.34256140e+03, 2.82255981e+02, 1.37221301e+03, 2.84036530e+02,
    1.40173584e+03, 2.85865295e+02, 1.43125964e+03, 2.87603668e+02,
    1.27468201e+03, 3.10637482e+02, 1.30481653e+03, 3.12449951e+02,
    1.33455432e+03, 3.14019897e+02, 1.36426526e+03, 3.15771667e+02,
    1.39340088e+03, 3.17410889e+02, 1.42247668e+03, 3.18957794e+02,
    1.26811011e+03, 3.42158661e+02, 1.29768164e+03, 3.43793091e+02,
    1.32738635e+03, 3.45288544e+02, 1.35642053e+03, 3.46570892e+02,
    1.38532996e+03, 3.48178406e+02, 1.41387549e+03, 3.49534698e+02,
    1.26140601e+03, 3.72835266e+02, 1.29084436e+03, 3.74373230e+02,
    1.31998401e+03, 3.75662811e+02, 1.34879663e+03, 3.76887268e+02,
    1.37738452e+03, 3.78219208e+02, 1.40567407e+03, 3.79565765e+02,
    1.25511633e+03, 4.02936035e+02, 1.28433716e+03, 4.04228271e+02,
    1.31284009e+03, 4.05299469e+02, 1.34140930e+03, 4.06537415e+02,
    1.36959436e+03, 4.07608643e+02, 1.39769312e+03, 4.08656342e+02,
    1.24861487e+03, 4.31982849e+02, 1.27738440e+03, 4.33122589e+02,
    1.30597681e+03, 4.34209229e+02, 1.33401208e+03, 4.35241241e+02,
    1.36203174e+03, 4.36236572e+02, 1.38985474e+03, 4.37265594e+02,
    1.24241199e+03, 4.60206696e+02, 1.27052588e+03, 4.61133301e+02,
    1.29885864e+03, 4.62100403e+02, 1.32676990e+03, 4.63048615e+02,
    1.35450671e+03, 4.64038696e+02, 1.38181519e+03, 4.64921509e+02 ]
