%YAML:1.0
---
points: [ 1.24330090e+03, 5.90246216e+02, 1.27220300e+03, 5.91264038e+02,
    1.30064539e+03, 5.92171021e+02, 1.32862927e+03, 5.92971680e+02,
    1.35659668e+03, 5.93899841e+02, 1.38438855e+03, 5.94874695e+02,
    1.24028821e+03, 6.19925842e+02, 1.26892310e+03, 6.20798462e+02,
    1.29728638e+03, 6.21645447e+02, 1.32539294e+03, 6.22545715e+02,
    1.35340491e+03, 6.23215576e+02, 1.38093396e+03, 6.23919006e+02,
    1.23749133e+03, 6.49688049e+02, 1.26607812e+03, 6.50284180e+02,
    1.29456848e+03, 6.50847656e+02, 1.32251721e+03, 6.51510620e+02,
    1.35026001e+03, 6.52159607e+02, 1.37796875e+03, 6.53011536e+02,
    1.23503308e+03, 6.79156128e+02, 1.26358716e+03, 6.79770447e+02,
    1.29168518e+03, 6.80304749e+02, 1.31973279e+03, 6.80792664e+02,
    1.34755920e+03, 6.81338684e+02, 1.37516211e+03, 6.81698608e+02,
    1.23266150e+03, 7.08528198e+02, 1.26096960e+03, 7.08844421e+02,
    1.28933496e+03, 7.09307739e+02, 1.31704443e+03, 7.09651123e+02,
    1.34462085e+03, 7.10159058e+02, 1.37220605e+03, 7.10460449e+02,
    1.23023047e+03, 7.37865906e+02, 1.25860608e+03, 7.38198303e+02,
    1.28646826e+03, 7.38458069e+02, 1.31431543e+03, 7.38667419e+02,
    1.34196716e+03, 7.38839600e+02, 1.36939929e+03, 7.39117493e+02,
    1.22754175e+03, 7.66665955e+02, 1.25570251e+03, 7.66800354e+02,
    1.28388708e+03, 7.67081909e+02, 1.31154858e+03, 7.67268921e+02,
    1.33896216e+03, 7.67317688e+02, 1.36641394e+03, 7.67447327e+02,
    1.22469885e+03, 7.95450195e+02, 1.25299109e+03, 7.95484192e+02,
    1.28091321e+03, 7.95548767e+02, 1.30842114e+03, 7.95576416e+02,
    1.33605969e+03, 7.95625244e+02, 1.36343811e+03, 7.95705933e+02 ]
