%YAML:1.0
---
points: [ 3.76831207e+02, 2.21397217e+02, 3.86818878e+02, 2.21566269e+02,
    3.96688629e+02, 2.21834747e+02, 4.06296783e+02, 2.22059525e+02,
    4.15838470e+02, 2.22331604e+02, 4.25277710e+02, 2.22521545e+02,
    3.75767395e+02, 2.31727951e+02, 3.85640259e+02, 2.31993378e+02,
    3.95501740e+02, 2.32120483e+02, 4.05089844e+02, 2.32386734e+02,
    4.14738373e+02, 2.32502182e+02, 4.24137543e+02, 2.32753433e+02,
    3.74842224e+02, 2.42136032e+02, 3.84766968e+02, 2.42224792e+02,
    3.94570679e+02, 2.42397263e+02, 4.04186401e+02, 2.42538666e+02,
    4.13677246e+02, 2.42697784e+02, 4.23148193e+02, 2.42692429e+02,
    3.73971924e+02, 2.52289276e+02, 3.83994446e+02, 2.52492767e+02,
    3.93651398e+02, 2.52586182e+02, 4.03279449e+02, 2.52664246e+02,
    4.12704987e+02, 2.52673126e+02, 4.22095673e+02, 2.52799362e+02,
    3.73156128e+02, 2.62712921e+02, 3.83098206e+02, 2.62679565e+02,
    3.92697449e+02, 2.62736206e+02, 4.02233612e+02, 2.62682159e+02,
    4.11752777e+02, 2.62789764e+02, 4.21047516e+02, 2.62707672e+02,
    3.72373352e+02, 2.72821045e+02, 3.82177246e+02, 2.72878693e+02,
    3.91872192e+02, 2.72798035e+02, 4.01307343e+02, 2.72847473e+02,
    4.10783661e+02, 2.72715637e+02, 4.20128998e+02, 2.72744934e+02,
    3.71455505e+02, 2.82953461e+02, 3.81265259e+02, 2.82859680e+02,
    3.90821350e+02, 2.82855591e+02, 4.00395660e+02, 2.82695740e+02,
    4.09720978e+02, 2.82711731e+02, 4.19121796e+02, 2.82524475e+02,
    3.70582886e+02, 2.92901794e+02, 3.80243469e+02, 2.92798187e+02,
    3.89818695e+02, 2.92593292e+02, 3.99324615e+02, 2.92558228e+02,
    4.08649567e+02, 2.92348511e+02, 4.17926361e+02, 2.92330719e+02 ]
