%YAML:1.0
---
points: [ 3.72523315e+02, 2.78905853e+02, 3.82516235e+02, 2.78846985e+02,
    3.92236420e+02, 2.78872986e+02, 4.01870056e+02, 2.78657806e+02,
    4.11321564e+02, 2.78548096e+02, 4.20722443e+02, 2.78387970e+02,
    3.71522095e+02, 2.89077545e+02, 3.81336884e+02, 2.89023071e+02,
    3.91118195e+02, 2.88788116e+02, 4.00697693e+02, 2.88757599e+02,
    4.10215698e+02, 2.88567108e+02, 4.19545776e+02, 2.88442841e+02,
    3.70575226e+02, 2.99265411e+02, 3.80387817e+02, 2.99041351e+02,
    3.90166199e+02, 2.98971954e+02, 3.99731018e+02, 2.98693298e+02,
    4.09188660e+02, 2.98498077e+02, 4.18628326e+02, 2.98210419e+02,
    3.69807251e+02, 3.09384338e+02, 3.79636322e+02, 3.09215729e+02,
    3.89254578e+02, 3.08829102e+02, 3.98806549e+02, 3.08726807e+02,
    4.08194733e+02, 3.08249939e+02, 4.17477203e+02, 3.08037994e+02,
    3.68947479e+02, 3.19496490e+02, 3.78722626e+02, 3.19164001e+02,
    3.88325409e+02, 3.18885223e+02, 3.97802460e+02, 3.18565491e+02,
    4.07160217e+02, 3.18193237e+02, 4.16372742e+02, 3.17773102e+02,
    3.68163696e+02, 3.29441681e+02, 3.77882202e+02, 3.29093109e+02,
    3.87418640e+02, 3.28761261e+02, 3.96823120e+02, 3.28322266e+02,
    4.06161896e+02, 3.27842285e+02, 4.15354218e+02, 3.27529785e+02,
    3.67220184e+02, 3.39316101e+02, 3.76870209e+02, 3.38881287e+02,
    3.86384888e+02, 3.38594086e+02, 3.95795013e+02, 3.38043182e+02,
    4.05116669e+02, 3.37606750e+02, 4.14206055e+02, 3.36941986e+02,
    3.66224457e+02, 3.49034821e+02, 3.75874481e+02, 3.48541046e+02,
    3.85285278e+02, 3.48021271e+02, 3.94687469e+02, 3.47528320e+02,
    4.03787872e+02, 3.46856873e+02, 4.13092133e+02, 3.46495270e+02 ]
