%YAML:1.0
---
points: [ 2.42957001e+02, 3.05275024e+02, 2.54255249e+02, 3.04764313e+02,
    2.65447449e+02, 3.04207672e+02, 2.76292084e+02, 3.03737396e+02,
    2.87166016e+02, 3.03157349e+02, 2.97822205e+02, 3.02654633e+02,
    2.42553314e+02, 3.16030884e+02, 2.53713303e+02, 3.15436432e+02,
    2.64828491e+02, 3.14907501e+02, 2.75691742e+02, 3.14296265e+02,
    2.86541626e+02, 3.13771301e+02, 2.97171722e+02, 3.13170258e+02,
    2.42070663e+02, 3.26787994e+02, 2.53272980e+02, 3.26149689e+02,
    2.64313629e+02, 3.25486969e+02, 2.75162415e+02, 3.24844696e+02,
    2.85938171e+02, 3.24186890e+02, 2.96512726e+02, 3.23523956e+02,
    2.41685440e+02, 3.37562408e+02, 2.52819641e+02, 3.36879395e+02,
    2.63817169e+02, 3.36134735e+02, 2.74659485e+02, 3.35416229e+02,
    2.85324066e+02, 3.34607422e+02, 2.95973389e+02, 3.33928589e+02,
    2.41292297e+02, 3.48207672e+02, 2.52352280e+02, 3.47366638e+02,
    2.63318970e+02, 3.46679443e+02, 2.74075592e+02, 3.45802551e+02,
    2.84800232e+02, 3.45045776e+02, 2.95260925e+02, 3.44192657e+02,
    2.40801651e+02, 3.58840393e+02, 2.51941437e+02, 3.57953674e+02,
    2.62817200e+02, 3.57046295e+02, 2.73618988e+02, 3.56151123e+02,
    2.84175781e+02, 3.55264496e+02, 2.94685425e+02, 3.54439880e+02,
    2.40551910e+02, 3.69052460e+02, 2.51477432e+02, 3.68184143e+02,
    2.62384949e+02, 3.67293060e+02, 2.72943451e+02, 3.66392822e+02,
    2.83650421e+02, 3.65449249e+02, 2.93980164e+02, 3.64529938e+02,
    2.39885956e+02, 3.79259125e+02, 2.50968781e+02, 3.78231293e+02,
    2.61733093e+02, 3.77252441e+02, 2.72573425e+02, 3.76184448e+02,
    2.82847504e+02, 3.75307617e+02, 2.93501099e+02, 3.74405273e+02 ]
