%YAML:1.0
---
points: [ 8.73607239e+02, 6.87424683e+02, 9.06116089e+02, 6.87369141e+02,
    9.38139465e+02, 6.87254211e+02, 9.69651550e+02, 6.86927490e+02,
    1.00089868e+03, 6.86743103e+02, 1.03161719e+03, 6.86607605e+02,
    8.71976746e+02, 7.18652954e+02, 9.04292297e+02, 7.18398132e+02,
    9.36326233e+02, 7.17987793e+02, 9.67637451e+02, 7.17660645e+02,
    9.98618652e+02, 7.17342529e+02, 1.02939612e+03, 7.17015991e+02,
    8.70546692e+02, 7.49657349e+02, 9.02718506e+02, 7.49171692e+02,
    9.34477661e+02, 7.48647827e+02, 9.65862976e+02, 7.48135437e+02,
    9.96813416e+02, 7.47461182e+02, 1.02749939e+03, 7.46872131e+02,
    8.69305603e+02, 7.80735474e+02, 9.01437317e+02, 7.79952332e+02,
    9.33013367e+02, 7.79245422e+02, 9.64243774e+02, 7.78359680e+02,
    9.95127258e+02, 7.77585754e+02, 1.02553235e+03, 7.76801208e+02,
    8.68003906e+02, 8.11550598e+02, 9.00015686e+02, 8.10478210e+02,
    9.31476868e+02, 8.09494446e+02, 9.62507446e+02, 8.08587036e+02,
    9.93111816e+02, 8.07673584e+02, 1.02347992e+03, 8.06778748e+02,
    8.66535339e+02, 8.42111511e+02, 8.98390137e+02, 8.40852722e+02,
    9.29751099e+02, 8.39604431e+02, 9.60698730e+02, 8.38477539e+02,
    9.91360046e+02, 8.37449646e+02, 1.02166577e+03, 8.36266846e+02,
    8.65191956e+02, 8.71968384e+02, 8.96924866e+02, 8.70704102e+02,
    9.28147888e+02, 8.69562988e+02, 9.59120422e+02, 8.68231079e+02,
    9.89575195e+02, 8.66780945e+02, 1.01962512e+03, 8.65587463e+02,
    8.63875183e+02, 9.01733582e+02, 8.95400574e+02, 9.00210266e+02,
    9.26608215e+02, 8.98580383e+02, 9.57247986e+02, 8.97267090e+02,
    9.87500854e+02, 8.95914673e+02, 1.01772278e+03, 8.94488953e+02 ]
