%YAML:1.0
---
points: [ 2.49813446e+02, 2.56224335e+02, 2.61010284e+02, 2.56066528e+02,
    2.72055786e+02, 2.55949600e+02, 2.82791870e+02, 2.55730865e+02,
    2.93445618e+02, 2.55638306e+02, 3.04113159e+02, 2.55436020e+02,
    2.49281845e+02, 2.66998138e+02, 2.60343628e+02, 2.66821869e+02,
    2.71295502e+02, 2.66569275e+02, 2.82098816e+02, 2.66369019e+02,
    2.92802063e+02, 2.66243286e+02, 3.03328156e+02, 2.66090332e+02,
    2.48808548e+02, 2.77864136e+02, 2.59868469e+02, 2.77496643e+02,
    2.70767090e+02, 2.77287659e+02, 2.81484985e+02, 2.77035919e+02,
    2.92166534e+02, 2.76794800e+02, 3.02657593e+02, 2.76483948e+02,
    2.48347992e+02, 2.88630005e+02, 2.59400421e+02, 2.88307648e+02,
    2.70235748e+02, 2.87931335e+02, 2.80966431e+02, 2.87612701e+02,
    2.91501465e+02, 2.87257294e+02, 3.02049255e+02, 2.86994598e+02,
    2.47930435e+02, 2.99346008e+02, 2.58927643e+02, 2.98955719e+02,
    2.69735748e+02, 2.98491669e+02, 2.80410767e+02, 2.98144592e+02,
    2.90999634e+02, 2.97652527e+02, 3.01388184e+02, 2.97352997e+02,
    2.47476257e+02, 3.10086823e+02, 2.58437622e+02, 3.09537201e+02,
    2.69183380e+02, 3.09047974e+02, 2.79808411e+02, 3.08554810e+02,
    2.90359589e+02, 3.08135468e+02, 3.00804932e+02, 3.07598145e+02,
    2.46982666e+02, 3.20473999e+02, 2.57879883e+02, 3.19956421e+02,
    2.68666962e+02, 3.19437408e+02, 2.79228210e+02, 3.18906067e+02,
    2.89767212e+02, 3.18350342e+02, 3.00147797e+02, 3.17874054e+02,
    2.46563751e+02, 3.30819427e+02, 2.57398468e+02, 3.30201538e+02,
    2.68092102e+02, 3.29611786e+02, 2.78613770e+02, 3.29045319e+02,
    2.89120239e+02, 3.28467010e+02, 2.99449493e+02, 3.27918243e+02 ]
