%YAML:1.0
---
points: [ 2.61624390e+02, 2.04532761e+02, 2.72695190e+02, 2.04865601e+02,
    2.83651306e+02, 2.05204681e+02, 2.94336914e+02, 2.05353775e+02,
    3.05096832e+02, 2.05589951e+02, 3.15619934e+02, 2.05867462e+02,
    2.61039307e+02, 2.15509811e+02, 2.72011261e+02, 2.15801453e+02,
    2.82924835e+02, 2.16057449e+02, 2.93574768e+02, 2.16291580e+02,
    3.04299408e+02, 2.16409073e+02, 3.14818329e+02, 2.16584961e+02,
    2.60417419e+02, 2.26502731e+02, 2.71338562e+02, 2.26668198e+02,
    2.82226532e+02, 2.26858307e+02, 2.92945679e+02, 2.27030792e+02,
    3.03510620e+02, 2.27157501e+02, 3.14081360e+02, 2.27236267e+02,
    2.59982910e+02, 2.37372849e+02, 2.70849579e+02, 2.37466812e+02,
    2.81601807e+02, 2.37618423e+02, 2.92232605e+02, 2.37749405e+02,
    3.02816284e+02, 2.37786926e+02, 3.13311829e+02, 2.37922104e+02,
    2.59395020e+02, 2.48218781e+02, 2.70302429e+02, 2.48326630e+02,
    2.81066833e+02, 2.48306259e+02, 2.91577789e+02, 2.48289734e+02,
    3.02182343e+02, 2.48362534e+02, 3.12598816e+02, 2.48359207e+02,
    2.58941650e+02, 2.59039520e+02, 2.69721954e+02, 2.59005371e+02,
    2.80351105e+02, 2.58976776e+02, 2.90966705e+02, 2.58993317e+02,
    3.01437439e+02, 2.58904572e+02, 3.11851562e+02, 2.58928925e+02,
    2.58279999e+02, 2.69593231e+02, 2.69098877e+02, 2.69490051e+02,
    2.79837402e+02, 2.69413239e+02, 2.90299377e+02, 2.69358459e+02,
    3.00848541e+02, 2.69277802e+02, 3.11169434e+02, 2.69263458e+02,
    2.57709930e+02, 2.80044281e+02, 2.68476440e+02, 2.79949646e+02,
    2.79155273e+02, 2.79745575e+02, 2.89602356e+02, 2.79652985e+02,
    3.00081390e+02, 2.79457397e+02, 3.10401123e+02, 2.79436218e+02 ]
