%YAML:1.0
---
points: [ 9.10939026e+02, 8.10520508e+02, 9.43418335e+02, 8.10805054e+02,
    9.75389160e+02, 8.11101379e+02, 1.00698730e+03, 8.11231140e+02,
    1.03841174e+03, 8.11278442e+02, 1.06946863e+03, 8.11478943e+02,
    9.09530579e+02, 8.43871277e+02, 9.42054321e+02, 8.43959045e+02,
    9.74228271e+02, 8.43944763e+02, 1.00597614e+03, 8.44033020e+02,
    1.03748901e+03, 8.44042908e+02, 1.06872876e+03, 8.44136719e+02,
    9.08198792e+02, 8.77593933e+02, 9.40881226e+02, 8.77384277e+02,
    9.73270508e+02, 8.77231750e+02, 1.00510669e+03, 8.77110413e+02,
    1.03668677e+03, 8.76913635e+02, 1.06810107e+03, 8.76775574e+02,
    9.07034058e+02, 9.11813782e+02, 9.39820374e+02, 9.11455750e+02,
    9.72255920e+02, 9.11127930e+02, 1.00415979e+03, 9.10691528e+02,
    1.03597546e+03, 9.10312866e+02, 1.06732507e+03, 9.10020325e+02,
    9.05887817e+02, 9.46143921e+02, 9.38734802e+02, 9.45613342e+02,
    9.71241577e+02, 9.45066772e+02, 1.00325732e+03, 9.44547363e+02,
    1.03511487e+03, 9.44046936e+02, 1.06666370e+03, 9.43647888e+02,
    9.04685303e+02, 9.80993286e+02, 9.37680359e+02, 9.80288940e+02,
    9.70315735e+02, 9.79436523e+02, 1.00245587e+03, 9.78663574e+02,
    1.03437402e+03, 9.77830444e+02, 1.06614417e+03, 9.77289001e+02,
    9.03198975e+02, 1.01567352e+03, 9.36513611e+02, 1.01465607e+03,
    9.69321594e+02, 1.01380365e+03, 1.00155469e+03, 1.01298157e+03,
    1.03355750e+03, 1.01216193e+03, 1.06544751e+03, 1.01130939e+03,
    9.01843750e+02, 1.05046484e+03, 9.35056458e+02, 1.04937952e+03,
    9.68198120e+02, 1.04841382e+03, 1.00059131e+03, 1.04723572e+03,
    1.03279041e+03, 1.04621436e+03, 1.06470471e+03, 1.04514331e+03 ]
