%YAML:1.0
---
points: [ 2.75839722e+02, 7.50565948e+01, 2.88044922e+02, 7.58717117e+01,
    2.99986206e+02, 7.65935135e+01, 3.11847107e+02, 7.72420883e+01,
    3.23478149e+02, 7.80347748e+01, 3.35144653e+02, 7.87024841e+01,
    2.74538574e+02, 8.78988190e+01, 2.86501984e+02, 8.84988861e+01,
    2.98320007e+02, 8.92164459e+01, 3.09995636e+02, 8.99069824e+01,
    3.21528656e+02, 9.04429779e+01, 3.33023590e+02, 9.11207123e+01,
    2.73360779e+02, 1.00327805e+02, 2.85126282e+02, 1.01008980e+02,
    2.96804382e+02, 1.01462952e+02, 3.08253540e+02, 1.02112366e+02,
    3.19709534e+02, 1.02610100e+02, 3.30972687e+02, 1.03153458e+02,
    2.72278809e+02, 1.12470177e+02, 2.83816254e+02, 1.13124596e+02,
    2.95348572e+02, 1.13468979e+02, 3.06631592e+02, 1.14113098e+02,
    3.17869598e+02, 1.14438675e+02, 3.29027313e+02, 1.15020195e+02,
    2.71140442e+02, 1.24265450e+02, 2.82560394e+02, 1.24757706e+02,
    2.93890839e+02, 1.25207993e+02, 3.05029968e+02, 1.25547119e+02,
    3.16103607e+02, 1.26107903e+02, 3.27146027e+02, 1.26371277e+02,
    2.70114838e+02, 1.35780823e+02, 2.81350128e+02, 1.36182648e+02,
    2.92469879e+02, 1.36429932e+02, 3.03485779e+02, 1.36914444e+02,
    3.14385101e+02, 1.37217743e+02, 3.25305969e+02, 1.37461975e+02,
    2.69030792e+02, 1.46744766e+02, 2.80118652e+02, 1.47201385e+02,
    2.91082703e+02, 1.47395844e+02, 3.01953247e+02, 1.47794174e+02,
    3.12733215e+02, 1.48128525e+02, 3.23459930e+02, 1.48302170e+02,
    2.67950531e+02, 1.57335632e+02, 2.78869690e+02, 1.57713287e+02,
    2.89694366e+02, 1.58040619e+02, 3.00484436e+02, 1.58241379e+02,
    3.11042084e+02, 1.58458542e+02, 3.21661224e+02, 1.58825089e+02 ]
