%YAML:1.0
---
points: [ 1.82401901e+02, 2.84446869e+02, 1.94286087e+02, 2.84477539e+02,
    2.06162262e+02, 2.84478973e+02, 2.17670441e+02, 2.84574829e+02,
    2.29265930e+02, 2.84647949e+02, 2.40732391e+02, 2.84673615e+02,
    1.82050812e+02, 2.96285950e+02, 1.93878799e+02, 2.96275299e+02,
    2.05613586e+02, 2.96241852e+02, 2.17304184e+02, 2.96206329e+02,
    2.28926666e+02, 2.96262390e+02, 2.40456924e+02, 2.96315399e+02,
    1.81547882e+02, 3.08132385e+02, 1.93447815e+02, 3.08127533e+02,
    2.05260117e+02, 3.08051605e+02, 2.16984253e+02, 3.08089447e+02,
    2.28565857e+02, 3.07995483e+02, 2.40173264e+02, 3.08006714e+02,
    1.81139496e+02, 3.20029724e+02, 1.93100266e+02, 3.20048920e+02,
    2.04851822e+02, 3.19949768e+02, 2.16619431e+02, 3.19876068e+02,
    2.28261337e+02, 3.19779541e+02, 2.39819183e+02, 3.19712616e+02,
    1.80689804e+02, 3.32076263e+02, 1.92641953e+02, 3.31980743e+02,
    2.04536575e+02, 3.31828583e+02, 2.16262421e+02, 3.31731018e+02,
    2.27850052e+02, 3.31622040e+02, 2.39594147e+02, 3.31522827e+02,
    1.80295547e+02, 3.44085876e+02, 1.92321930e+02, 3.43906006e+02,
    2.04107605e+02, 3.43781006e+02, 2.15867767e+02, 3.43689972e+02,
    2.27593445e+02, 3.43471191e+02, 2.39323013e+02, 3.43391083e+02,
    1.79924606e+02, 3.55977692e+02, 1.91804504e+02, 3.55907074e+02,
    2.03787720e+02, 3.55741272e+02, 2.15598129e+02, 3.55574280e+02,
    2.27323608e+02, 3.55508606e+02, 2.38908127e+02, 3.55291962e+02,
    1.79555145e+02, 3.67871216e+02, 1.91635498e+02, 3.67743774e+02,
    2.03477554e+02, 3.67590912e+02, 2.15323959e+02, 3.67447052e+02,
    2.26863373e+02, 3.67316376e+02, 2.38759338e+02, 3.67187866e+02 ]
