%YAML:1.0
---
points: [ 6.77030884e+02, 7.66757141e+02, 7.11495300e+02, 7.67322876e+02,
    7.45477417e+02, 7.67689026e+02, 7.79312439e+02, 7.68229614e+02,
    8.12738037e+02, 7.68703064e+02, 8.46030762e+02, 7.69227356e+02,
    6.75509827e+02, 8.00796753e+02, 7.09911987e+02, 8.01140930e+02,
    7.44055176e+02, 8.01409546e+02, 7.77786743e+02, 8.01799072e+02,
    8.11366211e+02, 8.02241089e+02, 8.44742859e+02, 8.02559631e+02,
    6.73878845e+02, 8.34783081e+02, 7.08266479e+02, 8.35006775e+02,
    7.42509888e+02, 8.35258545e+02, 7.76250793e+02, 8.35480408e+02,
    8.09968689e+02, 8.35684021e+02, 8.43493835e+02, 8.35884583e+02,
    6.71863037e+02, 8.69338440e+02, 7.06638794e+02, 8.69435242e+02,
    7.40758972e+02, 8.69526733e+02, 7.74790955e+02, 8.69613403e+02,
    8.08422058e+02, 8.69700500e+02, 8.42150208e+02, 8.69742615e+02,
    6.70145081e+02, 9.03864929e+02, 7.04939331e+02, 9.03752563e+02,
    7.39119995e+02, 9.03767212e+02, 7.73302917e+02, 9.03738403e+02,
    8.07024231e+02, 9.03700623e+02, 8.40728516e+02, 9.03661072e+02,
    6.68414062e+02, 9.38778503e+02, 7.02988220e+02, 9.38602112e+02,
    7.37575256e+02, 9.38466187e+02, 7.71570984e+02, 9.38309509e+02,
    8.05702209e+02, 9.38084045e+02, 8.39343689e+02, 9.38005493e+02,
    6.66523682e+02, 9.73556213e+02, 7.01492310e+02, 9.73284058e+02,
    7.35909363e+02, 9.72946350e+02, 7.70136841e+02, 9.72731750e+02,
    8.04127991e+02, 9.72531006e+02, 8.38075439e+02, 9.72253357e+02,
    6.64974792e+02, 1.00821301e+03, 6.99917114e+02, 1.00783899e+03,
    7.34312927e+02, 1.00759619e+03, 7.68705200e+02, 1.00727283e+03,
    8.02727234e+02, 1.00697101e+03, 8.36692505e+02, 1.00664374e+03 ]
