%YAML:1.0
---
points: [ 1.89557556e+02, 4.53570251e+01, 2.02870483e+02, 4.62094078e+01,
    2.15958954e+02, 4.69827957e+01, 2.29069321e+02, 4.78403778e+01,
    2.42092041e+02, 4.88020668e+01, 2.55179688e+02, 4.95812721e+01,
    1.89821136e+02, 5.91594849e+01, 2.02815247e+02, 5.99411697e+01,
    2.15902481e+02, 6.08802528e+01, 2.28655319e+02, 6.16959991e+01,
    2.41582642e+02, 6.24721298e+01, 2.54229935e+02, 6.33081436e+01,
    1.90065125e+02, 7.26492996e+01, 2.02966110e+02, 7.33762970e+01,
    2.15690109e+02, 7.41872101e+01, 2.28379700e+02, 7.50596619e+01,
    2.40883682e+02, 7.57885361e+01, 2.53502808e+02, 7.64631729e+01,
    1.90439636e+02, 8.56706924e+01, 2.03041061e+02, 8.64400482e+01,
    2.15590958e+02, 8.72362442e+01, 2.27960526e+02, 8.79812088e+01,
    2.40357224e+02, 8.86267624e+01, 2.52687714e+02, 8.92783737e+01,
    1.90693848e+02, 9.82809143e+01, 2.03135284e+02, 9.91081161e+01,
    2.15451965e+02, 9.98298569e+01, 2.27672409e+02, 1.00428368e+02,
    2.39813217e+02, 1.01193619e+02, 2.51892059e+02, 1.01815216e+02,
    1.91055664e+02, 1.10681786e+02, 2.03227386e+02, 1.11309723e+02,
    2.15317978e+02, 1.12029854e+02, 2.27373367e+02, 1.12543526e+02,
    2.39290726e+02, 1.13201172e+02, 2.51210831e+02, 1.13892563e+02,
    1.91336349e+02, 1.22352974e+02, 2.03342392e+02, 1.23133987e+02,
    2.15258621e+02, 1.23738853e+02, 2.27082352e+02, 1.24315598e+02,
    2.38824875e+02, 1.25005798e+02, 2.50465729e+02, 1.25420616e+02,
    1.91561707e+02, 1.33828674e+02, 2.03359131e+02, 1.34328293e+02,
    2.15204590e+02, 1.35008301e+02, 2.26729523e+02, 1.35472122e+02,
    2.38318588e+02, 1.36187424e+02, 2.49844803e+02, 1.36675537e+02 ]
