%YAML:1.0
---
points: [ 6.96298645e+02, 7.87509537e+01, 7.34636108e+02, 8.20775681e+01,
    7.73041626e+02, 8.53164673e+01, 8.10911072e+02, 8.80953979e+01,
    8.48563538e+02, 9.12937546e+01, 8.86146606e+02, 9.40148926e+01,
    6.98262329e+02, 1.19137215e+02, 7.36098572e+02, 1.22254181e+02,
    7.73602173e+02, 1.24938042e+02, 8.10722595e+02, 1.27930847e+02,
    8.47834778e+02, 1.30746826e+02, 8.84612671e+02, 1.33545715e+02,
    7.00262817e+02, 1.58028015e+02, 7.37397339e+02, 1.60895157e+02,
    7.74190796e+02, 1.63570404e+02, 8.10596802e+02, 1.66299744e+02,
    8.46950195e+02, 1.68876144e+02, 8.83131226e+02, 1.71412933e+02,
    7.01811707e+02, 1.95770630e+02, 7.38314819e+02, 1.98288254e+02,
    7.74564148e+02, 2.00889557e+02, 8.10443359e+02, 2.03361603e+02,
    8.46155945e+02, 2.05772476e+02, 8.81623169e+02, 2.08197098e+02,
    7.03389221e+02, 2.32224014e+02, 7.39365845e+02, 2.34603729e+02,
    7.74890991e+02, 2.36879623e+02, 8.10256042e+02, 2.39334396e+02,
    8.45347473e+02, 2.41496338e+02, 8.80340271e+02, 2.43745529e+02,
    7.05078369e+02, 2.67299988e+02, 7.40222717e+02, 2.69650665e+02,
    7.75401489e+02, 2.71712097e+02, 8.10070190e+02, 2.73918396e+02,
    8.44565308e+02, 2.76052521e+02, 8.78969421e+02, 2.78162567e+02,
    7.06644348e+02, 3.01359406e+02, 7.41353333e+02, 3.03362701e+02,
    7.75727600e+02, 3.05465698e+02, 8.09897217e+02, 3.07503082e+02,
    8.43705872e+02, 3.09359833e+02, 8.77716492e+02, 3.11436798e+02,
    7.08234863e+02, 3.33769714e+02, 7.42319641e+02, 3.35638123e+02,
    7.76286560e+02, 3.37653687e+02, 8.09663269e+02, 3.39565948e+02,
    8.43250916e+02, 3.41442963e+02, 8.76465454e+02, 3.43449036e+02 ]
