%YAML:1.0
---
points: [ 2.69631470e+02, 2.37319778e+02, 2.81217804e+02, 2.37487381e+02,
    2.92882538e+02, 2.37640823e+02, 3.04399323e+02, 2.37827591e+02,
    3.16338715e+02, 2.38021744e+02, 3.28280701e+02, 2.38211365e+02,
    2.69900879e+02, 2.48155106e+02, 2.81313477e+02, 2.48333344e+02,
    2.92898224e+02, 2.48574341e+02, 3.04393158e+02, 2.48866501e+02,
    3.16217316e+02, 2.49067520e+02, 3.28161621e+02, 2.49295547e+02,
    2.70112732e+02, 2.58918427e+02, 2.81387695e+02, 2.59175110e+02,
    2.92960632e+02, 2.59389252e+02, 3.04363190e+02, 2.59765228e+02,
    3.16217896e+02, 2.60017456e+02, 3.27964355e+02, 2.60280090e+02,
    2.70234131e+02, 2.69588409e+02, 2.81574280e+02, 2.69933319e+02,
    2.93032928e+02, 2.70254303e+02, 3.04418182e+02, 2.70546234e+02,
    3.16115570e+02, 2.70904572e+02, 3.27817505e+02, 2.71202484e+02,
    2.70458588e+02, 2.80208099e+02, 2.81720825e+02, 2.80546997e+02,
    2.93136261e+02, 2.80929932e+02, 3.04371124e+02, 2.81297791e+02,
    3.16031525e+02, 2.81615265e+02, 3.27599030e+02, 2.81978821e+02,
    2.70626251e+02, 2.90787659e+02, 2.81865875e+02, 2.91166748e+02,
    2.93149261e+02, 2.91556580e+02, 3.04411316e+02, 2.91907257e+02,
    3.15928467e+02, 2.92292053e+02, 3.27424561e+02, 2.92692993e+02,
    2.70817444e+02, 3.01049316e+02, 2.81957550e+02, 3.01469482e+02,
    2.93202423e+02, 3.01959869e+02, 3.04384491e+02, 3.02380524e+02,
    3.15862030e+02, 3.02797180e+02, 3.27304810e+02, 3.03176056e+02,
    2.71043671e+02, 3.11176331e+02, 2.82105774e+02, 3.11657196e+02,
    2.93294067e+02, 3.12161072e+02, 3.04408447e+02, 3.12534454e+02,
    3.15770355e+02, 3.13059326e+02, 3.27229401e+02, 3.13484772e+02 ]
