%YAML:1.0
---
points: [ 2.58892151e+02, 2.11922867e+02, 2.70295074e+02, 2.12148438e+02,
    2.82045166e+02, 2.12295868e+02, 2.93413239e+02, 2.12489456e+02,
    3.05285675e+02, 2.12697266e+02, 3.17111603e+02, 2.12911102e+02,
    2.59094971e+02, 2.22718735e+02, 2.70308929e+02, 2.22949768e+02,
    2.81919037e+02, 2.23213028e+02, 2.93382172e+02, 2.23343185e+02,
    3.05043732e+02, 2.23587723e+02, 3.16680695e+02, 2.23903915e+02,
    2.59177551e+02, 2.33345062e+02, 2.70372986e+02, 2.33624680e+02,
    2.81922028e+02, 2.33943359e+02, 2.93218292e+02, 2.34178391e+02,
    3.04724823e+02, 2.34356003e+02, 3.16342133e+02, 2.34651367e+02,
    2.59270142e+02, 2.43975967e+02, 2.70451904e+02, 2.44229095e+02,
    2.81778229e+02, 2.44471146e+02, 2.93151245e+02, 2.44803833e+02,
    3.04445129e+02, 2.45137222e+02, 3.16091064e+02, 2.45331345e+02,
    2.59349213e+02, 2.54315567e+02, 2.70470520e+02, 2.54603241e+02,
    2.81719116e+02, 2.55021591e+02, 2.92985138e+02, 2.55244614e+02,
    3.04233398e+02, 2.55550186e+02, 3.15698639e+02, 2.55948883e+02,
    2.59421692e+02, 2.64543579e+02, 2.70498901e+02, 2.64914429e+02,
    2.81598114e+02, 2.65195618e+02, 2.92807037e+02, 2.65593109e+02,
    3.04102936e+02, 2.65990479e+02, 3.15327423e+02, 2.66297638e+02,
    2.59634979e+02, 2.74539368e+02, 2.70557312e+02, 2.74972198e+02,
    2.81589020e+02, 2.75358887e+02, 2.92624542e+02, 2.75751129e+02,
    3.03838287e+02, 2.76165649e+02, 3.15144165e+02, 2.76508850e+02,
    2.59737366e+02, 2.84429077e+02, 2.70615448e+02, 2.84789978e+02,
    2.81570557e+02, 2.85200195e+02, 2.92482727e+02, 2.85580048e+02,
    3.03574860e+02, 2.86068054e+02, 3.14776947e+02, 2.86453400e+02 ]
