%YAML:1.0
---
points: [ 1.15777725e+02, 3.06231049e+02, 1.27096985e+02, 3.06098816e+02,
    1.38439545e+02, 3.05838837e+02, 1.49881943e+02, 3.05584351e+02,
    1.61314102e+02, 3.05287811e+02, 1.72728561e+02, 3.05076477e+02,
    1.15830238e+02, 3.17906647e+02, 1.27132446e+02, 3.17667206e+02,
    1.38503464e+02, 3.17494843e+02, 1.49877762e+02, 3.17254120e+02,
    1.61313980e+02, 3.17010712e+02, 1.72765884e+02, 3.16654480e+02,
    1.15772865e+02, 3.29478851e+02, 1.27062035e+02, 3.29310852e+02,
    1.38540924e+02, 3.29080444e+02, 1.49810272e+02, 3.28886749e+02,
    1.61313202e+02, 3.28566071e+02, 1.72748535e+02, 3.28411407e+02,
    1.15696144e+02, 3.41184296e+02, 1.26924919e+02, 3.41039062e+02,
    1.38431030e+02, 3.40887939e+02, 1.49774033e+02, 3.40644989e+02,
    1.61260620e+02, 3.40460602e+02, 1.72743607e+02, 3.40252075e+02,
    1.15762749e+02, 3.52729431e+02, 1.26878937e+02, 3.52819031e+02,
    1.38399704e+02, 3.52655579e+02, 1.49709503e+02, 3.52490204e+02,
    1.61218796e+02, 3.52347961e+02, 1.72685257e+02, 3.52024231e+02,
    1.15673256e+02, 3.64755188e+02, 1.26907143e+02, 3.64604187e+02,
    1.38288788e+02, 3.64537720e+02, 1.49835938e+02, 3.64340118e+02,
    1.61261063e+02, 3.64222504e+02, 1.72750412e+02, 3.64075500e+02,
    1.15874580e+02, 3.76062134e+02, 1.26939941e+02, 3.76243683e+02,
    1.38630630e+02, 3.76161102e+02, 1.49754639e+02, 3.76215973e+02,
    1.61436371e+02, 3.76019806e+02, 1.72738052e+02, 3.75827545e+02,
    1.15863884e+02, 3.87734222e+02, 1.27425842e+02, 3.87689484e+02,
    1.38572235e+02, 3.87817505e+02, 1.50119110e+02, 3.87701691e+02,
    1.61452301e+02, 3.87757660e+02, 1.73076233e+02, 3.87703033e+02 ]
