%YAML:1.0
---
points: [ 4.38356964e+02, 6.59982376e+01, 4.74832397e+02, 6.64429245e+01,
    5.11545166e+02, 6.67448654e+01, 5.48346313e+02, 6.72358932e+01,
    5.85336914e+02, 6.75118256e+01, 6.22231567e+02, 6.79154053e+01,
    4.47782806e+02, 1.05327652e+02, 4.83649689e+02, 1.05709732e+02,
    5.19676880e+02, 1.06163589e+02, 5.55671326e+02, 1.06619118e+02,
    5.91824097e+02, 1.07134628e+02, 6.28255432e+02, 1.07491989e+02,
    4.56514465e+02, 1.43296249e+02, 4.91960541e+02, 1.43678574e+02,
    5.27422241e+02, 1.44239426e+02, 5.62737183e+02, 1.44560196e+02,
    5.98215820e+02, 1.44921783e+02, 6.33802795e+02, 1.45505295e+02,
    4.64890198e+02, 1.80139771e+02, 4.99648407e+02, 1.80676331e+02,
    5.34425781e+02, 1.81049744e+02, 5.69441467e+02, 1.81493958e+02,
    6.04330811e+02, 1.81699951e+02, 6.39389465e+02, 1.82321777e+02,
    4.72868286e+02, 2.15802567e+02, 5.07232269e+02, 2.16247330e+02,
    5.41528687e+02, 2.16697296e+02, 5.75801819e+02, 2.17106918e+02,
    6.10391479e+02, 2.17595566e+02, 6.44667786e+02, 2.17930847e+02,
    4.80736908e+02, 2.50268082e+02, 5.14465942e+02, 2.50649063e+02,
    5.48403137e+02, 2.51141739e+02, 5.82018372e+02, 2.51497894e+02,
    6.16055237e+02, 2.51829269e+02, 6.49692566e+02, 2.52345947e+02,
    4.88589264e+02, 2.83418854e+02, 5.21900696e+02, 2.83839600e+02,
    5.54934631e+02, 2.84343353e+02, 5.88298889e+02, 2.84877838e+02,
    6.21552917e+02, 2.85341400e+02, 6.54889221e+02, 2.85747375e+02,
    4.96326569e+02, 3.15356934e+02, 5.28896851e+02, 3.15868805e+02,
    5.61611877e+02, 3.16377594e+02, 5.94364685e+02, 3.16888885e+02,
    6.27217896e+02, 3.17338959e+02, 6.59753174e+02, 3.17722321e+02 ]
