%YAML:1.0
---
points: [ 3.98167114e+01, 1.57055695e+02, 4.97038116e+01, 1.56375900e+02,
    5.97849541e+01, 1.55438599e+02, 7.02011719e+01, 1.54685379e+02,
    8.07133484e+01, 1.53732590e+02, 9.14610214e+01, 1.52917679e+02,
    4.28179283e+01, 1.68124634e+02, 5.26244659e+01, 1.67218674e+02,
    6.27288132e+01, 1.66573898e+02, 7.28978119e+01, 1.65716782e+02,
    8.33387833e+01, 1.64921509e+02, 9.40279770e+01, 1.64243011e+02,
    4.55592041e+01, 1.78771103e+02, 5.53757324e+01, 1.78151947e+02,
    6.53717346e+01, 1.77472885e+02, 7.55890503e+01, 1.76792633e+02,
    8.59187851e+01, 1.75965530e+02, 9.64762955e+01, 1.75447067e+02,
    4.81945724e+01, 1.89648468e+02, 5.78927002e+01, 1.88746002e+02,
    6.79411621e+01, 1.88246307e+02, 7.80863419e+01, 1.87658997e+02,
    8.84445190e+01, 1.86860184e+02, 9.89345779e+01, 1.86242950e+02,
    5.08109779e+01, 1.99840088e+02, 6.05645332e+01, 1.99502243e+02,
    7.05130234e+01, 1.98736465e+02, 8.06230774e+01, 1.98248230e+02,
    9.08957825e+01, 1.97616165e+02, 1.01368729e+02, 1.96952042e+02,
    5.34527321e+01, 2.10397003e+02, 6.31331635e+01, 2.09721420e+02,
    7.31419907e+01, 2.09297684e+02, 8.31341553e+01, 2.08710419e+02,
    9.33350449e+01, 2.08167038e+02, 1.03711220e+02, 2.07571350e+02,
    5.62074966e+01, 2.20458206e+02, 6.58758698e+01, 2.19919220e+02,
    7.56658325e+01, 2.19546631e+02, 8.56358337e+01, 2.18942795e+02,
    9.57472839e+01, 2.18543015e+02, 1.06080147e+02, 2.17966263e+02,
    5.89950256e+01, 2.30417465e+02, 6.85469971e+01, 2.29804260e+02,
    7.82562790e+01, 2.29526947e+02, 8.82058487e+01, 2.28906052e+02,
    9.82147980e+01, 2.28654266e+02, 1.08307091e+02, 2.28059189e+02 ]
