%YAML:1.0
---
points: [ 2.11089020e+02, 4.15227509e+01, 2.42511719e+02, 3.76520004e+01,
    2.74582977e+02, 3.38154945e+01, 3.06979309e+02, 2.95752792e+01,
    3.40081848e+02, 2.56101437e+01, 3.73464600e+02, 2.17639580e+01,
    2.29478210e+02, 7.95349503e+01, 2.60582123e+02, 7.60026550e+01,
    2.92123505e+02, 7.23937073e+01, 3.23981750e+02, 6.88659592e+01,
    3.56328918e+02, 6.53786163e+01, 3.88969788e+02, 6.15613861e+01,
    2.46852173e+02, 1.16405769e+02, 2.77628571e+02, 1.13169540e+02,
    3.08476990e+02, 1.09709831e+02, 3.39894592e+02, 1.06657127e+02,
    3.71764862e+02, 1.03217110e+02, 4.04026611e+02, 9.98147354e+01,
    2.63327820e+02, 1.51913696e+02, 2.93518829e+02, 1.49141479e+02,
    3.24245117e+02, 1.46044357e+02, 3.55132996e+02, 1.43122910e+02,
    3.86576172e+02, 1.40098709e+02, 4.18475250e+02, 1.36885330e+02,
    2.79105774e+02, 1.86638474e+02, 3.09263123e+02, 1.83821625e+02,
    3.39428253e+02, 1.81229340e+02, 3.70001129e+02, 1.78439072e+02,
    4.00962341e+02, 1.75723160e+02, 4.32382812e+02, 1.72660461e+02,
    2.94691498e+02, 2.19926880e+02, 3.24302795e+02, 2.17622879e+02,
    3.54203949e+02, 2.15038269e+02, 3.84324677e+02, 2.12602539e+02,
    4.14830231e+02, 2.09879166e+02, 4.45866516e+02, 2.07492996e+02,
    3.10103943e+02, 2.52058960e+02, 3.39488922e+02, 2.49886765e+02,
    3.68637634e+02, 2.47662292e+02, 3.98399841e+02, 2.45405807e+02,
    4.28570831e+02, 2.43224823e+02, 4.58924713e+02, 2.40638794e+02,
    3.25308746e+02, 2.82898804e+02, 3.54044647e+02, 2.80963654e+02,
    3.83082642e+02, 2.78859741e+02, 4.12215851e+02, 2.76841492e+02,
    4.41836273e+02, 2.74793762e+02, 4.71745514e+02, 2.72677612e+02 ]
