%YAML:1.0
---
points: [ 2.80269451e+01, 4.00055275e+01, 3.79597054e+01, 3.79590912e+01,
    4.78156929e+01, 3.58096809e+01, 5.84227676e+01, 3.37351570e+01,
    6.89553909e+01, 3.16671066e+01, 8.00714645e+01, 2.96906967e+01,
    3.26210899e+01, 5.17371407e+01, 4.22189484e+01, 4.98106308e+01,
    5.23926888e+01, 4.79506569e+01, 6.26353531e+01, 4.60906181e+01,
    7.34407578e+01, 4.42819443e+01, 8.41299057e+01, 4.25352745e+01,
    3.68512154e+01, 6.32026520e+01, 4.67488632e+01, 6.16166573e+01,
    5.66221695e+01, 5.99349403e+01, 6.71352081e+01, 5.82819328e+01,
    7.75381927e+01, 5.66862793e+01, 8.84574738e+01, 5.50746269e+01,
    4.13326416e+01, 7.48731155e+01, 5.09524956e+01, 7.32141418e+01,
    6.10860138e+01, 7.17925720e+01, 7.12722931e+01, 7.02176208e+01,
    8.18442078e+01, 6.88210449e+01, 9.25413437e+01, 6.73958359e+01,
    4.55523796e+01, 8.60582581e+01, 5.54244080e+01, 8.47507324e+01,
    6.53276138e+01, 8.33188400e+01, 7.56537628e+01, 8.20612335e+01,
    8.60490799e+01, 8.06923523e+01, 9.67675858e+01, 7.94187241e+01,
    5.00763550e+01, 9.71683960e+01, 5.96559219e+01, 9.58778381e+01,
    6.97707443e+01, 9.47115097e+01, 7.99020691e+01, 9.34845810e+01,
    9.03035965e+01, 9.23173218e+01, 1.00853088e+02, 9.12016754e+01,
    5.45323868e+01, 1.07751472e+02, 6.42234116e+01, 1.06740669e+02,
    7.40619583e+01, 1.05641502e+02, 8.41834488e+01, 1.04681984e+02,
    9.44969482e+01, 1.03595306e+02, 1.05039108e+02, 1.02664169e+02,
    5.90947685e+01, 1.18226341e+02, 6.86603851e+01, 1.17147835e+02,
    7.84458160e+01, 1.16309319e+02, 8.85022888e+01, 1.15299797e+02,
    9.86566544e+01, 1.14490318e+02, 1.08945007e+02, 1.13591232e+02 ]
