%YAML:1.0
---
points: [ 9.31966324e+01, 3.05797119e+02, 1.02717567e+02, 3.06024292e+02,
    1.12323578e+02, 3.05949677e+02, 1.22131599e+02, 3.05938416e+02,
    1.32048538e+02, 3.05893127e+02, 1.42167465e+02, 3.05869385e+02,
    9.49834518e+01, 3.15803925e+02, 1.04386673e+02, 3.15821472e+02,
    1.13977631e+02, 3.15954346e+02, 1.23683754e+02, 3.15961792e+02,
    1.33501419e+02, 3.16084259e+02, 1.43572571e+02, 3.16083862e+02,
    9.66589890e+01, 3.25612701e+02, 1.06009125e+02, 3.25805420e+02,
    1.15449005e+02, 3.25910889e+02, 1.25077286e+02, 3.26106201e+02,
    1.34910858e+02, 3.26210358e+02, 1.44855927e+02, 3.26317688e+02,
    9.81344223e+01, 3.35433319e+02, 1.07489723e+02, 3.35622253e+02,
    1.16927032e+02, 3.35849182e+02, 1.26503830e+02, 3.36004730e+02,
    1.36275452e+02, 3.36278839e+02, 1.46241531e+02, 3.36342041e+02,
    9.96859665e+01, 3.44981720e+02, 1.08959274e+02, 3.45493225e+02,
    1.18404411e+02, 3.45714081e+02, 1.27892769e+02, 3.45940369e+02,
    1.37657150e+02, 3.46182404e+02, 1.47440262e+02, 3.46389343e+02,
    1.01235245e+02, 3.54739166e+02, 1.10486626e+02, 3.55073730e+02,
    1.19870148e+02, 3.55469208e+02, 1.29388809e+02, 3.55712189e+02,
    1.39056931e+02, 3.56026306e+02, 1.48868805e+02, 3.56386993e+02,
    1.03075600e+02, 3.63874359e+02, 1.12070091e+02, 3.64563477e+02,
    1.21381027e+02, 3.64919159e+02, 1.30925568e+02, 3.65505524e+02,
    1.40431015e+02, 3.65785980e+02, 1.50161545e+02, 3.66130768e+02,
    1.04656113e+02, 3.73226288e+02, 1.13876022e+02, 3.73660309e+02,
    1.22997475e+02, 3.74309021e+02, 1.32464142e+02, 3.74632751e+02,
    1.41906403e+02, 3.75238159e+02, 1.51744644e+02, 3.75732025e+02 ]
