%YAML:1.0
---
points: [ 1.00293190e+02, 2.95155518e+02, 1.09576576e+02, 2.95253113e+02,
    1.19141068e+02, 2.95134491e+02, 1.28726700e+02, 2.95011902e+02,
    1.38594650e+02, 2.94775726e+02, 1.48474869e+02, 2.94660309e+02,
    1.02266129e+02, 3.04954620e+02, 1.11448753e+02, 3.04852417e+02,
    1.20980186e+02, 3.04949219e+02, 1.30456238e+02, 3.04886932e+02,
    1.40272202e+02, 3.04884949e+02, 1.50044449e+02, 3.04734467e+02,
    1.04041664e+02, 3.14516205e+02, 1.13169411e+02, 3.14653961e+02,
    1.22600655e+02, 3.14647705e+02, 1.32107025e+02, 3.14770172e+02,
    1.41758026e+02, 3.14706848e+02, 1.51578720e+02, 3.14765961e+02,
    1.05727524e+02, 3.24237457e+02, 1.14784431e+02, 3.24272400e+02,
    1.24176941e+02, 3.24474884e+02, 1.33655869e+02, 3.24524841e+02,
    1.43214508e+02, 3.24583862e+02, 1.53015579e+02, 3.24570007e+02,
    1.07366028e+02, 3.33619232e+02, 1.16463562e+02, 3.33867676e+02,
    1.25771622e+02, 3.34059265e+02, 1.35208450e+02, 3.34281036e+02,
    1.44781784e+02, 3.34364960e+02, 1.54456070e+02, 3.34466736e+02,
    1.09029312e+02, 3.43100769e+02, 1.18167038e+02, 3.43368103e+02,
    1.27335770e+02, 3.43643036e+02, 1.36825851e+02, 3.43755554e+02,
    1.46232773e+02, 3.43959106e+02, 1.56051102e+02, 3.44216949e+02,
    1.10886536e+02, 3.52277771e+02, 1.19922829e+02, 3.52682373e+02,
    1.29066208e+02, 3.52924652e+02, 1.38351746e+02, 3.53319916e+02,
    1.47869217e+02, 3.53616486e+02, 1.57397675e+02, 3.53832306e+02,
    1.12650002e+02, 3.61244202e+02, 1.21775963e+02, 3.61622986e+02,
    1.30753448e+02, 3.62032166e+02, 1.40129410e+02, 3.62480560e+02,
    1.49355682e+02, 3.62824036e+02, 1.59067245e+02, 3.63278015e+02 ]
