%YAML:1.0
---
points: [ 4.45594910e+02, 7.96469238e+02, 4.72461426e+02, 7.96497986e+02,
    4.99798492e+02, 7.96323120e+02, 5.27500793e+02, 7.96143188e+02,
    5.55421265e+02, 7.95784729e+02, 5.84054626e+02, 7.95608704e+02,
    4.50854828e+02, 8.24555664e+02, 4.77749115e+02, 8.24599060e+02,
    5.04997772e+02, 8.24671875e+02, 5.32481628e+02, 8.24600708e+02,
    5.60149902e+02, 8.24594666e+02, 5.88351135e+02, 8.24587402e+02,
    4.55873291e+02, 8.52657532e+02, 4.82589020e+02, 8.52855957e+02,
    5.09575165e+02, 8.53123962e+02, 5.36848938e+02, 8.53305054e+02,
    5.64645325e+02, 8.53337463e+02, 5.92456299e+02, 8.53487671e+02,
    4.60468903e+02, 8.80637817e+02, 4.86958252e+02, 8.81101929e+02,
    5.13808960e+02, 8.81419434e+02, 5.41151428e+02, 8.81684692e+02,
    5.68773987e+02, 8.81805237e+02, 5.96658813e+02, 8.82138855e+02,
    4.65025940e+02, 9.08482422e+02, 4.91520660e+02, 9.08869446e+02,
    5.18289734e+02, 9.09428101e+02, 5.45303223e+02, 9.09834412e+02,
    5.72797485e+02, 9.10229187e+02, 6.00824036e+02, 9.10689331e+02,
    4.69554718e+02, 9.35914673e+02, 4.95836914e+02, 9.36736511e+02,
    5.22642700e+02, 9.37433716e+02, 5.49585815e+02, 9.37916382e+02,
    5.76927368e+02, 9.38479675e+02, 6.04699707e+02, 9.39064697e+02,
    4.74401031e+02, 9.63190491e+02, 5.00748932e+02, 9.64032898e+02,
    5.27226685e+02, 9.64787048e+02, 5.54035400e+02, 9.65545410e+02,
    5.81289612e+02, 9.66338440e+02, 6.08779480e+02, 9.67089111e+02,
    4.79450775e+02, 9.89634888e+02, 5.05419739e+02, 9.90645325e+02,
    5.31948730e+02, 9.91695740e+02, 5.58581360e+02, 9.92606567e+02,
    5.85745483e+02, 9.93579529e+02, 6.13119934e+02, 9.94579407e+02 ]
