%YAML:1.0
---
points: [ 4.64623108e+02, 1.01952148e+03, 4.59855591e+02, 9.92907898e+02,
    4.55315338e+02, 9.66125427e+02, 4.50526001e+02, 9.39249695e+02,
    4.45815460e+02, 9.12134094e+02, 4.41083984e+02, 8.84582947e+02,
    4.90241119e+02, 1.02089600e+03, 4.85644806e+02, 9.94189148e+02,
    4.80969574e+02, 9.67353821e+02, 4.76316132e+02, 9.40191589e+02,
    4.71615051e+02, 9.12739929e+02, 4.66949554e+02, 8.85283630e+02,
    5.16271301e+02, 1.02223895e+03, 5.11607117e+02, 9.95447449e+02,
    5.07064972e+02, 9.68405212e+02, 5.02436005e+02, 9.41246582e+02,
    4.97682434e+02, 9.13658508e+02, 4.93236664e+02, 8.85855530e+02,
    5.42410278e+02, 1.02348047e+03, 5.38061523e+02, 9.96553406e+02,
    5.33406982e+02, 9.69464905e+02, 5.28853088e+02, 9.42164795e+02,
    5.24467163e+02, 9.14277100e+02, 5.19999817e+02, 8.86348572e+02,
    5.68993896e+02, 1.02471240e+03, 5.64546753e+02, 9.97719910e+02,
    5.60156311e+02, 9.70623962e+02, 5.55611572e+02, 9.43087646e+02,
    5.51414490e+02, 9.15109253e+02, 5.47205688e+02, 8.86790771e+02,
    5.95674438e+02, 1.02629016e+03, 5.91331360e+02, 9.99042725e+02,
    5.86935242e+02, 9.71586304e+02, 5.82803284e+02, 9.43973694e+02,
    5.78700867e+02, 9.15688660e+02, 5.74647278e+02, 8.87308716e+02,
    6.22774170e+02, 1.02758655e+03, 6.18437988e+02, 1.00036176e+03,
    6.14279236e+02, 9.72694336e+02, 6.10335083e+02, 9.44970764e+02,
    6.06219727e+02, 9.16726379e+02, 6.02112183e+02, 8.87945496e+02,
    6.50282715e+02, 1.02903479e+03, 6.45969238e+02, 1.00178516e+03,
    6.41826965e+02, 9.74251038e+02, 6.37810364e+02, 9.46109314e+02,
    6.33672058e+02, 9.17857849e+02, 6.29793823e+02, 8.88835938e+02 ]
