%YAML:1.0
---
points: [ 5.12447754e+02, 8.80365784e+02, 5.07902039e+02, 8.53691284e+02,
    5.03521759e+02, 8.27165222e+02, 4.98989197e+02, 8.00335144e+02,
    4.94456909e+02, 7.73140625e+02, 4.89754364e+02, 7.45691772e+02,
    5.37416260e+02, 8.81366333e+02, 5.33044983e+02, 8.54708557e+02,
    5.28463501e+02, 8.27960693e+02, 5.23903076e+02, 8.01100708e+02,
    5.19513672e+02, 7.73688843e+02, 5.14842163e+02, 7.46046143e+02,
    5.62678955e+02, 8.82304260e+02, 5.58354919e+02, 8.55568726e+02,
    5.53913269e+02, 8.28742859e+02, 5.49422913e+02, 8.01682007e+02,
    5.44789978e+02, 7.74405823e+02, 5.40417480e+02, 7.46431763e+02,
    5.88198364e+02, 8.83402161e+02, 5.83924866e+02, 8.56510559e+02,
    5.79600586e+02, 8.29533752e+02, 5.75293030e+02, 8.02383484e+02,
    5.70874146e+02, 7.74668823e+02, 5.66529053e+02, 7.46614807e+02,
    6.13942566e+02, 8.84577576e+02, 6.09701355e+02, 8.57543762e+02,
    6.05643005e+02, 8.30387268e+02, 6.01449402e+02, 8.02984924e+02,
    5.97123535e+02, 7.75251343e+02, 5.92964294e+02, 7.46838684e+02,
    6.40114380e+02, 8.85631226e+02, 6.36018372e+02, 8.58577332e+02,
    6.31879150e+02, 8.31286072e+02, 6.27828247e+02, 8.03531006e+02,
    6.23716431e+02, 7.75589417e+02, 6.19715210e+02, 7.47225708e+02,
    6.66387573e+02, 8.86730103e+02, 6.62491882e+02, 8.59671143e+02,
    6.58580261e+02, 8.32210571e+02, 6.54470154e+02, 8.04304626e+02,
    6.50507202e+02, 7.76146545e+02, 6.46630981e+02, 7.47571716e+02,
    6.93326416e+02, 8.87966858e+02, 6.89440308e+02, 8.60782776e+02,
    6.85427917e+02, 8.33271851e+02, 6.81400635e+02, 8.05314941e+02,
    6.77471558e+02, 7.76886719e+02, 6.73913452e+02, 7.48170227e+02 ]
