%YAML:1.0
---
points: [ 1.77837509e+02, 2.23886597e+02, 1.79128769e+02, 2.34113556e+02,
    1.80512283e+02, 2.44186325e+02, 1.81755066e+02, 2.54062500e+02,
    1.83146515e+02, 2.63837280e+02, 1.84465591e+02, 2.73393494e+02,
    1.68291138e+02, 2.24146317e+02, 1.69643402e+02, 2.34184158e+02,
    1.70933609e+02, 2.44199692e+02, 1.72326935e+02, 2.54050034e+02,
    1.73690430e+02, 2.63794952e+02, 1.74998871e+02, 2.73333252e+02,
    1.58794037e+02, 2.24365433e+02, 1.60181473e+02, 2.34360153e+02,
    1.61591827e+02, 2.44361496e+02, 1.62890976e+02, 2.54104950e+02,
    1.64372208e+02, 2.63817657e+02, 1.65691788e+02, 2.73320099e+02,
    1.49451569e+02, 2.24600067e+02, 1.50769897e+02, 2.34586792e+02,
    1.52257156e+02, 2.44407150e+02, 1.53696518e+02, 2.54194244e+02,
    1.55126144e+02, 2.63802856e+02, 1.56581497e+02, 2.73319763e+02,
    1.40064896e+02, 2.24851547e+02, 1.41589905e+02, 2.34751999e+02,
    1.43054611e+02, 2.44546631e+02, 1.44519623e+02, 2.54222305e+02,
    1.45995834e+02, 2.63814941e+02, 1.47491165e+02, 2.73252869e+02,
    1.30807617e+02, 2.25088440e+02, 1.32437164e+02, 2.34957504e+02,
    1.33904785e+02, 2.44666397e+02, 1.35523560e+02, 2.54365692e+02,
    1.36980576e+02, 2.63776459e+02, 1.38534546e+02, 2.73313599e+02,
    1.21898338e+02, 2.25412338e+02, 1.23487617e+02, 2.35097961e+02,
    1.25018951e+02, 2.44864929e+02, 1.26571251e+02, 2.54305008e+02,
    1.28097290e+02, 2.63832062e+02, 1.29610428e+02, 2.73181396e+02,
    1.12955688e+02, 2.25589096e+02, 1.14629044e+02, 2.35332123e+02,
    1.16196121e+02, 2.44864502e+02, 1.17800667e+02, 2.54448456e+02,
    1.19380440e+02, 2.63754700e+02, 1.20908600e+02, 2.73164581e+02 ]
