%YAML:1.0
---
points: [ 1.57470551e+02, 4.01609879e+01, 1.60615021e+02, 5.27072487e+01,
    1.63785355e+02, 6.46884232e+01, 1.66911270e+02, 7.62044983e+01,
    1.70036575e+02, 8.73841324e+01, 1.73005524e+02, 9.81340561e+01,
    1.46665543e+02, 4.11883049e+01, 1.50107803e+02, 5.34668694e+01,
    1.53328522e+02, 6.52488403e+01, 1.56615479e+02, 7.67146225e+01,
    1.59826065e+02, 8.78006821e+01, 1.62978638e+02, 9.85865555e+01,
    1.36273209e+02, 4.21196136e+01, 1.39649658e+02, 5.41813354e+01,
    1.43092285e+02, 6.59260941e+01, 1.46451035e+02, 7.74231415e+01,
    1.49863937e+02, 8.83527679e+01, 1.53112381e+02, 9.88988037e+01,
    1.25675461e+02, 4.32308960e+01, 1.29407242e+02, 5.51427383e+01,
    1.32984711e+02, 6.67798386e+01, 1.36497009e+02, 7.79026566e+01,
    1.40022034e+02, 8.88150406e+01, 1.43450195e+02, 9.94756088e+01,
    1.15617752e+02, 4.42754211e+01, 1.19251472e+02, 5.60588837e+01,
    1.23050690e+02, 6.75064697e+01, 1.26678085e+02, 7.86605911e+01,
    1.30268066e+02, 8.93579025e+01, 1.33768326e+02, 9.97740479e+01,
    1.05472816e+02, 4.53585281e+01, 1.09470978e+02, 5.69621086e+01,
    1.13218773e+02, 6.82540436e+01, 1.17075996e+02, 7.92645645e+01,
    1.20710098e+02, 8.98366547e+01, 1.24317009e+02, 1.00253914e+02,
    9.58845291e+01, 4.64592323e+01, 9.96836243e+01, 5.78506851e+01,
    1.03685608e+02, 6.90348740e+01, 1.07433891e+02, 7.98441315e+01,
    1.11300789e+02, 9.05348129e+01, 1.14959999e+02, 1.00722137e+02,
    8.62080917e+01, 4.74250107e+01, 9.03828735e+01, 5.89008369e+01,
    9.41894913e+01, 6.97749252e+01, 9.82915573e+01, 8.06757812e+01,
    1.02030006e+02, 9.08953629e+01, 1.05839935e+02, 1.01188950e+02 ]
