%YAML:1.0
---
points: [ 6.49985535e+02, 7.96948975e+02, 6.51515564e+02, 8.28039795e+02,
    6.53355957e+02, 8.58781250e+02, 6.55217285e+02, 8.89405212e+02,
    6.57082031e+02, 9.19982910e+02, 6.59360901e+02, 9.50550537e+02,
    6.22379578e+02, 7.96925781e+02, 6.23879272e+02, 8.27681030e+02,
    6.25526245e+02, 8.58302490e+02, 6.27357117e+02, 8.88628296e+02,
    6.29281677e+02, 9.19187622e+02, 6.31294312e+02, 9.49685242e+02,
    5.94882751e+02, 7.97005981e+02, 5.96443787e+02, 8.27562256e+02,
    5.98046143e+02, 8.58014526e+02, 5.99784668e+02, 8.88231812e+02,
    6.01798340e+02, 9.18524231e+02, 6.03559143e+02, 9.48989746e+02,
    5.67504211e+02, 7.97214966e+02, 5.69195679e+02, 8.27533997e+02,
    5.70729065e+02, 8.57778931e+02, 5.72587219e+02, 8.87725342e+02,
    5.74526733e+02, 9.17961670e+02, 5.76366211e+02, 9.48252563e+02,
    5.40427368e+02, 7.97321289e+02, 5.42366333e+02, 8.27468323e+02,
    5.43884827e+02, 8.57468018e+02, 5.45564392e+02, 8.87290039e+02,
    5.47633240e+02, 9.17437439e+02, 5.49391724e+02, 9.47406860e+02,
    5.13563354e+02, 7.97427185e+02, 5.15448364e+02, 8.27511230e+02,
    5.17382141e+02, 8.57197937e+02, 5.18992981e+02, 8.86913696e+02,
    5.20872925e+02, 9.16769897e+02, 5.22735962e+02, 9.46508057e+02,
    4.87408783e+02, 7.97509277e+02, 4.89470978e+02, 8.27301086e+02,
    4.91044189e+02, 8.56819458e+02, 4.92708679e+02, 8.86469971e+02,
    4.94582642e+02, 9.16254883e+02, 4.96333038e+02, 9.45794312e+02,
    4.61501587e+02, 7.97519165e+02, 4.63513641e+02, 8.27178284e+02,
    4.65209259e+02, 8.56602905e+02, 4.66884308e+02, 8.85944580e+02,
    4.68630341e+02, 9.15518372e+02, 4.70325012e+02, 9.45107117e+02 ]
