%YAML:1.0
---
points: [ 2.17071304e+02, 2.99167999e+02, 2.17334702e+02, 3.11221191e+02,
    2.17634064e+02, 3.23258240e+02, 2.17952866e+02, 3.35220337e+02,
    2.18365799e+02, 3.47116089e+02, 2.18730057e+02, 3.58940308e+02,
    2.05137939e+02, 2.99402557e+02, 2.05371323e+02, 3.11404236e+02,
    2.05701569e+02, 3.23447174e+02, 2.06025650e+02, 3.35418976e+02,
    2.06426315e+02, 3.47329285e+02, 2.06692764e+02, 3.59160797e+02,
    1.93212814e+02, 2.99737000e+02, 1.93465942e+02, 3.11725555e+02,
    1.93765091e+02, 3.23768951e+02, 1.94133347e+02, 3.35733093e+02,
    1.94545303e+02, 3.47573242e+02, 1.94915482e+02, 3.59428314e+02,
    1.81234192e+02, 3.00134949e+02, 1.81458557e+02, 3.12159943e+02,
    1.81849609e+02, 3.24153900e+02, 1.82219070e+02, 3.36052185e+02,
    1.82647644e+02, 3.47890961e+02, 1.82972336e+02, 3.59730957e+02,
    1.69248596e+02, 3.00392181e+02, 1.69542145e+02, 3.12357086e+02,
    1.69951553e+02, 3.24380981e+02, 1.70309418e+02, 3.36323914e+02,
    1.70657181e+02, 3.48177246e+02, 1.71135513e+02, 3.59933258e+02,
    1.57239578e+02, 3.00750031e+02, 1.57600952e+02, 3.12744476e+02,
    1.57953674e+02, 3.24694794e+02, 1.58439102e+02, 3.36528564e+02,
    1.58813217e+02, 3.48385864e+02, 1.59244690e+02, 3.60221527e+02,
    1.45302734e+02, 3.01113312e+02, 1.45644272e+02, 3.13047424e+02,
    1.46002670e+02, 3.24943787e+02, 1.46539886e+02, 3.36817047e+02,
    1.46883392e+02, 3.48669586e+02, 1.47513992e+02, 3.60443817e+02,
    1.33364716e+02, 3.01356384e+02, 1.33798431e+02, 3.13338257e+02,
    1.34253204e+02, 3.25203949e+02, 1.34689514e+02, 3.37030426e+02,
    1.35107239e+02, 3.48810577e+02, 1.35607010e+02, 3.60667694e+02 ]
