%YAML:1.0
---
points: [ 2.55144638e+02, 9.78762131e+01, 2.56279083e+02, 1.10696556e+02,
    2.57364777e+02, 1.23137505e+02, 2.58437744e+02, 1.34918442e+02,
    2.59475586e+02, 1.46287277e+02, 2.60517944e+02, 1.57344879e+02,
    2.42654282e+02, 9.85394516e+01, 2.43939941e+02, 1.11314194e+02,
    2.45260330e+02, 1.23663506e+02, 2.46566391e+02, 1.35454041e+02,
    2.47784500e+02, 1.46920151e+02, 2.48898071e+02, 1.57907104e+02,
    2.30246460e+02, 9.93895264e+01, 2.31768127e+02, 1.12106064e+02,
    2.33276749e+02, 1.24319695e+02, 2.34739990e+02, 1.36134857e+02,
    2.36194656e+02, 1.47392761e+02, 2.37635498e+02, 1.58339386e+02,
    2.17909851e+02, 1.00236366e+02, 2.19679901e+02, 1.12941055e+02,
    2.21348755e+02, 1.25055206e+02, 2.23012421e+02, 1.36699707e+02,
    2.24679291e+02, 1.48073593e+02, 2.26236679e+02, 1.58958328e+02,
    2.05647766e+02, 1.01096886e+02, 2.07611221e+02, 1.13548172e+02,
    2.09556259e+02, 1.25649780e+02, 2.11417938e+02, 1.37274445e+02,
    2.13224228e+02, 1.48498016e+02, 2.14957733e+02, 1.59396820e+02,
    1.93464340e+02, 1.01860214e+02, 1.95655731e+02, 1.14278580e+02,
    1.97772720e+02, 1.26286079e+02, 1.99776398e+02, 1.37895660e+02,
    2.01814804e+02, 1.49133331e+02, 2.03715836e+02, 1.60007370e+02,
    1.81443970e+02, 1.02512711e+02, 1.83820511e+02, 1.14985596e+02,
    1.86100861e+02, 1.26963737e+02, 1.88331940e+02, 1.38386414e+02,
    1.90534805e+02, 1.49613297e+02, 1.92607407e+02, 1.60410492e+02,
    1.69437149e+02, 1.03323868e+02, 1.71985031e+02, 1.15578087e+02,
    1.74530487e+02, 1.27480644e+02, 1.76885590e+02, 1.39041519e+02,
    1.79269394e+02, 1.50226425e+02, 1.81503159e+02, 1.61057144e+02 ]
