%YAML:1.0
---
points: [ 8.85995422e+02, 2.32622314e+02, 8.90222656e+02, 2.69364105e+02,
    8.94118469e+02, 3.04549622e+02, 8.97787415e+02, 3.38557892e+02,
    9.01641113e+02, 3.71329193e+02, 9.05486694e+02, 4.03055725e+02,
    8.50302673e+02, 2.34443954e+02, 8.54880676e+02, 2.70814270e+02,
    8.59486267e+02, 3.06177460e+02, 8.63987122e+02, 3.39779083e+02,
    8.68225891e+02, 3.72483459e+02, 8.72385559e+02, 4.04240021e+02,
    8.14904480e+02, 2.36313934e+02, 8.20228516e+02, 2.72514221e+02,
    8.25297668e+02, 3.07634308e+02, 8.30221436e+02, 3.41325226e+02,
    8.35009949e+02, 3.73922150e+02, 8.39575073e+02, 4.05438477e+02,
    7.79834229e+02, 2.38423248e+02, 7.85647888e+02, 2.74486267e+02,
    7.91255981e+02, 3.09297241e+02, 7.96768555e+02, 3.42797943e+02,
    8.02212280e+02, 3.75347229e+02, 8.07347717e+02, 4.06696991e+02,
    7.44670715e+02, 2.40119324e+02, 7.51317688e+02, 2.76200287e+02,
    7.57548218e+02, 3.10824829e+02, 7.63547974e+02, 3.44300629e+02,
    7.69499573e+02, 3.76502838e+02, 7.75154968e+02, 4.07828918e+02,
    7.10089966e+02, 2.42189621e+02, 7.17116089e+02, 2.77873291e+02,
    7.23842224e+02, 3.12456299e+02, 7.30493713e+02, 3.45565186e+02,
    7.36758606e+02, 3.77731384e+02, 7.43190125e+02, 4.09054962e+02,
    6.75619812e+02, 2.43969223e+02, 6.83376648e+02, 2.79506165e+02,
    6.90603882e+02, 3.13796814e+02, 6.97558350e+02, 3.46892609e+02,
    7.04547913e+02, 3.79169434e+02, 7.11097168e+02, 4.10302094e+02,
    6.41476624e+02, 2.45627930e+02, 6.49631592e+02, 2.81205383e+02,
    6.57565979e+02, 3.15371704e+02, 6.65090271e+02, 3.48415924e+02,
    6.72410706e+02, 3.80495300e+02, 6.79641174e+02, 4.11561188e+02 ]
