%YAML:1.0
---
points: [ 8.99616516e+02, 8.53230713e+02, 9.00646301e+02, 8.88540344e+02,
    9.01619019e+02, 9.23862183e+02, 9.02739014e+02, 9.59213745e+02,
    9.03954895e+02, 9.94576050e+02, 9.05289856e+02, 1.02984338e+03,
    8.65520630e+02, 8.53234192e+02, 8.66506287e+02, 8.88273376e+02,
    8.67621460e+02, 9.23655640e+02, 8.68676819e+02, 9.58826721e+02,
    8.69782593e+02, 9.94092102e+02, 8.70911133e+02, 1.02940234e+03,
    8.31881958e+02, 8.53302917e+02, 8.32796509e+02, 8.88287537e+02,
    8.33667175e+02, 9.23493896e+02, 8.34689087e+02, 9.58658813e+02,
    8.35923889e+02, 9.93680115e+02, 8.37015503e+02, 1.02906616e+03,
    7.98219788e+02, 8.53607666e+02, 7.99270813e+02, 8.88434631e+02,
    8.00220642e+02, 9.23520508e+02, 8.01301147e+02, 9.58493225e+02,
    8.02246033e+02, 9.93450317e+02, 8.03299744e+02, 1.02868970e+03,
    7.64906677e+02, 8.53847595e+02, 7.65811768e+02, 8.88512695e+02,
    7.66630127e+02, 9.23456909e+02, 7.67711182e+02, 9.58263550e+02,
    7.68758423e+02, 9.93094666e+02, 7.69687561e+02, 1.02835400e+03,
    7.31785461e+02, 8.54208008e+02, 7.32604736e+02, 8.88698730e+02,
    7.33531555e+02, 9.23475708e+02, 7.34378601e+02, 9.58210083e+02,
    7.35322937e+02, 9.92871887e+02, 7.36385376e+02, 1.02806531e+03,
    6.98767334e+02, 8.54376831e+02, 6.99745300e+02, 8.88711365e+02,
    7.00573547e+02, 9.23431946e+02, 7.01423279e+02, 9.58026672e+02,
    7.02272339e+02, 9.92729004e+02, 7.03009949e+02, 1.02772534e+03,
    6.66137329e+02, 8.54587097e+02, 6.66905151e+02, 8.88841125e+02,
    6.67805176e+02, 9.23434204e+02, 6.68623291e+02, 9.57860474e+02,
    6.69357605e+02, 9.92514282e+02, 6.70201660e+02, 1.02744873e+03 ]
