%YAML:1.0
---
points: [ 1.81440201e+02, 3.74388611e+02, 1.80970352e+02, 3.62463715e+02,
    1.80470856e+02, 3.50589874e+02, 1.79999283e+02, 3.38759033e+02,
    1.79596252e+02, 3.26869934e+02, 1.79114243e+02, 3.14969818e+02,
    1.92835693e+02, 3.75159576e+02, 1.92468155e+02, 3.62581085e+02,
    1.91942627e+02, 3.50580444e+02, 1.91473785e+02, 3.38646942e+02,
    1.91004822e+02, 3.26716339e+02, 1.90521393e+02, 3.14734741e+02,
    2.04485367e+02, 3.74498199e+02, 2.03961212e+02, 3.62608185e+02,
    2.03483673e+02, 3.50543457e+02, 2.02987198e+02, 3.38636566e+02,
    2.02477463e+02, 3.26617035e+02, 2.02073151e+02, 3.14586334e+02,
    2.16267044e+02, 3.74554138e+02, 2.15669739e+02, 3.62622101e+02,
    2.15118515e+02, 3.50553284e+02, 2.14601562e+02, 3.38525177e+02,
    2.14174438e+02, 3.26470459e+02, 2.13574280e+02, 3.14385345e+02,
    2.27760117e+02, 3.74660339e+02, 2.27386078e+02, 3.62639526e+02,
    2.26781967e+02, 3.50589020e+02, 2.26313171e+02, 3.38543457e+02,
    2.25750183e+02, 3.26369446e+02, 2.25328583e+02, 3.14259216e+02,
    2.39779510e+02, 3.74716400e+02, 2.39089493e+02, 3.62632080e+02,
    2.38596680e+02, 3.50599792e+02, 2.38031967e+02, 3.38424011e+02,
    2.37576096e+02, 3.26192108e+02, 2.37080566e+02, 3.14059021e+02,
    2.51518295e+02, 3.74775299e+02, 2.50955765e+02, 3.62771423e+02,
    2.50397629e+02, 3.50573120e+02, 2.49886307e+02, 3.38336304e+02,
    2.49378830e+02, 3.26122772e+02, 2.48874100e+02, 3.13922058e+02,
    2.63688019e+02, 3.74992493e+02, 2.62883057e+02, 3.62814636e+02,
    2.62432800e+02, 3.50681152e+02, 2.61808228e+02, 3.38383820e+02,
    2.61313080e+02, 3.26126129e+02, 2.60744629e+02, 3.13783020e+02 ]
