%YAML:1.0
---
points: [ 2.60733398e+02, 3.13957977e+02, 2.61290649e+02, 3.26299530e+02,
    2.61791138e+02, 3.38581329e+02, 2.62387726e+02, 3.50841675e+02,
    2.62838654e+02, 3.63025146e+02, 2.63656769e+02, 3.75170532e+02,
    2.48831360e+02, 3.14007080e+02, 2.49333313e+02, 3.26251160e+02,
    2.49874466e+02, 3.38520050e+02, 2.50399277e+02, 3.50714111e+02,
    2.50925644e+02, 3.62926666e+02, 2.51500092e+02, 3.75041138e+02,
    2.37037521e+02, 3.14193787e+02, 2.37564301e+02, 3.26329102e+02,
    2.37989914e+02, 3.38535370e+02, 2.38576401e+02, 3.50766144e+02,
    2.39051590e+02, 3.62839050e+02, 2.39764008e+02, 3.74895996e+02,
    2.25315750e+02, 3.14351776e+02, 2.25759705e+02, 3.26495850e+02,
    2.26281342e+02, 3.38647461e+02, 2.26737274e+02, 3.50751617e+02,
    2.27414963e+02, 3.62768250e+02, 2.27782074e+02, 3.74836578e+02,
    2.13554031e+02, 3.14490601e+02, 2.14152176e+02, 3.26639771e+02,
    2.14592590e+02, 3.38708344e+02, 2.15096237e+02, 3.50720428e+02,
    2.15596634e+02, 3.62791229e+02, 2.16200607e+02, 3.74740906e+02,
    2.02063614e+02, 3.14764526e+02, 2.02460556e+02, 3.26830963e+02,
    2.02945862e+02, 3.38795013e+02, 2.03464050e+02, 3.50740967e+02,
    2.03920547e+02, 3.62763824e+02, 2.04471680e+02, 3.74649475e+02,
    1.90462204e+02, 3.14918182e+02, 1.90968735e+02, 3.26879944e+02,
    1.91433899e+02, 3.38844116e+02, 1.91866669e+02, 3.50771149e+02,
    1.92432602e+02, 3.62721344e+02, 1.92791183e+02, 3.75314880e+02,
    1.79110367e+02, 3.15096130e+02, 1.79564728e+02, 3.27054230e+02,
    1.80030396e+02, 3.38952057e+02, 1.80451538e+02, 3.50756592e+02,
    1.80943451e+02, 3.62610657e+02, 1.81418381e+02, 3.74556061e+02 ]
