%YAML:1.0
---
points: [ 8.99519165e+02, 8.53634216e+02, 9.00584839e+02, 8.88971558e+02,
    9.01565186e+02, 9.24376282e+02, 9.02628967e+02, 9.59658447e+02,
    9.03892395e+02, 9.95121826e+02, 9.05245117e+02, 1.03041797e+03,
    8.65448425e+02, 8.53628296e+02, 8.66433655e+02, 8.88702576e+02,
    8.67456665e+02, 9.24038025e+02, 8.68595642e+02, 9.59324219e+02,
    8.69760010e+02, 9.94572571e+02, 8.70809692e+02, 1.02981152e+03,
    8.31793701e+02, 8.53740356e+02, 8.32757324e+02, 8.88682678e+02,
    8.33619995e+02, 9.23914062e+02, 8.34618713e+02, 9.59141602e+02,
    8.35863403e+02, 9.94246948e+02, 8.36932007e+02, 1.02947339e+03,
    7.98129089e+02, 8.54062805e+02, 7.99186646e+02, 8.88827881e+02,
    8.00103455e+02, 9.23933105e+02, 8.01168457e+02, 9.58930115e+02,
    8.02144409e+02, 9.93894958e+02, 8.03205811e+02, 1.02917908e+03,
    7.64782593e+02, 8.54287659e+02, 7.65708740e+02, 8.88904724e+02,
    7.66535217e+02, 9.23817688e+02, 7.67679993e+02, 9.58746765e+02,
    7.68677490e+02, 9.93625854e+02, 7.69651428e+02, 1.02875610e+03,
    7.31726135e+02, 8.54625793e+02, 7.32539551e+02, 8.89251221e+02,
    7.33432007e+02, 9.23853699e+02, 7.34303345e+02, 9.58646057e+02,
    7.35245483e+02, 9.93423279e+02, 7.36302979e+02, 1.02847876e+03,
    6.98677734e+02, 8.54770752e+02, 6.99653259e+02, 8.89212341e+02,
    7.00497925e+02, 9.23827942e+02, 7.01307434e+02, 9.58527283e+02,
    7.02231689e+02, 9.93180969e+02, 7.02907654e+02, 1.02825623e+03,
    6.66038513e+02, 8.55045715e+02, 6.66804016e+02, 8.89388367e+02,
    6.67695740e+02, 9.23815552e+02, 6.68535583e+02, 9.58381165e+02,
    6.69218018e+02, 9.92893127e+02, 6.70085999e+02, 1.02800305e+03 ]
