%YAML:1.0
---
points: [ 9.09732544e+02, 7.96361267e+02, 9.11738342e+02, 8.28374084e+02,
    9.13899048e+02, 8.59750732e+02, 9.16294495e+02, 8.90601318e+02,
    9.18326843e+02, 9.21131348e+02, 9.20575073e+02, 9.51211853e+02,
    8.76714355e+02, 7.96219055e+02, 8.79167236e+02, 8.27898621e+02,
    8.81398010e+02, 8.59298950e+02, 8.83767212e+02, 8.90122253e+02,
    8.86055725e+02, 9.20563416e+02, 8.88413757e+02, 9.50678528e+02,
    8.44311157e+02, 7.96256592e+02, 8.46692322e+02, 8.27829956e+02,
    8.49225952e+02, 8.59067383e+02, 8.51587158e+02, 8.89890503e+02,
    8.54095215e+02, 9.20225830e+02, 8.56547974e+02, 9.50348755e+02,
    8.11869995e+02, 7.96439941e+02, 8.14562927e+02, 8.27915527e+02,
    8.17284485e+02, 8.58965454e+02, 8.19707275e+02, 8.89602966e+02,
    8.22497314e+02, 9.19797668e+02, 8.25058533e+02, 9.49926025e+02,
    7.79841309e+02, 7.96619324e+02, 7.82469543e+02, 8.27915894e+02,
    7.85437439e+02, 8.58815247e+02, 7.88084045e+02, 8.89290955e+02,
    7.90897644e+02, 9.19451965e+02, 7.93595886e+02, 9.49583069e+02,
    7.47854431e+02, 7.96887817e+02, 7.50684570e+02, 8.28150818e+02,
    7.53744141e+02, 8.58780518e+02, 7.56641052e+02, 8.89076294e+02,
    7.59514282e+02, 9.19167053e+02, 7.62519470e+02, 9.49302917e+02,
    7.16338623e+02, 7.97014343e+02, 7.19301086e+02, 8.27979370e+02,
    7.22481384e+02, 8.58663696e+02, 7.25424988e+02, 8.88820435e+02,
    7.28428284e+02, 9.18967834e+02, 7.31446472e+02, 9.48985657e+02,
    6.85009399e+02, 7.97194214e+02, 6.88133728e+02, 8.28029724e+02,
    6.91383118e+02, 8.58594788e+02, 6.94567505e+02, 8.88659180e+02,
    6.97529236e+02, 9.18707153e+02, 7.00733215e+02, 9.48703064e+02 ]
