%YAML:1.0
---
points: [ 3.69127563e+02, 1.95839783e+02, 3.69012085e+02, 2.07781372e+02,
    3.68791992e+02, 2.19203354e+02, 3.68592468e+02, 2.30565536e+02,
    3.68405823e+02, 2.41589355e+02, 3.68322906e+02, 2.52412033e+02,
    3.56546631e+02, 1.96457458e+02, 3.56510590e+02, 2.08257523e+02,
    3.56476410e+02, 2.19774475e+02, 3.56434692e+02, 2.31009705e+02,
    3.56365173e+02, 2.42107925e+02, 3.56319031e+02, 2.52940689e+02,
    3.44215759e+02, 1.97142548e+02, 3.44305054e+02, 2.08829300e+02,
    3.44378754e+02, 2.20322723e+02, 3.44417419e+02, 2.31503632e+02,
    3.44427795e+02, 2.42552185e+02, 3.44556702e+02, 2.53420685e+02,
    3.32024078e+02, 1.97821228e+02, 3.32133759e+02, 2.09405914e+02,
    3.32291565e+02, 2.20873550e+02, 3.32402161e+02, 2.32097458e+02,
    3.32633331e+02, 2.43118515e+02, 3.32856537e+02, 2.53926575e+02,
    3.19744690e+02, 1.98388412e+02, 3.20083984e+02, 2.09963135e+02,
    3.20309113e+02, 2.21436890e+02, 3.20560760e+02, 2.32579147e+02,
    3.20929871e+02, 2.43568695e+02, 3.21196503e+02, 2.54361603e+02,
    3.07624451e+02, 1.99079117e+02, 3.08039673e+02, 2.10589142e+02,
    3.08353180e+02, 2.21999344e+02, 3.08789124e+02, 2.33111954e+02,
    3.09201660e+02, 2.44087265e+02, 3.09476074e+02, 2.54852707e+02,
    2.95496490e+02, 1.99704758e+02, 2.96115784e+02, 2.11213608e+02,
    2.96454742e+02, 2.22527359e+02, 2.96998291e+02, 2.33621689e+02,
    2.97413574e+02, 2.44601532e+02, 2.98033661e+02, 2.55371658e+02,
    2.83565765e+02, 2.00295944e+02, 2.84183167e+02, 2.11796570e+02,
    2.84725159e+02, 2.23133881e+02, 2.85295868e+02, 2.34138245e+02,
    2.85878601e+02, 2.45078537e+02, 2.86414764e+02, 2.55879547e+02 ]
