%YAML:1.0
---
points: [ 1.21299243e+03, 5.17026306e+02, 1.21278833e+03, 5.50747192e+02,
    1.21267883e+03, 5.83873657e+02, 1.21246912e+03, 6.16361145e+02,
    1.21223450e+03, 6.48093506e+02, 1.21182288e+03, 6.79264465e+02,
    1.17758325e+03, 5.18431274e+02, 1.17770288e+03, 5.51896362e+02,
    1.17784131e+03, 5.85141113e+02, 1.17799133e+03, 6.17498230e+02,
    1.17797864e+03, 6.49181091e+02, 1.17809619e+03, 6.80375305e+02,
    1.14253748e+03, 5.19767395e+02, 1.14289355e+03, 5.53435547e+02,
    1.14343738e+03, 5.86419434e+02, 1.14371497e+03, 6.18635986e+02,
    1.14419641e+03, 6.50284302e+02, 1.14443884e+03, 6.81501343e+02,
    1.10756299e+03, 5.21423401e+02, 1.10834656e+03, 5.54821960e+02,
    1.10897852e+03, 5.87670959e+02, 1.10975952e+03, 6.19808777e+02,
    1.11055750e+03, 6.51434937e+02, 1.11129395e+03, 6.82576660e+02,
    1.07286292e+03, 5.22958374e+02, 1.07390833e+03, 5.56244263e+02,
    1.07480518e+03, 5.88963379e+02, 1.07579822e+03, 6.21182129e+02,
    1.07668604e+03, 6.52698975e+02, 1.07774341e+03, 6.83706909e+02,
    1.03816174e+03, 5.24497131e+02, 1.03941980e+03, 5.57773438e+02,
    1.04073706e+03, 5.90490356e+02, 1.04210315e+03, 6.22457153e+02,
    1.04329944e+03, 6.53901306e+02, 1.04452576e+03, 6.85142090e+02,
    1.00347144e+03, 5.25855713e+02, 1.00521405e+03, 5.59187500e+02,
    1.00673090e+03, 5.91709839e+02, 1.00817566e+03, 6.23618408e+02,
    1.00985468e+03, 6.55151062e+02, 1.01132605e+03, 6.86328064e+02,
    9.69225586e+02, 5.27437866e+02, 9.71019348e+02, 5.60522400e+02,
    9.72908569e+02, 5.93009644e+02, 9.74756165e+02, 6.24787964e+02,
    9.76462646e+02, 6.56413147e+02, 9.78381470e+02, 6.87457153e+02 ]
