%YAML:1.0
---
points: [ 1.21293018e+03, 1.51369781e+02, 1.21120886e+03, 1.91085266e+02,
    1.20940833e+03, 2.28721954e+02, 1.20749792e+03, 2.65098480e+02,
    1.20588257e+03, 2.99729523e+02, 1.20404321e+03, 3.33359924e+02,
    1.17421045e+03, 1.54515045e+02, 1.17312170e+03, 1.93571793e+02,
    1.17182080e+03, 2.31434326e+02, 1.17078918e+03, 2.67471832e+02,
    1.16976184e+03, 3.02329193e+02, 1.16891199e+03, 3.35577911e+02,
    1.13555310e+03, 1.57478912e+02, 1.13529248e+03, 1.96670166e+02,
    1.13495520e+03, 2.34305206e+02, 1.13452600e+03, 2.70292175e+02,
    1.13429968e+03, 3.04694366e+02, 1.13384180e+03, 3.38174255e+02,
    1.09731812e+03, 1.60799835e+02, 1.09762939e+03, 1.99592010e+02,
    1.09809351e+03, 2.36970581e+02, 1.09850427e+03, 2.72700439e+02,
    1.09886670e+03, 3.07359192e+02, 1.09941089e+03, 3.40445343e+02,
    1.05935815e+03, 1.63771378e+02, 1.06036316e+03, 2.02550385e+02,
    1.06144910e+03, 2.39667114e+02, 1.06260193e+03, 2.75434265e+02,
    1.06360303e+03, 3.09648193e+02, 1.06461169e+03, 3.42837036e+02,
    1.02139410e+03, 1.66791153e+02, 1.02318774e+03, 2.05452332e+02,
    1.02489966e+03, 2.42399612e+02, 1.02673425e+03, 2.77828705e+02,
    1.02842725e+03, 3.12271362e+02, 1.03008057e+03, 3.45316406e+02,
    9.83669128e+02, 1.69696869e+02, 9.86216553e+02, 2.08177414e+02,
    9.88760071e+02, 2.45087448e+02, 9.91122498e+02, 2.80543274e+02,
    9.93444214e+02, 3.14538666e+02, 9.95674438e+02, 3.47605347e+02,
    9.46154236e+02, 1.72647720e+02, 9.49428589e+02, 2.10921143e+02,
    9.52620422e+02, 2.47672775e+02, 9.55605286e+02, 2.82884735e+02,
    9.58642395e+02, 3.17154510e+02, 9.61510254e+02, 3.50060364e+02 ]
