%YAML:1.0
---
points: [ 1.21544104e+03, 8.42604614e+02, 1.21707715e+03, 8.78625854e+02,
    1.21858008e+03, 9.14537109e+02, 1.22022937e+03, 9.50476929e+02,
    1.22173071e+03, 9.86341248e+02, 1.22306787e+03, 1.02230463e+03,
    1.17942139e+03, 8.43090027e+02, 1.18093054e+03, 8.78980774e+02,
    1.18252148e+03, 9.14829834e+02, 1.18423035e+03, 9.50749695e+02,
    1.18575964e+03, 9.86659973e+02, 1.18719873e+03, 1.02268707e+03,
    1.14368481e+03, 8.43665649e+02, 1.14520276e+03, 8.79622620e+02,
    1.14702539e+03, 9.15413147e+02, 1.14849329e+03, 9.51261353e+02,
    1.14998682e+03, 9.87098755e+02, 1.15153955e+03, 1.02309454e+03,
    1.10823132e+03, 8.44503357e+02, 1.10994006e+03, 8.80284790e+02,
    1.11145020e+03, 9.16160461e+02, 1.11291724e+03, 9.51750549e+02,
    1.11443201e+03, 9.87532288e+02, 1.11609875e+03, 1.02350970e+03,
    1.07299158e+03, 8.45051758e+02, 1.07445776e+03, 8.80853455e+02,
    1.07588794e+03, 9.16647705e+02, 1.07737085e+03, 9.52286194e+02,
    1.07895544e+03, 9.87932434e+02, 1.08044336e+03, 1.02396948e+03,
    1.03778430e+03, 8.46004944e+02, 1.03914514e+03, 8.81704285e+02,
    1.04057190e+03, 9.17268860e+02, 1.04211340e+03, 9.52833923e+02,
    1.04358618e+03, 9.88526489e+02, 1.04502136e+03, 1.02448242e+03,
    1.00248071e+03, 8.46699951e+02, 1.00392102e+03, 8.82203003e+02,
    1.00547089e+03, 9.17813721e+02, 1.00678247e+03, 9.53498474e+02,
    1.00816016e+03, 9.89203369e+02, 1.00970789e+03, 1.02503381e+03,
    9.67733215e+02, 8.47559570e+02, 9.69121521e+02, 8.82912720e+02,
    9.70401367e+02, 9.18468262e+02, 9.71769409e+02, 9.54117065e+02,
    9.73197510e+02, 9.89752930e+02, 9.74554565e+02, 1.02566272e+03 ]
