%YAML:1.0
---
points: [ 1.40739807e+03, 8.59276123e+02, 1.40810059e+03, 8.91712646e+02,
    1.40861475e+03, 9.24052429e+02, 1.40884961e+03, 9.56316589e+02,
    1.40910730e+03, 9.88670593e+02, 1.40914270e+03, 1.02112994e+03,
    1.37700073e+03, 8.59916138e+02, 1.37751831e+03, 8.92366821e+02,
    1.37819153e+03, 9.24981201e+02, 1.37862183e+03, 9.57471863e+02,
    1.37887549e+03, 9.90080322e+02, 1.37908350e+03, 1.02265125e+03,
    1.34658020e+03, 8.60614380e+02, 1.34715955e+03, 8.93250793e+02,
    1.34774463e+03, 9.25996399e+02, 1.34829871e+03, 9.58850830e+02,
    1.34852832e+03, 9.91442444e+02, 1.34870166e+03, 1.02413245e+03,
    1.31618164e+03, 8.61484802e+02, 1.31663733e+03, 8.94338684e+02,
    1.31710046e+03, 9.27253296e+02, 1.31753699e+03, 9.59879456e+02,
    1.31788293e+03, 9.92768860e+02, 1.31820227e+03, 1.02565955e+03,
    1.28535754e+03, 8.62373596e+02, 1.28578369e+03, 8.95367188e+02,
    1.28626404e+03, 9.28318848e+02, 1.28653540e+03, 9.61039917e+02,
    1.28693030e+03, 9.94214478e+02, 1.28724988e+03, 1.02746179e+03,
    1.25451965e+03, 8.63391907e+02, 1.25482056e+03, 8.96421692e+02,
    1.25520093e+03, 9.29330139e+02, 1.25552539e+03, 9.62387878e+02,
    1.25590515e+03, 9.95744690e+02, 1.25632727e+03, 1.02893298e+03,
    1.22324976e+03, 8.64213196e+02, 1.22350439e+03, 8.97210999e+02,
    1.22391931e+03, 9.30429321e+02, 1.22426123e+03, 9.63836670e+02,
    1.22455847e+03, 9.97141724e+02, 1.22501868e+03, 1.03056335e+03,
    1.19177466e+03, 8.65044434e+02, 1.19216931e+03, 8.98230713e+02,
    1.19242407e+03, 9.31740601e+02, 1.19275537e+03, 9.64984619e+02,
    1.19307666e+03, 9.98504150e+02, 1.19366431e+03, 1.03245056e+03 ]
