%YAML:1.0
---
points: [ 1.60751001e+03, 4.55500275e+02, 1.60273181e+03, 4.89264099e+02,
    1.59781885e+03, 5.22149658e+02, 1.59301953e+03, 5.54200317e+02,
    1.58805115e+03, 5.85599854e+02, 1.58313196e+03, 6.16290466e+02,
    1.57208325e+03, 4.56722168e+02, 1.56767700e+03, 4.90449249e+02,
    1.56335938e+03, 5.23344666e+02, 1.55877026e+03, 5.55280823e+02,
    1.55426428e+03, 5.86645508e+02, 1.54959595e+03, 6.17544434e+02,
    1.53713550e+03, 4.58221802e+02, 1.53286121e+03, 4.91737549e+02,
    1.52876709e+03, 5.24505493e+02, 1.52479358e+03, 5.56467529e+02,
    1.52077930e+03, 5.87819763e+02, 1.51661780e+03, 6.18650635e+02,
    1.50197864e+03, 4.59778961e+02, 1.49831873e+03, 4.93165405e+02,
    1.49471313e+03, 5.25826416e+02, 1.49077966e+03, 5.57824341e+02,
    1.48700012e+03, 5.89126221e+02, 1.48353015e+03, 6.19814331e+02,
    1.46704431e+03, 4.61179321e+02, 1.46356323e+03, 4.94498413e+02,
    1.46002771e+03, 5.27188293e+02, 1.45671655e+03, 5.59163391e+02,
    1.45342078e+03, 5.90451599e+02, 1.45003528e+03, 6.21199768e+02,
    1.43238403e+03, 4.62633911e+02, 1.42887646e+03, 4.96054626e+02,
    1.42587219e+03, 5.28575806e+02, 1.42273328e+03, 5.60386902e+02,
    1.41973022e+03, 5.91639771e+02, 1.41682117e+03, 6.22473938e+02,
    1.39713354e+03, 4.64107635e+02, 1.39434241e+03, 4.97368805e+02,
    1.39147974e+03, 5.29760620e+02, 1.38883105e+03, 5.61538086e+02,
    1.38619702e+03, 5.92842407e+02, 1.38371313e+03, 6.23585022e+02,
    1.36227454e+03, 4.65520050e+02, 1.35965686e+03, 4.98597412e+02,
    1.35732117e+03, 5.31074707e+02, 1.35498669e+03, 5.62815796e+02,
    1.35284839e+03, 5.94215820e+02, 1.35049902e+03, 6.24810608e+02 ]
