%YAML:1.0
---
points: [ 1.57403125e+03, 7.92077820e+02, 1.57208887e+03, 8.23956421e+02,
    1.57003625e+03, 8.55181091e+02, 1.56764514e+03, 8.86023254e+02,
    1.56526917e+03, 9.16494019e+02, 1.56271606e+03, 9.46282043e+02,
    1.54007422e+03, 7.92927002e+02, 1.53839783e+03, 8.24675903e+02,
    1.53667249e+03, 8.56193542e+02, 1.53454028e+03, 8.86880188e+02,
    1.53245654e+03, 9.17535217e+02, 1.53034460e+03, 9.47628113e+02,
    1.50651074e+03, 7.93931396e+02, 1.50506750e+03, 8.25909668e+02,
    1.50332080e+03, 8.57270020e+02, 1.50159668e+03, 8.88241150e+02,
    1.49992371e+03, 9.18686157e+02, 1.49797461e+03, 9.48966125e+02,
    1.47307617e+03, 7.95347839e+02, 1.47150623e+03, 8.27168884e+02,
    1.47002698e+03, 8.58496887e+02, 1.46869824e+03, 8.89390808e+02,
    1.46700867e+03, 9.19930725e+02, 1.46547119e+03, 9.50123779e+02,
    1.43931934e+03, 7.96458069e+02, 1.43801343e+03, 8.28203491e+02,
    1.43689124e+03, 8.59682861e+02, 1.43559497e+03, 8.90453003e+02,
    1.43412122e+03, 9.21032288e+02, 1.43279028e+03, 9.51256592e+02,
    1.40589563e+03, 7.97647888e+02, 1.40471570e+03, 8.29394104e+02,
    1.40351831e+03, 8.60737976e+02, 1.40237073e+03, 8.91615173e+02,
    1.40127625e+03, 9.22252258e+02, 1.40033875e+03, 9.52549561e+02,
    1.37199231e+03, 7.98618774e+02, 1.37094971e+03, 8.30302307e+02,
    1.37021777e+03, 8.61625671e+02, 1.36923938e+03, 8.92630249e+02,
    1.36846790e+03, 9.23431396e+02, 1.36746558e+03, 9.53967957e+02,
    1.33832129e+03, 7.99718811e+02, 1.33753491e+03, 8.31415283e+02,
    1.33682971e+03, 8.62861145e+02, 1.33621106e+03, 8.93669861e+02,
    1.33537158e+03, 9.24552917e+02, 1.33482056e+03, 9.55238037e+02 ]
