%YAML:1.0
---
points: [ 1.62178748e+03, 9.11640076e+02, 1.62022412e+03, 9.43350281e+02,
    1.61822961e+03, 9.74320129e+02, 1.61608423e+03, 1.00459222e+03,
    1.61379297e+03, 1.03454846e+03, 1.61146509e+03, 1.06406726e+03,
    1.58664697e+03, 9.12260254e+02, 1.58513147e+03, 9.43829834e+02,
    1.58362097e+03, 9.74882935e+02, 1.58170959e+03, 1.00541876e+03,
    1.57995544e+03, 1.03531604e+03, 1.57802319e+03, 1.06505603e+03,
    1.55180896e+03, 9.13037964e+02, 1.55038733e+03, 9.44544861e+02,
    1.54915125e+03, 9.75748474e+02, 1.54796912e+03, 1.00625354e+03,
    1.54637476e+03, 1.03629431e+03, 1.54457593e+03, 1.06601807e+03,
    1.51707275e+03, 9.13966858e+02, 1.51624756e+03, 9.45515625e+02,
    1.51505066e+03, 9.76592407e+02, 1.51364258e+03, 1.00712897e+03,
    1.51236523e+03, 1.03719165e+03, 1.51123254e+03, 1.06678064e+03,
    1.48253174e+03, 9.14850952e+02, 1.48146545e+03, 9.46303101e+02,
    1.48059192e+03, 9.77240601e+02, 1.47959119e+03, 1.00773102e+03,
    1.47861670e+03, 1.03790637e+03, 1.47744983e+03, 1.06769177e+03,
    1.44805286e+03, 9.16137939e+02, 1.44729614e+03, 9.47283569e+02,
    1.44635291e+03, 9.78072998e+02, 1.44560132e+03, 1.00845667e+03,
    1.44462830e+03, 1.03870374e+03, 1.44399231e+03, 1.06856262e+03,
    1.41318213e+03, 9.16815430e+02, 1.41252905e+03, 9.47963928e+02,
    1.41216345e+03, 9.78813660e+02, 1.41157202e+03, 1.00925067e+03,
    1.41110059e+03, 1.03949292e+03, 1.41055212e+03, 1.06954333e+03,
    1.37878735e+03, 9.17532776e+02, 1.37846912e+03, 9.48732239e+02,
    1.37806775e+03, 9.79586914e+02, 1.37768896e+03, 1.00983582e+03,
    1.37728894e+03, 1.04018848e+03, 1.37713440e+03, 1.07030701e+03 ]
