%YAML:1.0
---
points: [ 4.08518341e+02, 3.15651398e+02, 4.18353088e+02, 3.08758209e+02,
    4.28430328e+02, 3.01808899e+02, 4.38465576e+02, 2.94788574e+02,
    4.48679626e+02, 2.87740265e+02, 4.58746948e+02, 2.80517944e+02,
    4.14932709e+02, 3.24054382e+02, 4.24967438e+02, 3.17205231e+02,
    4.34841248e+02, 3.10355194e+02, 4.44877777e+02, 3.03402435e+02,
    4.54882294e+02, 2.96349548e+02, 4.65026978e+02, 2.89315460e+02,
    4.21415131e+02, 3.32237823e+02, 4.31255859e+02, 3.25521606e+02,
    4.41198059e+02, 3.18719330e+02, 4.51033142e+02, 3.11850189e+02,
    4.61101654e+02, 3.04973755e+02, 4.70939819e+02, 2.97868622e+02,
    4.27580383e+02, 3.40363007e+02, 4.37424225e+02, 3.33630890e+02,
    4.47205170e+02, 3.26957428e+02, 4.57098206e+02, 3.20142670e+02,
    4.66843414e+02, 3.13199280e+02, 4.76815033e+02, 3.06237274e+02,
    4.33676239e+02, 3.48213257e+02, 4.43274414e+02, 3.41630157e+02,
    4.53197418e+02, 3.34898285e+02, 4.62792114e+02, 3.28241699e+02,
    4.72659088e+02, 3.21339813e+02, 4.82254578e+02, 3.14342834e+02,
    4.39450104e+02, 3.56010712e+02, 4.49234680e+02, 3.49325195e+02,
    4.58739258e+02, 3.42765686e+02, 4.68490173e+02, 3.36045441e+02,
    4.77984711e+02, 3.29250000e+02, 4.87677307e+02, 3.22323944e+02,
    4.45312927e+02, 3.63389923e+02, 4.54718475e+02, 3.57042114e+02,
    4.64481659e+02, 3.50389862e+02, 4.73799622e+02, 3.43780670e+02,
    4.83421295e+02, 3.37023926e+02, 4.92693420e+02, 3.30172241e+02,
    4.50745422e+02, 3.71026733e+02, 4.60420593e+02, 3.64499878e+02,
    4.69747589e+02, 3.58130096e+02, 4.79365936e+02, 3.51492920e+02,
    4.88564911e+02, 3.44840057e+02, 4.98088623e+02, 3.37950500e+02 ]
