%YAML:1.0
---
points: [ 1.32222827e+03, 5.89888306e+02, 1.35164172e+03, 5.69611938e+02,
    1.38155530e+03, 5.49221313e+02, 1.41168701e+03, 5.28493774e+02,
    1.44246252e+03, 5.07418945e+02, 1.47370471e+03, 4.86186707e+02,
    1.34115210e+03, 6.15342896e+02, 1.37062231e+03, 5.95395447e+02,
    1.40047681e+03, 5.75189087e+02, 1.43054431e+03, 5.54731689e+02,
    1.46118738e+03, 5.34139954e+02, 1.49232727e+03, 5.13176086e+02,
    1.35983606e+03, 6.40424438e+02, 1.38931311e+03, 6.20677612e+02,
    1.41905408e+03, 6.00879822e+02, 1.44922888e+03, 5.80832642e+02,
    1.47977612e+03, 5.60481934e+02, 1.51071155e+03, 5.39789612e+02,
    1.37846765e+03, 6.65163025e+02, 1.40768506e+03, 6.45816162e+02,
    1.43741553e+03, 6.26250793e+02, 1.46747937e+03, 6.06488037e+02,
    1.49790100e+03, 5.86432983e+02, 1.52865881e+03, 5.66110779e+02,
    1.39666199e+03, 6.89606506e+02, 1.42595667e+03, 6.70498047e+02,
    1.45548779e+03, 6.51346741e+02, 1.48549634e+03, 6.31804871e+02,
    1.51572632e+03, 6.12097778e+02, 1.54652551e+03, 5.91968323e+02,
    1.41468848e+03, 7.13683777e+02, 1.44379834e+03, 6.94921387e+02,
    1.47343237e+03, 6.75885620e+02, 1.50312549e+03, 6.56767212e+02,
    1.53341431e+03, 6.37242859e+02, 1.56396423e+03, 6.17422363e+02,
    1.43259326e+03, 7.37704712e+02, 1.46172363e+03, 7.19198547e+02,
    1.49123962e+03, 7.00505371e+02, 1.52094592e+03, 6.81520996e+02,
    1.55104199e+03, 6.62385803e+02, 1.58154285e+03, 6.42832336e+02,
    1.45056030e+03, 7.61696472e+02, 1.47970837e+03, 7.43529297e+02,
    1.50924780e+03, 7.25155884e+02, 1.53890271e+03, 7.06555908e+02,
    1.56904028e+03, 6.87597595e+02, 1.59923450e+03, 6.68308228e+02 ]
