%YAML:1.0
---
points: [ 4.06943665e+02, 2.20942795e+02, 4.17104187e+02, 2.13787872e+02,
    4.27535919e+02, 2.06528168e+02, 4.37950500e+02, 1.99193695e+02,
    4.48442719e+02, 1.91828857e+02, 4.58886444e+02, 1.84299698e+02,
    4.13341309e+02, 2.29757004e+02, 4.23603943e+02, 2.22686920e+02,
    4.33940552e+02, 2.15512177e+02, 4.44295074e+02, 2.08324127e+02,
    4.54588989e+02, 2.01008926e+02, 4.65110168e+02, 1.93721176e+02,
    4.19814850e+02, 2.38407791e+02, 4.29969666e+02, 2.31460190e+02,
    4.40217651e+02, 2.24434631e+02, 4.50394989e+02, 2.17298187e+02,
    4.60870514e+02, 2.10200043e+02, 4.71065399e+02, 2.02849167e+02,
    4.25992462e+02, 2.46980850e+02, 4.36158478e+02, 2.40066208e+02,
    4.46260223e+02, 2.33158798e+02, 4.56531036e+02, 2.26177795e+02,
    4.66620850e+02, 2.19068710e+02, 4.76965851e+02, 2.11919601e+02,
    4.32132233e+02, 2.55370682e+02, 4.42093628e+02, 2.48557983e+02,
    4.52276184e+02, 2.41748230e+02, 4.62283020e+02, 2.34856705e+02,
    4.72488373e+02, 2.27878052e+02, 4.82463165e+02, 2.20729477e+02,
    4.38131409e+02, 2.63623810e+02, 4.48093689e+02, 2.56995514e+02,
    4.58032715e+02, 2.50196060e+02, 4.68132996e+02, 2.43357361e+02,
    4.78079895e+02, 2.36416672e+02, 4.88133972e+02, 2.29487717e+02,
    4.44055847e+02, 2.71785400e+02, 4.53876587e+02, 2.65174133e+02,
    4.63880127e+02, 2.58530151e+02, 4.73695343e+02, 2.51775375e+02,
    4.83668518e+02, 2.44983917e+02, 4.93404938e+02, 2.38029770e+02,
    4.49832855e+02, 2.79896912e+02, 4.59767761e+02, 2.73413330e+02,
    4.69444672e+02, 2.66827057e+02, 4.79486023e+02, 2.60253662e+02,
    4.89122040e+02, 2.53475372e+02, 4.99006042e+02, 2.46625122e+02 ]
