%YAML:1.0
---
points: [ 3.91723480e+02, 1.50080338e+02, 4.01958954e+02, 1.42386856e+02,
    4.12519623e+02, 1.34741013e+02, 4.22892792e+02, 1.27056427e+02,
    4.33523376e+02, 1.19313927e+02, 4.44029694e+02, 1.11461800e+02,
    3.97870331e+02, 1.59195404e+02, 4.08263855e+02, 1.51748993e+02,
    4.18595581e+02, 1.44200333e+02, 4.29025574e+02, 1.36677048e+02,
    4.39376495e+02, 1.28958939e+02, 4.49988892e+02, 1.21358238e+02,
    4.04064056e+02, 1.68177231e+02, 4.14240601e+02, 1.60893875e+02,
    4.24605927e+02, 1.53509552e+02, 4.34905579e+02, 1.46058197e+02,
    4.45403290e+02, 1.38513626e+02, 4.55638550e+02, 1.31005920e+02,
    4.10047180e+02, 1.77064789e+02, 4.20250946e+02, 1.69841080e+02,
    4.30400146e+02, 1.62569016e+02, 4.40756836e+02, 1.55295700e+02,
    4.51000702e+02, 1.47884094e+02, 4.61339203e+02, 1.40526169e+02,
    4.15879578e+02, 1.85692383e+02, 4.25946594e+02, 1.78644730e+02,
    4.36246613e+02, 1.71520630e+02, 4.46332275e+02, 1.64287537e+02,
    4.56597168e+02, 1.57111481e+02, 4.66681458e+02, 1.49758652e+02,
    4.21622589e+02, 1.94192139e+02, 4.31704865e+02, 1.87258865e+02,
    4.41737030e+02, 1.80212402e+02, 4.51899292e+02, 1.73249420e+02,
    4.61931946e+02, 1.66043457e+02, 4.72095154e+02, 1.58918701e+02,
    4.27309937e+02, 2.02610840e+02, 4.37233612e+02, 1.95773849e+02,
    4.47330780e+02, 1.88921631e+02, 4.57214264e+02, 1.81970001e+02,
    4.67356262e+02, 1.74953247e+02, 4.77193298e+02, 1.67830093e+02,
    4.32958923e+02, 2.10891998e+02, 4.42949219e+02, 2.04266434e+02,
    4.52795898e+02, 1.97407166e+02, 4.62866913e+02, 1.90683807e+02,
    4.72681641e+02, 1.83725525e+02, 4.82623627e+02, 1.76791168e+02 ]
