%YAML:1.0
---
points: [ 1.29023560e+03, 7.93784546e+02, 1.31774084e+03, 7.73527466e+02,
    1.34542957e+03, 7.53331116e+02, 1.37308557e+03, 7.33104553e+02,
    1.40069275e+03, 7.12796814e+02, 1.42852429e+03, 6.92578247e+02,
    1.31068604e+03, 8.21377502e+02, 1.33830188e+03, 8.01080872e+02,
    1.36582251e+03, 7.80774780e+02, 1.39347595e+03, 7.60677429e+02,
    1.42124561e+03, 7.40383057e+02, 1.44893408e+03, 7.20175293e+02,
    1.33116650e+03, 8.48911438e+02, 1.35865857e+03, 8.28578918e+02,
    1.38632349e+03, 8.08462158e+02, 1.41405139e+03, 7.88317383e+02,
    1.44175647e+03, 7.68057373e+02, 1.46958459e+03, 7.47672607e+02,
    1.35148145e+03, 8.76412354e+02, 1.37911511e+03, 8.56137939e+02,
    1.40668884e+03, 8.35916565e+02, 1.43442639e+03, 8.15741211e+02,
    1.46213525e+03, 7.95477539e+02, 1.48987061e+03, 7.75262817e+02,
    1.37171057e+03, 9.03872803e+02, 1.39944910e+03, 8.83564636e+02,
    1.42718066e+03, 8.63439453e+02, 1.45475781e+03, 8.43286316e+02,
    1.48248059e+03, 8.23066162e+02, 1.51013879e+03, 8.02661377e+02,
    1.39215137e+03, 9.31344299e+02, 1.41972913e+03, 9.11061157e+02,
    1.44747131e+03, 8.90772522e+02, 1.47501990e+03, 8.70684387e+02,
    1.50262695e+03, 8.50429626e+02, 1.53024207e+03, 8.30138855e+02,
    1.41254333e+03, 9.58760193e+02, 1.44028235e+03, 9.38526062e+02,
    1.46792896e+03, 9.18398499e+02, 1.49554395e+03, 8.98285950e+02,
    1.52318933e+03, 8.78052429e+02, 1.55081140e+03, 8.57723877e+02,
    1.43318481e+03, 9.86557251e+02, 1.46088586e+03, 9.66455688e+02,
    1.48873669e+03, 9.46371765e+02, 1.51649573e+03, 9.26258484e+02,
    1.54426709e+03, 9.05969482e+02, 1.57164355e+03, 8.85543030e+02 ]
