%YAML:1.0
---
points: [ 3.96199097e+02, 2.92088837e+02, 4.05580811e+02, 2.84851105e+02,
    4.15172363e+02, 2.77727844e+02, 4.24477112e+02, 2.70549316e+02,
    4.33962891e+02, 2.63414246e+02, 4.43332947e+02, 2.56153961e+02,
    4.03115295e+02, 3.01424438e+02, 4.12697083e+02, 2.94250122e+02,
    4.22037384e+02, 2.87099762e+02, 4.31494019e+02, 2.79950287e+02,
    4.40847412e+02, 2.72789581e+02, 4.50287781e+02, 2.65626373e+02,
    4.10266602e+02, 3.10711700e+02, 4.19627045e+02, 3.03674438e+02,
    4.29058868e+02, 2.96470612e+02, 4.38316986e+02, 2.89273834e+02,
    4.47790039e+02, 2.82184113e+02, 4.56947937e+02, 2.74913025e+02,
    4.17166077e+02, 3.20131378e+02, 4.26466217e+02, 3.12980469e+02,
    4.35797760e+02, 3.05755157e+02, 4.45209625e+02, 2.98637207e+02,
    4.54351593e+02, 2.91372711e+02, 4.63659637e+02, 2.84195587e+02,
    4.23885834e+02, 3.29243073e+02, 4.33132477e+02, 3.22097015e+02,
    4.42554047e+02, 3.14916931e+02, 4.51719299e+02, 3.07747192e+02,
    4.61029266e+02, 3.00597076e+02, 4.70017181e+02, 2.93312592e+02,
    4.30454254e+02, 3.38376007e+02, 4.39850769e+02, 3.31180603e+02,
    4.49034393e+02, 3.24007782e+02, 4.58272888e+02, 3.16865112e+02,
    4.67310547e+02, 3.09580750e+02, 4.76456512e+02, 3.02413055e+02,
    4.37125214e+02, 3.47238831e+02, 4.46276367e+02, 3.40176971e+02,
    4.55591675e+02, 3.32993225e+02, 4.64600433e+02, 3.25810547e+02,
    4.73763672e+02, 3.18595612e+02, 4.82574799e+02, 3.11344177e+02,
    4.43443909e+02, 3.56293030e+02, 4.52847870e+02, 3.49060699e+02,
    4.61867035e+02, 3.42009735e+02, 4.71133667e+02, 3.34751038e+02,
    4.79924805e+02, 3.27559906e+02, 4.88921936e+02, 3.20292725e+02 ]
