%YAML:1.0
---
points: [ 8.19934204e+02, 7.97427917e+02, 8.49143066e+02, 7.76240723e+02,
    8.78013855e+02, 7.55213196e+02, 9.06743958e+02, 7.34440979e+02,
    9.35444153e+02, 7.13581299e+02, 9.64249268e+02, 6.92917053e+02,
    8.40559387e+02, 8.25763489e+02, 8.69565308e+02, 8.04589966e+02,
    8.98495178e+02, 7.83637512e+02, 9.27169861e+02, 7.62699097e+02,
    9.55729248e+02, 7.41923401e+02, 9.84414062e+02, 7.21186768e+02,
    8.61181091e+02, 8.54251831e+02, 8.90178711e+02, 8.32894836e+02,
    9.18831726e+02, 8.11944275e+02, 9.47523560e+02, 7.91010254e+02,
    9.76073669e+02, 7.70268677e+02, 1.00459113e+03, 7.49525635e+02,
    8.81586914e+02, 8.82540222e+02, 9.10423584e+02, 8.61245911e+02,
    9.39282166e+02, 8.40234802e+02, 9.67653931e+02, 8.19316895e+02,
    9.96296875e+02, 7.98417114e+02, 1.02458960e+03, 7.77594238e+02,
    9.02095459e+02, 9.10650879e+02, 9.30804810e+02, 8.89448120e+02,
    9.59474060e+02, 8.68336304e+02, 9.87924255e+02, 8.47458557e+02,
    1.01636584e+03, 8.26559387e+02, 1.04465723e+03, 8.05718811e+02,
    9.22415894e+02, 9.38681702e+02, 9.51113953e+02, 9.17497925e+02,
    9.79630249e+02, 8.96395569e+02, 1.00798114e+03, 8.75482788e+02,
    1.03639343e+03, 8.54516357e+02, 1.06456372e+03, 8.33679260e+02,
    9.42580505e+02, 9.66970337e+02, 9.71333679e+02, 9.45697693e+02,
    9.99726929e+02, 9.24622009e+02, 1.02811389e+03, 9.03616455e+02,
    1.05638281e+03, 8.82712585e+02, 1.08461414e+03, 8.61830017e+02,
    9.62906006e+02, 9.95420166e+02, 9.91593384e+02, 9.74305481e+02,
    1.02015100e+03, 9.53219482e+02, 1.04839661e+03, 9.32224915e+02,
    1.07663501e+03, 9.11361694e+02, 1.10473315e+03, 8.90300903e+02 ]
