%YAML:1.0
---
points: [ 7.85961975e+02, 1.74652573e+02, 8.14845764e+02, 1.48826157e+02,
    8.44338074e+02, 1.22624649e+02, 8.74253601e+02, 9.58775177e+01,
    9.04749084e+02, 6.86346588e+01, 9.36065552e+02, 4.07176666e+01,
    8.12315918e+02, 2.05261673e+02, 8.40923584e+02, 1.80230316e+02,
    8.70095032e+02, 1.54691956e+02, 8.99669067e+02, 1.28775787e+02,
    9.29975525e+02, 1.02279366e+02, 9.61045471e+02, 7.52119675e+01,
    8.37611084e+02, 2.34784485e+02, 8.66189270e+02, 2.10513474e+02,
    8.94899963e+02, 1.85700089e+02, 9.24429871e+02, 1.60625168e+02,
    9.54425415e+02, 1.34895538e+02, 9.85172791e+02, 1.08554634e+02,
    8.62339966e+02, 2.63344788e+02, 8.90461304e+02, 2.39657394e+02,
    9.19100891e+02, 2.15643295e+02, 9.48215881e+02, 1.91182449e+02,
    9.77882141e+02, 1.66242584e+02, 1.00836609e+03, 1.40621613e+02,
    8.85977844e+02, 2.90748810e+02, 9.13933899e+02, 2.67801361e+02,
    9.42342163e+02, 2.44503738e+02, 9.71205627e+02, 2.20711945e+02,
    1.00059985e+03, 1.96425018e+02, 1.03067749e+03, 1.71507629e+02,
    9.08984619e+02, 3.17410553e+02, 9.36610901e+02, 2.95037140e+02,
    9.64781067e+02, 2.72386200e+02, 9.93434265e+02, 2.49252762e+02,
    1.02259363e+03, 2.25555695e+02, 1.05237280e+03, 2.01350998e+02,
    9.31189758e+02, 3.43280975e+02, 9.58652405e+02, 3.21472687e+02,
    9.86560120e+02, 2.99462799e+02, 1.01489465e+03, 2.76951508e+02,
    1.04388745e+03, 2.53968353e+02, 1.07341223e+03, 2.30509277e+02,
    9.52749817e+02, 3.68558350e+02, 9.80066101e+02, 3.47509979e+02,
    1.00786285e+03, 3.26110748e+02, 1.03597559e+03, 3.04288788e+02,
    1.06473242e+03, 2.81855164e+02, 1.09404565e+03, 2.58859039e+02 ]
