%YAML:1.0
---
points: [ 2.35500488e+02, 3.22257111e+02, 2.45495087e+02, 3.14783295e+02,
    2.55551041e+02, 3.07365540e+02, 2.65527557e+02, 2.99985779e+02,
    2.75562378e+02, 2.92589081e+02, 2.85585388e+02, 2.85200134e+02,
    2.42863586e+02, 3.31740204e+02, 2.52840576e+02, 3.24344208e+02,
    2.62840332e+02, 3.16967255e+02, 2.72830170e+02, 3.09599304e+02,
    2.82821869e+02, 3.02220154e+02, 2.92838379e+02, 2.94855286e+02,
    2.50207184e+02, 3.41145416e+02, 2.60178558e+02, 3.33837616e+02,
    2.70116119e+02, 3.26453918e+02, 2.80071381e+02, 3.19187256e+02,
    2.90010651e+02, 3.11878174e+02, 3.00015991e+02, 3.04579071e+02,
    2.57450500e+02, 3.50580292e+02, 2.67418945e+02, 3.43172516e+02,
    2.77355316e+02, 3.35935059e+02, 2.87282379e+02, 3.28615540e+02,
    2.97224487e+02, 3.21336121e+02, 3.07180573e+02, 3.14058655e+02,
    2.64692627e+02, 3.59668365e+02, 2.74554016e+02, 3.52492218e+02,
    2.84557007e+02, 3.45203339e+02, 2.94409821e+02, 3.38037476e+02,
    3.04312439e+02, 3.30752472e+02, 3.14184113e+02, 3.23486694e+02,
    2.71875000e+02, 3.68941772e+02, 2.81747559e+02, 3.61671600e+02,
    2.91617096e+02, 3.54497314e+02, 3.01467529e+02, 3.47281616e+02,
    3.11383911e+02, 3.40074615e+02, 3.21230316e+02, 3.32832428e+02,
    2.78983276e+02, 3.77848877e+02, 2.88828400e+02, 3.70903412e+02,
    2.98661804e+02, 3.63747437e+02, 3.08494568e+02, 3.56627747e+02,
    3.18368439e+02, 3.49378784e+02, 3.28194489e+02, 3.42211884e+02,
    2.86039276e+02, 3.87084778e+02, 2.95897614e+02, 3.79940735e+02,
    3.05648071e+02, 3.73072754e+02, 3.15568237e+02, 3.65923035e+02,
    3.25362701e+02, 3.58871063e+02, 3.35243469e+02, 3.51547058e+02 ]
