%YAML:1.0
---
points: [ 2.83207733e+02, 3.24099792e+02, 2.92976257e+02, 3.17139038e+02,
    3.02909180e+02, 3.10048096e+02, 3.12903107e+02, 3.02973602e+02,
    3.23107300e+02, 2.95777374e+02, 3.33440277e+02, 2.88521362e+02,
    2.90948700e+02, 3.33123627e+02, 3.00807098e+02, 3.26231232e+02,
    3.10709381e+02, 3.19260071e+02, 3.20720673e+02, 3.12227631e+02,
    3.30901367e+02, 3.05128967e+02, 3.41245453e+02, 2.97929230e+02,
    2.98701904e+02, 3.41997894e+02, 3.08435730e+02, 3.35183228e+02,
    3.18470459e+02, 3.28310791e+02, 3.28459412e+02, 3.21483337e+02,
    3.38707245e+02, 3.14447266e+02, 3.49029572e+02, 3.07395538e+02,
    3.06294617e+02, 3.50813660e+02, 3.16177765e+02, 3.43984314e+02,
    3.26119232e+02, 3.37329315e+02, 3.36178955e+02, 3.30480560e+02,
    3.46336517e+02, 3.23607849e+02, 3.56698273e+02, 3.16608063e+02,
    3.13889771e+02, 3.59373505e+02, 3.23738007e+02, 3.52899567e+02,
    3.33705261e+02, 3.46166260e+02, 3.43714661e+02, 3.39521576e+02,
    3.53960419e+02, 3.32614197e+02, 3.64226685e+02, 3.25717621e+02,
    3.21317169e+02, 3.68098938e+02, 3.31185120e+02, 3.61449646e+02,
    3.41093536e+02, 3.54977814e+02, 3.51229492e+02, 3.48297943e+02,
    3.61375854e+02, 3.41545410e+02, 3.71738190e+02, 3.34656372e+02,
    3.28687988e+02, 3.76339722e+02, 3.38518311e+02, 3.70170898e+02,
    3.48543762e+02, 3.63635223e+02, 3.58564148e+02, 3.57163483e+02,
    3.68791840e+02, 3.50407715e+02, 3.79017914e+02, 3.43688782e+02,
    3.35947601e+02, 3.85023499e+02, 3.45886810e+02, 3.78638489e+02,
    3.55735291e+02, 3.72434357e+02, 3.65965668e+02, 3.65889771e+02,
    3.76061737e+02, 3.59421051e+02, 3.86503479e+02, 3.52605530e+02 ]
