%YAML:1.0
---
points: [ 5.19104126e+02, 7.12028809e+02, 5.45663757e+02, 6.91677551e+02,
    5.72462341e+02, 6.71299500e+02, 5.99407776e+02, 6.50695679e+02,
    6.26731323e+02, 6.29886597e+02, 6.54428467e+02, 6.08932556e+02,
    5.43545837e+02, 7.38160400e+02, 5.70077393e+02, 7.18135742e+02,
    5.96784241e+02, 6.97962952e+02, 6.23672668e+02, 6.77645996e+02,
    6.51088562e+02, 6.57208679e+02, 6.78521729e+02, 6.36483215e+02,
    5.67750549e+02, 7.63855591e+02, 5.94279114e+02, 7.44142090e+02,
    6.20820312e+02, 7.24332642e+02, 6.47635437e+02, 7.04370911e+02,
    6.74822449e+02, 6.84206360e+02, 7.02332703e+02, 6.63761108e+02,
    5.91702820e+02, 7.89228394e+02, 6.18093750e+02, 7.69693787e+02,
    6.44655334e+02, 7.50225464e+02, 6.71401489e+02, 7.30493469e+02,
    6.98473877e+02, 7.10573669e+02, 7.25800781e+02, 6.90432068e+02,
    6.15272400e+02, 8.14243225e+02, 6.41546265e+02, 7.95002441e+02,
    6.67945679e+02, 7.75720520e+02, 6.94632446e+02, 7.56349121e+02,
    7.21616577e+02, 7.36644592e+02, 7.48969849e+02, 7.16673828e+02,
    6.38355713e+02, 8.38847473e+02, 6.64519348e+02, 8.19863525e+02,
    6.90993347e+02, 8.00866333e+02, 7.17547607e+02, 7.81698059e+02,
    7.44566772e+02, 7.62321106e+02, 7.71761780e+02, 7.42598206e+02,
    6.60994263e+02, 8.63421631e+02, 6.87197266e+02, 8.44737061e+02,
    7.13488342e+02, 8.26036499e+02, 7.40133789e+02, 8.07138000e+02,
    7.66863220e+02, 7.87922974e+02, 7.94173401e+02, 7.68567383e+02,
    6.83328796e+02, 8.88015503e+02, 7.09351746e+02, 8.69765503e+02,
    7.35578918e+02, 8.51372925e+02, 7.62125366e+02, 8.32715698e+02,
    7.88870178e+02, 8.13833801e+02, 8.16117004e+02, 7.94510071e+02 ]
