%YAML:1.0
---
points: [ 4.70512054e+02, 2.23622879e+02, 4.95614258e+02, 1.98961472e+02,
    5.21324707e+02, 1.73673157e+02, 5.47430237e+02, 1.48027252e+02,
    5.74295715e+02, 1.21757874e+02, 6.01700806e+02, 9.47257843e+01,
    5.01108032e+02, 2.53896301e+02, 5.26220398e+02, 2.29894257e+02,
    5.51731689e+02, 2.05433090e+02, 5.78056030e+02, 1.80465637e+02,
    6.04775452e+02, 1.54886124e+02, 6.32084412e+02, 1.28632797e+02,
    5.31041138e+02, 2.83284790e+02, 5.56133423e+02, 2.59830017e+02,
    5.81653687e+02, 2.36155182e+02, 6.07626221e+02, 2.11950165e+02,
    6.34272034e+02, 1.87232300e+02, 6.61620056e+02, 1.61845963e+02,
    5.60137085e+02, 3.11574890e+02, 5.85132263e+02, 2.89023865e+02,
    6.10512024e+02, 2.65915039e+02, 6.36570374e+02, 2.42430161e+02,
    6.63174072e+02, 2.18321213e+02, 6.90370483e+02, 1.93650772e+02,
    5.88392273e+02, 3.39249756e+02, 6.13369934e+02, 3.17236664e+02,
    6.38777344e+02, 2.94796448e+02, 6.64583740e+02, 2.72032928e+02,
    6.90965698e+02, 2.48570160e+02, 7.18202454e+02, 2.24624344e+02,
    6.15718567e+02, 3.66013672e+02, 6.40601929e+02, 3.44577881e+02,
    6.65871094e+02, 3.22810944e+02, 6.91721252e+02, 3.00614990e+02,
    7.18147827e+02, 2.77862549e+02, 7.45072327e+02, 2.54525177e+02,
    6.42237732e+02, 3.92211029e+02, 6.66970459e+02, 3.71394836e+02,
    6.92298950e+02, 3.50105011e+02, 7.17958435e+02, 3.28526550e+02,
    7.44210327e+02, 3.06393341e+02, 7.71066650e+02, 2.83802917e+02,
    6.67884521e+02, 4.17747894e+02, 6.92543518e+02, 3.97702118e+02,
    7.17698730e+02, 3.77143097e+02, 7.43194519e+02, 3.56172516e+02,
    7.69430908e+02, 3.34597137e+02, 7.96287781e+02, 3.12467499e+02 ]
