%YAML:1.0
---
points: [ 5.03543732e+02, 7.97180054e+02, 5.32948425e+02, 7.75870056e+02,
    5.62405212e+02, 7.54623047e+02, 5.91548767e+02, 7.33562683e+02,
    6.20903503e+02, 7.12400818e+02, 6.50235107e+02, 6.91309631e+02,
    5.24630005e+02, 8.26177368e+02, 5.54087463e+02, 8.04760681e+02,
    5.83445923e+02, 7.83555908e+02, 6.12675354e+02, 7.62434326e+02,
    6.41978943e+02, 7.41275940e+02, 6.71277039e+02, 7.20141296e+02,
    5.45877441e+02, 8.54987854e+02, 5.75270325e+02, 8.33661804e+02,
    6.04584106e+02, 8.12492859e+02, 6.33784729e+02, 7.91407654e+02,
    6.63027161e+02, 7.70178955e+02, 6.92272766e+02, 7.49151306e+02,
    5.67117371e+02, 8.83735413e+02, 5.96430969e+02, 8.62491150e+02,
    6.25667480e+02, 8.41358948e+02, 6.54887268e+02, 8.20221069e+02,
    6.84199463e+02, 7.98998840e+02, 7.13312195e+02, 7.77829895e+02,
    5.88360535e+02, 9.12517517e+02, 6.17615662e+02, 8.91312012e+02,
    6.46794922e+02, 8.70190552e+02, 6.75906311e+02, 8.49109802e+02,
    7.05111511e+02, 8.27823730e+02, 7.34395569e+02, 8.06710754e+02,
    6.09388306e+02, 9.41319458e+02, 6.38572571e+02, 9.20038757e+02,
    6.67705688e+02, 8.98917175e+02, 6.96836914e+02, 8.77779663e+02,
    7.26169373e+02, 8.56573730e+02, 7.55280029e+02, 8.35470886e+02,
    6.30233887e+02, 9.70178040e+02, 6.59458374e+02, 9.48936340e+02,
    6.88632019e+02, 9.27845642e+02, 7.17713928e+02, 9.06732788e+02,
    7.46890869e+02, 8.85560974e+02, 7.76165222e+02, 8.64424011e+02,
    6.50956421e+02, 9.99429626e+02, 6.80208435e+02, 9.78297607e+02,
    7.09338440e+02, 9.57258301e+02, 7.38337891e+02, 9.36171448e+02,
    7.67502502e+02, 9.15006409e+02, 7.96756958e+02, 8.93765442e+02 ]
