%YAML:1.0
---
points: [ 3.66391602e+01, 3.01138031e+02, 4.51635628e+01, 2.94040070e+02,
    5.36271553e+01, 2.86712372e+02, 6.24673843e+01, 2.79316559e+02,
    7.13694077e+01, 2.71814514e+02, 8.05465851e+01, 2.64191162e+02,
    4.38965416e+01, 3.11093842e+02, 5.22137299e+01, 3.03871643e+02,
    6.09626122e+01, 2.96637848e+02, 6.97291260e+01, 2.89259430e+02,
    7.88578415e+01, 2.81767059e+02, 8.80274353e+01, 2.74200378e+02,
    5.10083809e+01, 3.20878784e+02, 5.96421890e+01, 3.13830017e+02,
    6.82794647e+01, 3.06566620e+02, 7.71933594e+01, 2.99246826e+02,
    8.62266693e+01, 2.91718079e+02, 9.54384537e+01, 2.84213013e+02,
    5.84771042e+01, 3.30842957e+02, 6.69969788e+01, 3.23694122e+02,
    7.57662125e+01, 3.16548462e+02, 8.47033310e+01, 3.09206421e+02,
    9.38921814e+01, 3.01768890e+02, 1.03159447e+02, 2.94206726e+02,
    6.57666168e+01, 3.40578949e+02, 7.44709091e+01, 3.33708130e+02,
    8.32469101e+01, 3.26429688e+02, 9.22170944e+01, 3.19205872e+02,
    1.01364845e+02, 3.11804535e+02, 1.10823792e+02, 3.04292572e+02,
    7.32314911e+01, 3.50572235e+02, 8.18509445e+01, 3.43485565e+02,
    9.07660751e+01, 3.36454895e+02, 9.97953568e+01, 3.29182831e+02,
    1.09066269e+02, 3.21829163e+02, 1.18461746e+02, 3.14254944e+02,
    8.05157623e+01, 3.60300507e+02, 8.93008957e+01, 3.53561646e+02,
    9.82207870e+01, 3.46403442e+02, 1.07289986e+02, 3.39330627e+02,
    1.16591469e+02, 3.31864594e+02, 1.26118279e+02, 3.24435089e+02,
    8.79360199e+01, 3.70505188e+02, 9.66187897e+01, 3.63481812e+02,
    1.05575188e+02, 3.56699951e+02, 1.14684036e+02, 3.49557770e+02,
    1.24091019e+02, 3.42267090e+02, 1.33566833e+02, 3.34712341e+02 ]
