%YAML:1.0
---
points: [ 2.15100174e+02, 3.90270569e+02, 2.35360184e+02, 3.67109924e+02,
    2.55996460e+02, 3.43495453e+02, 2.76924530e+02, 3.19516541e+02,
    2.98541229e+02, 2.94738647e+02, 3.20426056e+02, 2.69602142e+02,
    2.45507858e+02, 4.17529388e+02, 2.65940796e+02, 3.94892212e+02,
    2.86603912e+02, 3.71846130e+02, 3.07742706e+02, 3.48349823e+02,
    3.29484070e+02, 3.24362823e+02, 3.51595093e+02, 2.99607086e+02,
    2.75533600e+02, 4.44437195e+02, 2.96072632e+02, 4.22275085e+02,
    3.16923737e+02, 3.99738220e+02, 3.38115906e+02, 3.76808472e+02,
    3.59815552e+02, 3.53299011e+02, 3.82196350e+02, 3.29301453e+02,
    3.05084625e+02, 4.70667816e+02, 3.25810669e+02, 4.49072205e+02,
    3.46743347e+02, 4.26991638e+02, 3.68168518e+02, 4.04607910e+02,
    3.90117981e+02, 3.81616455e+02, 4.12533844e+02, 3.58092224e+02,
    3.34306946e+02, 4.96473022e+02, 3.55055603e+02, 4.75372620e+02,
    3.76085175e+02, 4.53727905e+02, 3.97546814e+02, 4.31815308e+02,
    4.19688110e+02, 4.09470215e+02, 4.42309631e+02, 3.86443115e+02,
    3.62654297e+02, 5.21754272e+02, 3.83594391e+02, 5.01043732e+02,
    4.04685089e+02, 4.79952850e+02, 4.26393463e+02, 4.58491974e+02,
    4.48581360e+02, 4.36588470e+02, 4.71393341e+02, 4.14107330e+02,
    3.90316284e+02, 5.46697693e+02, 4.11275726e+02, 5.26529541e+02,
    4.32584991e+02, 5.05846405e+02, 4.54453827e+02, 4.84938354e+02,
    4.76735657e+02, 4.63448578e+02, 4.99549744e+02, 4.41586273e+02,
    4.17418823e+02, 5.71536133e+02, 4.38403748e+02, 5.51922180e+02,
    4.59729279e+02, 5.31724182e+02, 4.81456696e+02, 5.11281891e+02,
    5.03809937e+02, 4.90304413e+02, 5.26936340e+02, 4.68646881e+02 ]
