%YAML:1.0
---
points: [ 2.61164185e+02, 7.83396545e+02, 2.84351807e+02, 7.62959045e+02,
    3.07905518e+02, 7.42362610e+02, 3.31663361e+02, 7.21544556e+02,
    3.55875244e+02, 7.00443054e+02, 3.80311798e+02, 6.79126831e+02,
    2.86033325e+02, 8.09612183e+02, 3.09411072e+02, 7.89453613e+02,
    3.33001099e+02, 7.69087219e+02, 3.56875671e+02, 7.48485718e+02,
    3.81173187e+02, 7.27633057e+02, 4.05596313e+02, 7.06520386e+02,
    3.10885315e+02, 8.35525513e+02, 3.34344604e+02, 8.15606750e+02,
    3.57941040e+02, 7.95526855e+02, 3.81835510e+02, 7.75339600e+02,
    4.05950775e+02, 7.54782410e+02, 4.30686218e+02, 7.33987549e+02,
    3.35709106e+02, 8.61251221e+02, 3.59112854e+02, 8.41634094e+02,
    3.82841461e+02, 8.21798828e+02, 4.06639008e+02, 8.01757690e+02,
    4.31184631e+02, 7.81476624e+02, 4.55824524e+02, 7.60800110e+02,
    3.60261749e+02, 8.86751892e+02, 3.83726959e+02, 8.67395569e+02,
    4.07425781e+02, 8.47826538e+02, 4.31443756e+02, 8.28105225e+02,
    4.55781219e+02, 8.08018738e+02, 4.80677460e+02, 7.87594421e+02,
    3.84454926e+02, 9.12097473e+02, 4.08005615e+02, 8.92957092e+02,
    4.31765717e+02, 8.73606262e+02, 4.55919464e+02, 8.54119263e+02,
    4.80421722e+02, 8.34199463e+02, 5.05271484e+02, 8.13911499e+02,
    4.08174225e+02, 9.37488464e+02, 4.31725739e+02, 9.18575928e+02,
    4.55609131e+02, 8.99532410e+02, 4.79724976e+02, 8.80182373e+02,
    5.04369415e+02, 8.60514832e+02, 5.29337036e+02, 8.40615417e+02,
    4.31567871e+02, 9.62938232e+02, 4.55127869e+02, 9.44538696e+02,
    4.78903137e+02, 9.25736572e+02, 5.03049927e+02, 9.06750244e+02,
    5.27684265e+02, 8.87370300e+02, 5.52930603e+02, 8.67380127e+02 ]
