%YAML:1.0
---
points: [ 7.63633194e+01, 3.13957031e+02, 8.35223694e+01, 3.07899963e+02,
    9.06313477e+01, 3.01656952e+02, 9.80684128e+01, 2.95317841e+02,
    1.05626251e+02, 2.88786163e+02, 1.13408783e+02, 2.82142853e+02,
    8.46048889e+01, 3.22455231e+02, 9.15218506e+01, 3.16372284e+02,
    9.88239594e+01, 3.10337677e+02, 1.06249954e+02, 3.04042877e+02,
    1.13956078e+02, 2.97673370e+02, 1.21700806e+02, 2.91058228e+02,
    9.25396652e+01, 3.30740356e+02, 9.96948776e+01, 3.24937897e+02,
    1.07039574e+02, 3.18935913e+02, 1.14492981e+02, 3.12792267e+02,
    1.22150177e+02, 3.06436768e+02, 1.30129227e+02, 3.00055206e+02,
    1.00688988e+02, 3.39146301e+02, 1.07772194e+02, 3.33275299e+02,
    1.15152107e+02, 3.27430023e+02, 1.22704254e+02, 3.21347748e+02,
    1.30457932e+02, 3.15162598e+02, 1.38426620e+02, 3.08723022e+02,
    1.08590218e+02, 3.47203613e+02, 1.15880234e+02, 3.41641693e+02,
    1.23229645e+02, 3.35831970e+02, 1.30881760e+02, 3.29926544e+02,
    1.38667450e+02, 3.23791382e+02, 1.46736191e+02, 3.17502106e+02,
    1.16613441e+02, 3.55493469e+02, 1.23810730e+02, 3.49836670e+02,
    1.31308868e+02, 3.44217651e+02, 1.38989685e+02, 3.38348969e+02,
    1.46873627e+02, 3.32334290e+02, 1.54853027e+02, 3.26099976e+02,
    1.24306976e+02, 3.63473633e+02, 1.31718475e+02, 3.58219299e+02,
    1.39214462e+02, 3.52550262e+02, 1.46920273e+02, 3.46875427e+02,
    1.54816177e+02, 3.40926208e+02, 1.62950836e+02, 3.34885986e+02,
    1.32110672e+02, 3.71880402e+02, 1.39431107e+02, 3.66435333e+02,
    1.46946121e+02, 3.61154877e+02, 1.54690079e+02, 3.55500153e+02,
    1.62637024e+02, 3.49744293e+02, 1.70873779e+02, 3.43636017e+02 ]
