%YAML:1.0
---
points: [ 1.26409462e+02, 2.85199432e+02, 1.37548386e+02, 2.90869202e+02,
    1.48763290e+02, 2.96669495e+02, 1.59835526e+02, 3.02358582e+02,
    1.71078629e+02, 3.08077148e+02, 1.82210602e+02, 3.13902557e+02,
    1.22668640e+02, 2.94722473e+02, 1.33706848e+02, 3.00398926e+02,
    1.44721054e+02, 3.06055481e+02, 1.55763428e+02, 3.11753387e+02,
    1.66729553e+02, 3.17485168e+02, 1.77804504e+02, 3.23249786e+02,
    1.19139175e+02, 3.04005981e+02, 1.29959946e+02, 3.09662903e+02,
    1.40841614e+02, 3.15334534e+02, 1.51642517e+02, 3.20989349e+02,
    1.62540482e+02, 3.26707886e+02, 1.73406876e+02, 3.32324921e+02,
    1.15672668e+02, 3.13079163e+02, 1.26387978e+02, 3.18676758e+02,
    1.37045044e+02, 3.24255493e+02, 1.47750992e+02, 3.29900665e+02,
    1.58502213e+02, 3.35585297e+02, 1.69336090e+02, 3.41177887e+02,
    1.12295662e+02, 3.21781494e+02, 1.22865974e+02, 3.27423676e+02,
    1.33388519e+02, 3.33068207e+02, 1.43957779e+02, 3.38567505e+02,
    1.54651764e+02, 3.44165314e+02, 1.65332138e+02, 3.49672699e+02,
    1.09047867e+02, 3.30353699e+02, 1.19568138e+02, 3.35884949e+02,
    1.29869034e+02, 3.41412659e+02, 1.40362015e+02, 3.46979248e+02,
    1.50875198e+02, 3.52551880e+02, 1.61383255e+02, 3.58073334e+02,
    1.06011642e+02, 3.38748718e+02, 1.16116074e+02, 3.44205017e+02,
    1.26520424e+02, 3.49803497e+02, 1.36706528e+02, 3.55258179e+02,
    1.47188507e+02, 3.60739899e+02, 1.57479813e+02, 3.66171722e+02,
    1.02724396e+02, 3.47002747e+02, 1.12925575e+02, 3.52531067e+02,
    1.22874329e+02, 3.57952911e+02, 1.33181580e+02, 3.63569214e+02,
    1.43215683e+02, 3.68989838e+02, 1.53733597e+02, 3.74486298e+02 ]
