%YAML:1.0
---
points: [ 4.28391632e+02, 5.63803162e+02, 4.62601959e+02, 5.80397095e+02,
    4.96468445e+02, 5.96883484e+02, 5.30214172e+02, 6.13377075e+02,
    5.63686035e+02, 6.29671448e+02, 5.97278259e+02, 6.46048218e+02,
    4.19437958e+02, 5.93357788e+02, 4.53129944e+02, 6.09661194e+02,
    4.86545776e+02, 6.25845764e+02, 5.19643982e+02, 6.42051941e+02,
    5.52814392e+02, 6.58166016e+02, 5.85922546e+02, 6.74275146e+02,
    4.10530243e+02, 6.22060791e+02, 4.43769592e+02, 6.38191589e+02,
    4.76662872e+02, 6.54088867e+02, 5.09493042e+02, 6.70101746e+02,
    5.42116943e+02, 6.86108643e+02, 5.74724060e+02, 7.01917358e+02,
    4.02066010e+02, 6.49934631e+02, 4.34736206e+02, 6.65708740e+02,
    4.67401245e+02, 6.81620850e+02, 4.99630280e+02, 6.97325012e+02,
    5.31934998e+02, 7.13022400e+02, 5.64295776e+02, 7.28547119e+02,
    3.93675446e+02, 6.77182800e+02, 4.26068481e+02, 6.92865723e+02,
    4.58204834e+02, 7.08498474e+02, 4.90087738e+02, 7.23914001e+02,
    5.21942261e+02, 7.39337646e+02, 5.53955750e+02, 7.54555786e+02,
    3.85515198e+02, 7.03724731e+02, 4.17507843e+02, 7.19216431e+02,
    4.49263977e+02, 7.34547302e+02, 4.80813904e+02, 7.49657654e+02,
    5.12483154e+02, 7.64836914e+02, 5.43934326e+02, 7.79828918e+02,
    3.77344727e+02, 7.29699524e+02, 4.09025909e+02, 7.44869690e+02,
    4.40358978e+02, 7.60158203e+02, 4.71511963e+02, 7.75272217e+02,
    5.02574280e+02, 7.90112061e+02, 5.33754944e+02, 8.05215393e+02,
    3.69193573e+02, 7.55518738e+02, 4.00187500e+02, 7.70612183e+02,
    4.31044250e+02, 7.85706177e+02, 4.61716522e+02, 8.00591187e+02,
    4.92561584e+02, 8.15605896e+02, 5.23381775e+02, 8.30241150e+02 ]
