%YAML:1.0
---
points: [ 9.76399307e+01, 2.14601120e+02, 1.09433136e+02, 2.20259079e+02,
    1.21239799e+02, 2.25884094e+02, 1.32897934e+02, 2.31530182e+02,
    1.44630981e+02, 2.37107361e+02, 1.56190628e+02, 2.42720703e+02,
    9.43177643e+01, 2.24955795e+02, 1.05966621e+02, 2.30488754e+02,
    1.17541161e+02, 2.36025986e+02, 1.29068726e+02, 2.41567520e+02,
    1.40627090e+02, 2.47027100e+02, 1.52114609e+02, 2.52537155e+02,
    9.12028275e+01, 2.34838562e+02, 1.02580803e+02, 2.40414703e+02,
    1.14011269e+02, 2.45873810e+02, 1.25296021e+02, 2.51315384e+02,
    1.36721771e+02, 2.56749481e+02, 1.48031113e+02, 2.62183624e+02,
    8.80504379e+01, 2.44638214e+02, 9.92999191e+01, 2.49973541e+02,
    1.10571213e+02, 2.55434464e+02, 1.21774765e+02, 2.60804779e+02,
    1.32955078e+02, 2.66153503e+02, 1.44218201e+02, 2.71463898e+02,
    8.51213455e+01, 2.54007736e+02, 9.61597519e+01, 2.59416229e+02,
    1.07213554e+02, 2.64738434e+02, 1.18248428e+02, 2.70073792e+02,
    1.29344284e+02, 2.75298096e+02, 1.40443130e+02, 2.80500153e+02,
    8.21495209e+01, 2.63292542e+02, 9.31310501e+01, 2.68489502e+02,
    1.04001205e+02, 2.73805481e+02, 1.14884735e+02, 2.79041748e+02,
    1.25844749e+02, 2.84192871e+02, 1.36795837e+02, 2.89323639e+02,
    7.93047943e+01, 2.72216095e+02, 9.00473328e+01, 2.77485931e+02,
    1.00841507e+02, 2.82672272e+02, 1.11560196e+02, 2.87866699e+02,
    1.22351646e+02, 2.92995941e+02, 1.33103027e+02, 2.98114319e+02,
    7.63345413e+01, 2.81081238e+02, 8.70444565e+01, 2.86277710e+02,
    9.75019531e+01, 2.91573364e+02, 1.08165428e+02, 2.96656006e+02,
    1.18735001e+02, 3.01762146e+02, 1.29441727e+02, 3.06757050e+02 ]
