%YAML:1.0
---
points: [ 9.18401718e+01, 1.41559799e+02, 1.03706795e+02, 1.47566605e+02,
    1.15605064e+02, 1.53465286e+02, 1.27510399e+02, 1.59391342e+02,
    1.39395737e+02, 1.65278000e+02, 1.51201889e+02, 1.71216858e+02,
    8.84935074e+01, 1.52972610e+02, 1.00267242e+02, 1.58713486e+02,
    1.11968224e+02, 1.64565125e+02, 1.23712807e+02, 1.70325455e+02,
    1.35454590e+02, 1.76233826e+02, 1.47114746e+02, 1.82041458e+02,
    8.53182220e+01, 1.63896805e+02, 9.68655930e+01, 1.69668823e+02,
    1.08447197e+02, 1.75342117e+02, 1.19933723e+02, 1.81124222e+02,
    1.31504700e+02, 1.86825363e+02, 1.43059647e+02, 1.92537842e+02,
    8.22279816e+01, 1.74594833e+02, 9.36197052e+01, 1.80214142e+02,
    1.05022537e+02, 1.85896851e+02, 1.16430634e+02, 1.91503922e+02,
    1.27818672e+02, 1.97120773e+02, 1.39180038e+02, 2.02740646e+02,
    7.92517242e+01, 1.84941513e+02, 9.04296799e+01, 1.90553131e+02,
    1.01671806e+02, 1.96154694e+02, 1.12859604e+02, 2.01608643e+02,
    1.24238113e+02, 2.07180145e+02, 1.35465103e+02, 2.12598907e+02,
    7.62729034e+01, 1.95167068e+02, 8.73986511e+01, 2.00537170e+02,
    9.84502869e+01, 2.06073715e+02, 1.09555237e+02, 2.11517044e+02,
    1.20707474e+02, 2.16950409e+02, 1.31799469e+02, 2.22344238e+02,
    7.34882202e+01, 2.04956085e+02, 8.43367081e+01, 2.10452988e+02,
    9.53028946e+01, 2.15830414e+02, 1.06190781e+02, 2.21220291e+02,
    1.17179955e+02, 2.26539444e+02, 1.28111343e+02, 2.31843338e+02,
    7.04535522e+01, 2.14855331e+02, 8.13172607e+01, 2.20111496e+02,
    9.19774399e+01, 2.25443939e+02, 1.02768234e+02, 2.30789566e+02,
    1.13512665e+02, 2.36059738e+02, 1.24408928e+02, 2.41287567e+02 ]
