%YAML:1.0
---
points: [ 9.43790894e+01, 2.35468079e+02, 1.05262764e+02, 2.41428070e+02,
    1.16182266e+02, 2.47442917e+02, 1.27072212e+02, 2.53444962e+02,
    1.38136185e+02, 2.59421356e+02, 1.49157471e+02, 2.65505005e+02,
    8.96676559e+01, 2.46181427e+02, 1.00424553e+02, 2.52085709e+02,
    1.11249733e+02, 2.58119202e+02, 1.22121208e+02, 2.64101166e+02,
    1.32974396e+02, 2.70110016e+02, 1.43948029e+02, 2.76136932e+02,
    8.51198578e+01, 2.56695282e+02, 9.57139664e+01, 2.62710815e+02,
    1.06463760e+02, 2.68707977e+02, 1.17133614e+02, 2.74641327e+02,
    1.27891586e+02, 2.80647980e+02, 1.38769119e+02, 2.86697388e+02,
    8.06106720e+01, 2.67196289e+02, 9.11725235e+01, 2.73070312e+02,
    1.01717659e+02, 2.79107971e+02, 1.12318268e+02, 2.85074707e+02,
    1.23031944e+02, 2.91032928e+02, 1.33832458e+02, 2.97075043e+02,
    7.62777481e+01, 2.77350616e+02, 8.66551971e+01, 2.83445801e+02,
    9.71202774e+01, 2.89341644e+02, 1.07591858e+02, 2.95274292e+02,
    1.18220650e+02, 3.01299316e+02, 1.28967255e+02, 3.07257507e+02,
    7.19567947e+01, 2.87531250e+02, 8.23160934e+01, 2.93378448e+02,
    9.26312408e+01, 2.99407715e+02, 1.03070465e+02, 3.05364594e+02,
    1.13554558e+02, 3.11326660e+02, 1.24183495e+02, 3.17310486e+02,
    6.77617416e+01, 2.97337433e+02, 7.79323959e+01, 3.03397278e+02,
    8.82203140e+01, 3.09303864e+02, 9.84136734e+01, 3.15321045e+02,
    1.08900978e+02, 3.21299866e+02, 1.19383736e+02, 3.27292786e+02,
    6.34750252e+01, 3.07241455e+02, 7.36415787e+01, 3.13235138e+02,
    8.35728378e+01, 3.19284821e+02, 9.38739548e+01, 3.25260254e+02,
    1.04048897e+02, 3.31225647e+02, 1.14577530e+02, 3.37287903e+02 ]
