%YAML:1.0
---
points: [ 4.19562531e+02, 6.23697266e+02, 4.50771515e+02, 6.41263428e+02,
    4.82207336e+02, 6.58690491e+02, 5.13402588e+02, 6.76200012e+02,
    5.44743652e+02, 6.93781006e+02, 5.76231018e+02, 7.11469604e+02,
    4.05685913e+02, 6.54476440e+02, 4.36842133e+02, 6.71903992e+02,
    4.67855133e+02, 6.89440063e+02, 4.98844727e+02, 7.06796692e+02,
    5.30182617e+02, 7.24454407e+02, 5.61424500e+02, 7.42057617e+02,
    3.92375244e+02, 6.84990051e+02, 4.23149170e+02, 7.02374207e+02,
    4.53849762e+02, 7.19717346e+02, 4.84518341e+02, 7.37254639e+02,
    5.15451660e+02, 7.54743591e+02, 5.46468323e+02, 7.72406616e+02,
    3.79056366e+02, 7.15087952e+02, 4.09585754e+02, 7.32389893e+02,
    4.40202637e+02, 7.49756470e+02, 4.70672180e+02, 7.67174683e+02,
    5.01328156e+02, 7.84645203e+02, 5.32190369e+02, 8.02170593e+02,
    3.66017975e+02, 7.44651917e+02, 3.96292877e+02, 7.62044556e+02,
    4.26468750e+02, 7.79411987e+02, 4.56791168e+02, 7.96681580e+02,
    4.87384796e+02, 8.14189697e+02, 5.18082886e+02, 8.31660522e+02,
    3.52951385e+02, 7.73895020e+02, 3.83113953e+02, 7.91323547e+02,
    4.13248932e+02, 8.08599548e+02, 4.43329132e+02, 8.25912964e+02,
    4.73602417e+02, 8.43239807e+02, 5.04182800e+02, 8.60636963e+02,
    3.40020172e+02, 8.02964722e+02, 3.69860474e+02, 8.20263306e+02,
    3.99641052e+02, 8.37559021e+02, 4.29670319e+02, 8.54874573e+02,
    4.59650635e+02, 8.72318726e+02, 4.89872742e+02, 8.89715576e+02,
    3.26749207e+02, 8.31911865e+02, 3.56271423e+02, 8.49319519e+02,
    3.85787323e+02, 8.66633911e+02, 4.15394287e+02, 8.84123962e+02,
    4.45284271e+02, 9.01562073e+02, 4.75375122e+02, 9.18838257e+02 ]
