%YAML:1.0
---
points: [ 6.52094421e+02, 1.89330460e+02, 6.90149353e+02, 2.07622513e+02,
    7.27510498e+02, 2.25843063e+02, 7.64363953e+02, 2.43706085e+02,
    8.00629822e+02, 2.61522400e+02, 8.36559937e+02, 2.78989563e+02,
    6.40370850e+02, 2.25905258e+02, 6.77764526e+02, 2.43800690e+02,
    7.14601807e+02, 2.61565765e+02, 7.50869934e+02, 2.78964935e+02,
    7.86792542e+02, 2.96192627e+02, 8.22258911e+02, 3.13240662e+02,
    6.28868652e+02, 2.61535126e+02, 6.65838135e+02, 2.78916016e+02,
    7.02175903e+02, 2.96074219e+02, 7.37855896e+02, 3.12954468e+02,
    7.73240601e+02, 3.29881134e+02, 8.08242432e+02, 3.46405243e+02,
    6.17991211e+02, 2.95717865e+02, 6.54404785e+02, 3.12744019e+02,
    6.90147034e+02, 3.29549286e+02, 7.25366211e+02, 3.46045258e+02,
    7.60301697e+02, 3.62214996e+02, 7.94632507e+02, 3.78358551e+02,
    6.07363525e+02, 3.29041931e+02, 6.43258972e+02, 3.45564606e+02,
    6.78457886e+02, 3.61795227e+02, 7.13228699e+02, 3.77810394e+02,
    7.47526978e+02, 3.93621674e+02, 7.81679077e+02, 4.09163574e+02,
    5.97111816e+02, 3.61141205e+02, 6.32435364e+02, 3.77317017e+02,
    6.67323303e+02, 3.92972687e+02, 7.01500427e+02, 4.08557404e+02,
    7.35512390e+02, 4.23802521e+02, 7.68938599e+02, 4.39086823e+02,
    5.86799011e+02, 3.92277344e+02, 6.21705017e+02, 4.07800049e+02,
    6.56058289e+02, 4.23336670e+02, 6.89755127e+02, 4.38462158e+02,
    7.23419373e+02, 4.53483734e+02, 7.56585266e+02, 4.68469879e+02,
    5.76835083e+02, 4.22674652e+02, 6.11183105e+02, 4.38120026e+02,
    6.45026123e+02, 4.53201782e+02, 6.78342407e+02, 4.68196411e+02,
    7.11414734e+02, 4.82742706e+02, 7.44178467e+02, 4.97305420e+02 ]
