%YAML:1.0
---
points: [ 7.13372864e+02, 5.71078186e+02, 7.45624390e+02, 5.88413147e+02,
    7.77704346e+02, 6.05697571e+02, 8.09695251e+02, 6.23031677e+02,
    8.41734558e+02, 6.40493164e+02, 8.74011414e+02, 6.57907104e+02,
    6.97975281e+02, 6.02138611e+02, 7.29936523e+02, 6.19472046e+02,
    7.61846924e+02, 6.36624084e+02, 7.93601379e+02, 6.53880859e+02,
    8.25559692e+02, 6.71285278e+02, 8.57439209e+02, 6.88663452e+02,
    6.82593445e+02, 6.32982910e+02, 7.14471497e+02, 6.50197815e+02,
    7.46170654e+02, 6.67424500e+02, 7.77759277e+02, 6.84517517e+02,
    8.09369324e+02, 7.01778809e+02, 8.41245605e+02, 7.19198242e+02,
    6.67498840e+02, 6.63457214e+02, 6.99152039e+02, 6.80560669e+02,
    7.30646545e+02, 6.97628845e+02, 7.62035400e+02, 7.14776550e+02,
    7.93595093e+02, 7.31834900e+02, 8.25221130e+02, 7.49093201e+02,
    6.52476868e+02, 6.93592102e+02, 6.83983643e+02, 7.10586975e+02,
    7.15227356e+02, 7.27601624e+02, 7.46552185e+02, 7.44521179e+02,
    7.77794434e+02, 7.61660461e+02, 8.09345764e+02, 7.78648926e+02,
    6.37644287e+02, 7.23333557e+02, 6.68857117e+02, 7.40276794e+02,
    7.00178284e+02, 7.57200928e+02, 7.31224976e+02, 7.74019531e+02,
    7.62442688e+02, 7.90879211e+02, 7.93613403e+02, 8.07854370e+02,
    6.22857239e+02, 7.52732056e+02, 6.54046875e+02, 7.69550842e+02,
    6.84979004e+02, 7.86515808e+02, 7.15835571e+02, 8.03384094e+02,
    7.46826721e+02, 8.20279541e+02, 7.78030884e+02, 8.37208191e+02,
    6.08071411e+02, 7.82300110e+02, 6.38826843e+02, 7.99147827e+02,
    6.69567749e+02, 8.15936646e+02, 7.00266663e+02, 8.32836548e+02,
    7.31225281e+02, 8.49805664e+02, 7.62124573e+02, 8.66523743e+02 ]
