%YAML:1.0
---
points: [ 1.96421829e+02, 2.16239655e+02, 2.07623718e+02, 2.22163467e+02,
    2.18918610e+02, 2.28105194e+02, 2.29990402e+02, 2.33957794e+02,
    2.41220779e+02, 2.39922760e+02, 2.52412674e+02, 2.45859512e+02,
    1.91001205e+02, 2.27166748e+02, 2.02151001e+02, 2.33052094e+02,
    2.13294861e+02, 2.38892639e+02, 2.24412674e+02, 2.44763458e+02,
    2.35566177e+02, 2.50707947e+02, 2.46672775e+02, 2.56642303e+02,
    1.85629471e+02, 2.37895309e+02, 1.96738220e+02, 2.43749268e+02,
    2.07780930e+02, 2.49575348e+02, 2.18801987e+02, 2.55502945e+02,
    2.29884766e+02, 2.61359833e+02, 2.40931732e+02, 2.67264648e+02,
    1.80332306e+02, 2.48515076e+02, 1.91383240e+02, 2.54345581e+02,
    2.02363998e+02, 2.60168243e+02, 2.13349136e+02, 2.65958252e+02,
    2.24349609e+02, 2.71843323e+02, 2.35380386e+02, 2.77715332e+02,
    1.75073196e+02, 2.58993988e+02, 1.85997971e+02, 2.64817413e+02,
    1.96943405e+02, 2.70628174e+02, 2.07887772e+02, 2.76445251e+02,
    2.18815674e+02, 2.82260040e+02, 2.29779907e+02, 2.88076416e+02,
    1.69837158e+02, 2.69407043e+02, 1.80784027e+02, 2.75186737e+02,
    1.91657913e+02, 2.80944733e+02, 2.02522430e+02, 2.86739349e+02,
    2.13415222e+02, 2.92520447e+02, 2.24335785e+02, 2.98275238e+02,
    1.64483765e+02, 2.79790039e+02, 1.75581909e+02, 2.85443848e+02,
    1.86411316e+02, 2.91244629e+02, 1.97179276e+02, 2.96994202e+02,
    2.07994843e+02, 3.02784271e+02, 2.18864136e+02, 3.08561859e+02,
    1.59676376e+02, 2.89660187e+02, 1.70299362e+02, 2.95764130e+02,
    1.81018600e+02, 3.01490143e+02, 1.91764450e+02, 3.07316498e+02,
    2.02526611e+02, 3.13084625e+02, 2.13326675e+02, 3.18811218e+02 ]
