%YAML:1.0
---
points: [ 2.05977203e+02, 2.39052338e+02, 2.17476181e+02, 2.44696106e+02,
    2.28976196e+02, 2.50494614e+02, 2.40359024e+02, 2.56219940e+02,
    2.51825104e+02, 2.62001892e+02, 2.63253387e+02, 2.67769562e+02,
    2.00882614e+02, 2.49607483e+02, 2.12283081e+02, 2.55316559e+02,
    2.23669922e+02, 2.60963776e+02, 2.35030411e+02, 2.66703125e+02,
    2.46339874e+02, 2.72394592e+02, 2.57743805e+02, 2.78121399e+02,
    1.95868515e+02, 2.60022308e+02, 2.07188217e+02, 2.65673035e+02,
    2.18456329e+02, 2.71292633e+02, 2.29658417e+02, 2.76989166e+02,
    2.40945328e+02, 2.82659424e+02, 2.52165421e+02, 2.88358185e+02,
    1.90943283e+02, 2.70271790e+02, 2.02186432e+02, 2.75847443e+02,
    2.13365189e+02, 2.81443634e+02, 2.24521072e+02, 2.87108002e+02,
    2.35672180e+02, 2.92684631e+02, 2.46783768e+02, 2.98325531e+02,
    1.86164352e+02, 2.80315247e+02, 1.97248398e+02, 2.85870331e+02,
    2.08315369e+02, 2.91421509e+02, 2.19390991e+02, 2.96993561e+02,
    2.30452728e+02, 3.02523804e+02, 2.41558258e+02, 3.08052643e+02,
    1.81406601e+02, 2.90217163e+02, 1.92414017e+02, 2.95670319e+02,
    2.03403564e+02, 3.01188965e+02, 2.14356567e+02, 3.06664154e+02,
    2.25331543e+02, 3.12176819e+02, 2.36323502e+02, 3.17692566e+02,
    1.76722702e+02, 2.99919464e+02, 1.87663422e+02, 3.05376068e+02,
    1.98566467e+02, 3.10879517e+02, 2.09391235e+02, 3.16353729e+02,
    2.20267517e+02, 3.21813721e+02, 2.31134125e+02, 3.27275269e+02,
    1.72015167e+02, 3.09554840e+02, 1.82857422e+02, 3.15008972e+02,
    1.93653198e+02, 3.20547546e+02, 2.04400482e+02, 3.25977051e+02,
    2.15188492e+02, 3.31468048e+02, 2.26045898e+02, 3.36839691e+02 ]
