%YAML:1.0
---
points: [ 1.90979248e+02, 2.95614441e+02, 2.02590271e+02, 3.01241760e+02,
    2.14175018e+02, 3.06964752e+02, 2.25602997e+02, 3.12580078e+02,
    2.37076096e+02, 3.18318726e+02, 2.48461914e+02, 3.24055054e+02,
    1.85763062e+02, 3.05869293e+02, 1.97335678e+02, 3.11444183e+02,
    2.08758728e+02, 3.17055420e+02, 2.20136093e+02, 3.22676575e+02,
    2.31458557e+02, 3.28261963e+02, 2.42858521e+02, 3.33924500e+02,
    1.80636871e+02, 3.15876801e+02, 1.92078674e+02, 3.21478210e+02,
    2.03453339e+02, 3.27008911e+02, 2.14755096e+02, 3.32552307e+02,
    2.26011429e+02, 3.38214996e+02, 2.37305527e+02, 3.43640015e+02,
    1.75657074e+02, 3.25657257e+02, 1.87039551e+02, 3.31178101e+02,
    1.98266998e+02, 3.36756927e+02, 2.09418518e+02, 3.42257385e+02,
    2.20670044e+02, 3.47713226e+02, 2.31901627e+02, 3.53180756e+02,
    1.70789902e+02, 3.35270844e+02, 1.82014023e+02, 3.40763123e+02,
    1.93179840e+02, 3.46247040e+02, 2.04293030e+02, 3.51690338e+02,
    2.15419785e+02, 3.57125061e+02, 2.26516068e+02, 3.62428986e+02,
    1.66005325e+02, 3.44629669e+02, 1.77218674e+02, 3.50123413e+02,
    1.88198273e+02, 3.55507202e+02, 1.99279541e+02, 3.60879578e+02,
    2.10286499e+02, 3.66179443e+02, 2.21273102e+02, 3.71628845e+02,
    1.61341797e+02, 3.53983765e+02, 1.72300552e+02, 3.59296356e+02,
    1.83354462e+02, 3.64731018e+02, 1.94214249e+02, 3.69958405e+02,
    2.05259247e+02, 3.75369873e+02, 2.16123474e+02, 3.80500275e+02,
    1.56567535e+02, 3.63067932e+02, 1.67627625e+02, 3.68544464e+02,
    1.78346786e+02, 3.73743958e+02, 1.90023438e+02, 3.79116638e+02,
    2.00119110e+02, 3.84301208e+02, 2.11084457e+02, 3.89653931e+02 ]
