%YAML:1.0
---
points: [ 9.81044739e+02, 7.84120483e+02, 1.01350214e+03, 7.99398499e+02,
    1.04549780e+03, 8.14517334e+02, 1.07708777e+03, 8.29579163e+02,
    1.10843518e+03, 8.44458008e+02, 1.13957703e+03, 8.59386658e+02,
    9.63415405e+02, 8.14362610e+02, 9.95671509e+02, 8.29394226e+02,
    1.02758167e+03, 8.44284790e+02, 1.05915112e+03, 8.59150269e+02,
    1.09042456e+03, 8.73796387e+02, 1.12139636e+03, 8.88590088e+02,
    9.45824280e+02, 8.44091248e+02, 9.78124390e+02, 8.58989441e+02,
    1.00986298e+03, 8.73702515e+02, 1.04139905e+03, 8.88425781e+02,
    1.07257092e+03, 9.03118347e+02, 1.10355054e+03, 9.17480225e+02,
    9.28564453e+02, 8.73533569e+02, 9.60646057e+02, 8.88285400e+02,
    9.92521423e+02, 9.02732727e+02, 1.02370667e+03, 9.17145813e+02,
    1.05485828e+03, 9.31501831e+02, 1.08570898e+03, 9.45651611e+02,
    9.11446838e+02, 9.02728394e+02, 9.43526611e+02, 9.17073608e+02,
    9.75165344e+02, 9.31538086e+02, 1.00646478e+03, 9.45707703e+02,
    1.03746130e+03, 9.59665771e+02, 1.06820105e+03, 9.73497803e+02,
    8.94640503e+02, 9.31518250e+02, 9.26553772e+02, 9.45681030e+02,
    9.58198059e+02, 9.59782532e+02, 9.89326538e+02, 9.73647461e+02,
    1.02021912e+03, 9.87488220e+02, 1.05069580e+03, 1.00097992e+03,
    8.78022217e+02, 9.60125366e+02, 9.09799133e+02, 9.74131104e+02,
    9.41335876e+02, 9.88132690e+02, 9.72430237e+02, 1.00179749e+03,
    1.00323718e+03, 1.01536737e+03, 1.03375000e+03, 1.02885571e+03,
    8.61509888e+02, 9.88754700e+02, 8.93284119e+02, 1.00275427e+03,
    9.24599060e+02, 1.01659369e+03, 9.55562561e+02, 1.03037769e+03,
    9.86465942e+02, 1.04371106e+03, 1.01680780e+03, 1.05683215e+03 ]
