%YAML:1.0
---
points: [ 2.90543365e+02, 2.89483246e+02, 3.01740448e+02, 2.94731049e+02,
    3.12826385e+02, 2.99962860e+02, 3.23753693e+02, 3.05125671e+02,
    3.34691223e+02, 3.10303070e+02, 3.45439972e+02, 3.15350220e+02,
    2.84331268e+02, 3.00108063e+02, 2.95558319e+02, 3.05297180e+02,
    3.06642639e+02, 3.10396729e+02, 3.17513458e+02, 3.15488312e+02,
    3.28320648e+02, 3.20519592e+02, 3.39091705e+02, 3.25544952e+02,
    2.78237518e+02, 3.10526062e+02, 2.89328094e+02, 3.15604248e+02,
    3.00406647e+02, 3.20741547e+02, 3.11292511e+02, 3.25741486e+02,
    3.22117004e+02, 3.30747742e+02, 3.32792847e+02, 3.35627319e+02,
    2.72162201e+02, 3.20860779e+02, 2.83292542e+02, 3.25841309e+02,
    2.94252991e+02, 3.30869507e+02, 3.05126068e+02, 3.35795410e+02,
    3.15846069e+02, 3.40665527e+02, 3.26515869e+02, 3.45477295e+02,
    2.66205658e+02, 3.31011719e+02, 2.77217346e+02, 3.35978607e+02,
    2.88225128e+02, 3.40926605e+02, 2.98971710e+02, 3.45650055e+02,
    3.09762451e+02, 3.50456482e+02, 3.20287628e+02, 3.55037292e+02,
    2.60267639e+02, 3.41105927e+02, 2.71335510e+02, 3.45924164e+02,
    2.82198944e+02, 3.50754761e+02, 2.92919617e+02, 3.55415436e+02,
    3.03663513e+02, 3.60035217e+02, 3.14139343e+02, 3.64659729e+02,
    2.54486603e+02, 3.51012848e+02, 2.65403931e+02, 3.55778107e+02,
    2.76330170e+02, 3.60570221e+02, 2.87036041e+02, 3.65119385e+02,
    2.97660217e+02, 3.69763519e+02, 3.08110809e+02, 3.74022369e+02,
    2.48640854e+02, 3.60948578e+02, 2.59697906e+02, 3.65702057e+02,
    2.70412750e+02, 3.70232880e+02, 2.81299561e+02, 3.74968109e+02,
    2.91756927e+02, 3.79334351e+02, 3.02328705e+02, 3.83859711e+02 ]
