%YAML:1.0
---
points: [ 2.90555298e+02, 2.89445099e+02, 3.01714874e+02, 2.94700226e+02,
    3.12813904e+02, 2.99944305e+02, 3.23767151e+02, 3.05118896e+02,
    3.34648468e+02, 3.10269623e+02, 3.45429352e+02, 3.15246368e+02,
    2.84340729e+02, 2.99997650e+02, 2.95549072e+02, 3.05207397e+02,
    3.06600555e+02, 3.10351990e+02, 3.17485596e+02, 3.15450897e+02,
    3.28316498e+02, 3.20479431e+02, 3.39058502e+02, 3.25511322e+02,
    2.78215271e+02, 3.10490753e+02, 2.89328918e+02, 3.15622070e+02,
    3.00428528e+02, 3.20679077e+02, 3.11251282e+02, 3.25704132e+02,
    3.22117310e+02, 3.30708374e+02, 3.32794556e+02, 3.35541107e+02,
    2.72172485e+02, 3.20840942e+02, 2.83249573e+02, 3.25824463e+02,
    2.94257446e+02, 3.30787201e+02, 3.05129944e+02, 3.35752625e+02,
    3.15851410e+02, 3.40594482e+02, 3.26497467e+02, 3.45416473e+02,
    2.66234833e+02, 3.30928894e+02, 2.77238922e+02, 3.35902252e+02,
    2.88166931e+02, 3.40892456e+02, 2.98988403e+02, 3.45611115e+02,
    3.09753662e+02, 3.50412598e+02, 3.20251312e+02, 3.54980286e+02,
    2.60257660e+02, 3.41031586e+02, 2.71316498e+02, 3.45864594e+02,
    2.82177734e+02, 3.50666931e+02, 2.92919556e+02, 3.55381073e+02,
    3.03636566e+02, 3.59964325e+02, 3.14122070e+02, 3.64616669e+02,
    2.54491684e+02, 3.50965881e+02, 2.65413055e+02, 3.55699982e+02,
    2.76355103e+02, 3.60475616e+02, 2.87042664e+02, 3.65036194e+02,
    2.97666443e+02, 3.69686737e+02, 3.08136108e+02, 3.73967102e+02,
    2.48637787e+02, 3.60897308e+02, 2.59703583e+02, 3.65624329e+02,
    2.70444672e+02, 3.70198059e+02, 2.81335114e+02, 3.74907440e+02,
    2.91745331e+02, 3.79287689e+02, 3.02309784e+02, 3.83832642e+02 ]
