%YAML:1.0
---
points: [ 9.85269836e+02, 6.65109924e+02, 1.01749988e+03, 6.80930481e+02,
    1.04915186e+03, 6.96674927e+02, 1.08052893e+03, 7.12416748e+02,
    1.11151355e+03, 7.27886047e+02, 1.14239636e+03, 7.43407288e+02,
    9.67571045e+02, 6.95512085e+02, 9.99522034e+02, 7.11282654e+02,
    1.03126990e+03, 7.26702087e+02, 1.06246777e+03, 7.42216492e+02,
    1.09348230e+03, 7.57495361e+02, 1.12417078e+03, 7.72690125e+02,
    9.49996521e+02, 7.25653931e+02, 9.81930847e+02, 7.41241699e+02,
    1.01350061e+03, 7.56497314e+02, 1.04465369e+03, 7.71674500e+02,
    1.07549927e+03, 7.86853516e+02, 1.10630481e+03, 8.01788635e+02,
    9.32712097e+02, 7.55351501e+02, 9.64531738e+02, 7.70536438e+02,
    9.96037476e+02, 7.85694885e+02, 1.02699268e+03, 8.00610718e+02,
    1.05782056e+03, 8.15470581e+02, 1.08837683e+03, 8.30366150e+02,
    9.15664001e+02, 7.84659546e+02, 9.47465393e+02, 7.99662659e+02,
    9.78673523e+02, 8.14641785e+02, 1.00966034e+03, 8.29388000e+02,
    1.04032800e+03, 8.43849182e+02, 1.07067834e+03, 8.58327026e+02,
    8.98947937e+02, 8.13600464e+02, 9.30459717e+02, 8.28397461e+02,
    9.61737610e+02, 8.43044128e+02, 9.92495850e+02, 8.57583252e+02,
    1.02310876e+03, 8.71850952e+02, 1.05336829e+03, 8.86094360e+02,
    8.82342712e+02, 8.42287903e+02, 9.13841797e+02, 8.56943237e+02,
    9.44910706e+02, 8.71409119e+02, 9.75629639e+02, 8.85640869e+02,
    1.00613898e+03, 8.99829956e+02, 1.03639380e+03, 9.14031311e+02,
    8.65835938e+02, 8.71050842e+02, 8.97329834e+02, 8.85574890e+02,
    9.28352356e+02, 9.00000244e+02, 9.58812317e+02, 9.14248291e+02,
    9.89386292e+02, 9.28332581e+02, 1.01950171e+03, 9.41916809e+02 ]
