%YAML:1.0
---
points: [ 1.04972607e+03, 7.03682983e+02, 1.08161218e+03, 7.22354980e+02,
    1.11338318e+03, 7.40974182e+02, 1.14515906e+03, 7.59603210e+02,
    1.17695483e+03, 7.78379272e+02, 1.20910938e+03, 7.97299072e+02,
    1.03124988e+03, 7.35170837e+02, 1.06301074e+03, 7.53645447e+02,
    1.09470496e+03, 7.72414062e+02, 1.12639771e+03, 7.91053284e+02,
    1.15835059e+03, 8.09821960e+02, 1.19034644e+03, 8.28691589e+02,
    1.01266479e+03, 7.66498230e+02, 1.04443433e+03, 7.85082947e+02,
    1.07608240e+03, 8.03698608e+02, 1.10780359e+03, 8.22396729e+02,
    1.13964221e+03, 8.41343018e+02, 1.17160559e+03, 8.60302124e+02,
    9.94214111e+02, 7.97714661e+02, 1.02571777e+03, 8.16334534e+02,
    1.05751648e+03, 8.35119080e+02, 1.08925488e+03, 8.53792725e+02,
    1.12094043e+03, 8.72598450e+02, 1.15273303e+03, 8.91456787e+02,
    9.75621399e+02, 8.28846069e+02, 1.00737732e+03, 8.47589722e+02,
    1.03897021e+03, 8.66327271e+02, 1.07060046e+03, 8.84987427e+02,
    1.10239026e+03, 9.03828186e+02, 1.13420020e+03, 9.22614197e+02,
    9.57393616e+02, 8.60047485e+02, 9.88891418e+02, 8.78656738e+02,
    1.02052283e+03, 8.97444336e+02, 1.05206128e+03, 9.16139648e+02,
    1.08376367e+03, 9.34830261e+02, 1.11550159e+03, 9.53664246e+02,
    9.38944458e+02, 8.91134705e+02, 9.70630676e+02, 9.09820068e+02,
    1.00217645e+03, 9.28661194e+02, 1.03365405e+03, 9.47400940e+02,
    1.06542627e+03, 9.66258484e+02, 1.09706030e+03, 9.85121521e+02,
    9.20625610e+02, 9.22553040e+02, 9.52086548e+02, 9.41454773e+02,
    9.83656067e+02, 9.60342773e+02, 1.01525757e+03, 9.79223206e+02,
    1.04686865e+03, 9.98164612e+02, 1.07855420e+03, 1.01685010e+03 ]
