%YAML:1.0
---
points: [ 3.13825775e+02, 2.61385529e+02, 3.25008942e+02, 2.67767975e+02,
    3.36199707e+02, 2.74210754e+02, 3.47437775e+02, 2.80650024e+02,
    3.58623230e+02, 2.87076599e+02, 3.69885040e+02, 2.93557770e+02,
    3.07499023e+02, 2.72284485e+02, 3.18658539e+02, 2.78798950e+02,
    3.29800995e+02, 2.85175964e+02, 3.40977020e+02, 2.91649048e+02,
    3.52184082e+02, 2.98105530e+02, 3.63406311e+02, 3.04541626e+02,
    3.01118134e+02, 2.83355286e+02, 3.12252106e+02, 2.89698212e+02,
    3.23461853e+02, 2.96188690e+02, 3.34546814e+02, 3.02570099e+02,
    3.45772736e+02, 3.09116882e+02, 3.56956726e+02, 3.15501526e+02,
    2.94767120e+02, 2.94213562e+02, 3.05840546e+02, 3.00701416e+02,
    3.17027130e+02, 3.07086884e+02, 3.28130432e+02, 3.13540985e+02,
    3.39308014e+02, 3.20000336e+02, 3.50454041e+02, 3.26473145e+02,
    2.88412598e+02, 3.05150330e+02, 2.99561798e+02, 3.11628235e+02,
    3.10664673e+02, 3.18047607e+02, 3.21761597e+02, 3.24456116e+02,
    3.32832001e+02, 3.30921143e+02, 3.43988708e+02, 3.37284912e+02,
    2.82112732e+02, 3.16040100e+02, 2.93224823e+02, 3.22465485e+02,
    3.04259888e+02, 3.28882050e+02, 3.15379272e+02, 3.35319580e+02,
    3.26480804e+02, 3.41679169e+02, 3.37562164e+02, 3.48122070e+02,
    2.75820923e+02, 3.26904907e+02, 2.86908142e+02, 3.33368896e+02,
    2.97965393e+02, 3.39801086e+02, 3.09035889e+02, 3.46122833e+02,
    3.20156769e+02, 3.52619629e+02, 3.31161926e+02, 3.58885986e+02,
    2.69535614e+02, 3.37883728e+02, 2.80571960e+02, 3.44329041e+02,
    2.91655914e+02, 3.50759705e+02, 3.02750031e+02, 3.57230774e+02,
    3.13815460e+02, 3.63571014e+02, 3.24818573e+02, 3.69932343e+02 ]
