%YAML:1.0
---
points: [ 1.34009583e+03, 7.24270401e+01, 1.36928125e+03, 9.10079803e+01,
    1.39767456e+03, 1.09060966e+02, 1.42551624e+03, 1.26776505e+02,
    1.45266187e+03, 1.44174164e+02, 1.47944580e+03, 1.61242844e+02,
    1.31706470e+03, 1.09241020e+02, 1.34599255e+03, 1.27033119e+02,
    1.37442065e+03, 1.44539978e+02, 1.40203076e+03, 1.61576584e+02,
    1.42923926e+03, 1.78333420e+02, 1.45581287e+03, 1.94609421e+02,
    1.29448840e+03, 1.44918716e+02, 1.32338391e+03, 1.62194916e+02,
    1.35154785e+03, 1.78979797e+02, 1.37925037e+03, 1.95451477e+02,
    1.40633118e+03, 2.11645874e+02, 1.43289978e+03, 2.27483948e+02,
    1.27261438e+03, 1.79560303e+02, 1.30124158e+03, 1.96239166e+02,
    1.32940173e+03, 2.12509048e+02, 1.35672693e+03, 2.28350006e+02,
    1.38372253e+03, 2.43834320e+02, 1.41006006e+03, 2.59232208e+02,
    1.25131848e+03, 2.13326233e+02, 1.27986084e+03, 2.29355026e+02,
    1.30769250e+03, 2.44939270e+02, 1.33504236e+03, 2.60333679e+02,
    1.36169067e+03, 2.75328888e+02, 1.38811755e+03, 2.89980865e+02,
    1.23088525e+03, 2.45957458e+02, 1.25906165e+03, 2.61452271e+02,
    1.28679871e+03, 2.76481171e+02, 1.31375732e+03, 2.91262177e+02,
    1.34048242e+03, 3.05770630e+02, 1.36651147e+03, 3.19927917e+02,
    1.21102991e+03, 2.77698456e+02, 1.23917493e+03, 2.92603302e+02,
    1.26652600e+03, 3.07329071e+02, 1.29355933e+03, 3.21547394e+02,
    1.31990808e+03, 3.35636475e+02, 1.34603821e+03, 3.49421570e+02,
    1.19170935e+03, 3.08769318e+02, 1.21966174e+03, 3.23362976e+02,
    1.24721130e+03, 3.37551758e+02, 1.27393311e+03, 3.51495026e+02,
    1.30046619e+03, 3.65160156e+02, 1.32615405e+03, 3.78422516e+02 ]
