%YAML:1.0
---
points: [ 4.12220520e+02, 4.21196175e+01, 4.22035370e+02, 4.86294632e+01,
    4.31294739e+02, 5.49137192e+01, 4.40582672e+02, 6.11058846e+01,
    4.49306854e+02, 6.71362839e+01, 4.58225281e+02, 7.30642090e+01,
    4.04633759e+02, 5.43904419e+01, 4.14277496e+02, 6.05000267e+01,
    4.23775726e+02, 6.65954895e+01, 4.32916290e+02, 7.25471497e+01,
    4.41955444e+02, 7.83504944e+01, 4.50564423e+02, 8.41172791e+01,
    3.96918610e+02, 6.63291473e+01, 4.06755493e+02, 7.23801041e+01,
    4.16117554e+02, 7.81689301e+01, 4.25409027e+02, 8.39505920e+01,
    4.34303162e+02, 8.95960846e+01, 4.43223999e+02, 9.51057663e+01,
    3.89456238e+02, 7.82438736e+01, 3.99147766e+02, 8.40245667e+01,
    4.08656311e+02, 8.96001129e+01, 4.17758026e+02, 9.51722260e+01,
    4.26845459e+02, 1.00514099e+02, 4.35536835e+02, 1.05903702e+02,
    3.82005493e+02, 8.98393707e+01, 3.91673889e+02, 9.53843613e+01,
    4.01622040e+02, 1.00685028e+02, 4.10341553e+02, 1.06136208e+02,
    4.19266998e+02, 1.11357880e+02, 4.28133057e+02, 1.16363274e+02,
    3.74728027e+02, 1.01171570e+02, 3.84332611e+02, 1.06538933e+02,
    3.93820312e+02, 1.11747353e+02, 4.02916718e+02, 1.16906242e+02,
    4.11954895e+02, 1.21825897e+02, 4.20621552e+02, 1.26839256e+02,
    3.67641266e+02, 1.12345390e+02, 3.77230438e+02, 1.17436249e+02,
    3.86586670e+02, 1.22532478e+02, 3.95823547e+02, 1.27388725e+02,
    4.04767944e+02, 1.32298904e+02, 4.13587982e+02, 1.37038635e+02,
    3.60745270e+02, 1.23220100e+02, 3.70295807e+02, 1.28249817e+02,
    3.79769257e+02, 1.33095230e+02, 3.88895294e+02, 1.37922897e+02,
    3.97848877e+02, 1.42558792e+02, 4.06564178e+02, 1.47193207e+02 ]
