%YAML:1.0
---
points: [ 3.94488190e+02, 2.47022934e+02, 4.03822021e+02, 2.52912933e+02,
    4.12939880e+02, 2.58631409e+02, 4.22047516e+02, 2.64328613e+02,
    4.30858307e+02, 2.69998993e+02, 4.39795166e+02, 2.75516663e+02,
    3.88418579e+02, 2.56996094e+02, 3.97713684e+02, 2.62784088e+02,
    4.06916992e+02, 2.68446472e+02, 4.16013336e+02, 2.74200256e+02,
    4.25004822e+02, 2.79700348e+02, 4.33785889e+02, 2.85354645e+02,
    3.82323273e+02, 2.66943726e+02, 3.91594696e+02, 2.72630829e+02,
    4.00844666e+02, 2.78385956e+02, 4.10019928e+02, 2.83985565e+02,
    4.18991821e+02, 2.89632965e+02, 4.28012939e+02, 2.95016663e+02,
    3.76116150e+02, 2.76789978e+02, 3.85552399e+02, 2.82537384e+02,
    3.94858551e+02, 2.88216064e+02, 4.03987946e+02, 2.93864807e+02,
    4.13011414e+02, 2.99340454e+02, 4.21837921e+02, 3.04829346e+02,
    3.69932404e+02, 2.86717041e+02, 3.79439636e+02, 2.92396881e+02,
    3.88752808e+02, 2.98095856e+02, 3.97972290e+02, 3.03621735e+02,
    4.06994598e+02, 3.09121063e+02, 4.15945435e+02, 3.14353546e+02,
    3.63933624e+02, 2.96584473e+02, 3.73328156e+02, 3.02294067e+02,
    3.82772675e+02, 3.07859253e+02, 3.91803314e+02, 3.13406158e+02,
    4.01009583e+02, 3.18778961e+02, 4.09833435e+02, 3.24158569e+02,
    3.57906097e+02, 3.06499725e+02, 3.67371490e+02, 3.12115204e+02,
    3.76719025e+02, 3.17719299e+02, 3.85947205e+02, 3.23187042e+02,
    3.95035980e+02, 3.28576050e+02, 4.04029999e+02, 3.33758392e+02,
    3.51911377e+02, 3.16462524e+02, 3.61417725e+02, 3.22103699e+02,
    3.70843170e+02, 3.27646362e+02, 3.80129150e+02, 3.33126770e+02,
    3.89257385e+02, 3.38398041e+02, 3.98184235e+02, 3.43752258e+02 ]
