%YAML:1.0
---
points: [ 3.85370392e+02, 1.47476044e+02, 3.94660004e+02, 1.53902985e+02,
    4.03638611e+02, 1.60252304e+02, 4.12700317e+02, 1.66466675e+02,
    4.21402405e+02, 1.72681702e+02, 4.30197205e+02, 1.78806274e+02,
    3.77662781e+02, 1.57732483e+02, 3.86848999e+02, 1.64043930e+02,
    3.96008606e+02, 1.70208084e+02, 4.04858368e+02, 1.76364166e+02,
    4.13756409e+02, 1.82316940e+02, 4.22420593e+02, 1.88386688e+02,
    3.69999664e+02, 1.67795105e+02, 3.79276215e+02, 1.73961823e+02,
    3.88341766e+02, 1.80080765e+02, 3.97328308e+02, 1.85997391e+02,
    4.06098541e+02, 1.91994675e+02, 4.14905609e+02, 1.97889877e+02,
    3.62518738e+02, 1.77669983e+02, 3.71726624e+02, 1.83709396e+02,
    3.80831482e+02, 1.89694122e+02, 3.89722504e+02, 1.95541733e+02,
    3.98605438e+02, 2.01349487e+02, 4.07254761e+02, 2.07108429e+02,
    3.55099701e+02, 1.87350540e+02, 3.64322144e+02, 1.93287537e+02,
    3.73419952e+02, 1.99139847e+02, 3.82374573e+02, 2.04887146e+02,
    3.91091339e+02, 2.10594025e+02, 3.99853363e+02, 2.16221375e+02,
    3.47922546e+02, 1.96830063e+02, 3.57122620e+02, 2.02662628e+02,
    3.66153168e+02, 2.08392288e+02, 3.75043396e+02, 2.14062500e+02,
    3.83832336e+02, 2.19597687e+02, 3.92445831e+02, 2.25090683e+02,
    3.40860413e+02, 2.06163956e+02, 3.50017548e+02, 2.11872192e+02,
    3.59030243e+02, 2.17541000e+02, 3.67927338e+02, 2.23101028e+02,
    3.76664459e+02, 2.28560822e+02, 3.85389923e+02, 2.33977020e+02,
    3.33927856e+02, 2.15412628e+02, 3.43070404e+02, 2.21057602e+02,
    3.52136902e+02, 2.26639511e+02, 3.60972992e+02, 2.32117569e+02,
    3.69826935e+02, 2.37499344e+02, 3.78315063e+02, 2.42843124e+02 ]
