%YAML:1.0
---
points: [ 4.15098999e+02, 2.91354492e+02, 4.24823486e+02, 2.97307648e+02,
    4.34213409e+02, 3.03294678e+02, 4.43643768e+02, 3.09113434e+02,
    4.52575104e+02, 3.14936707e+02, 4.61677582e+02, 3.20413177e+02,
    4.07740143e+02, 3.00902191e+02, 4.17380371e+02, 3.06978424e+02,
    4.26905273e+02, 3.12776031e+02, 4.36147430e+02, 3.18653809e+02,
    4.45339233e+02, 3.24204956e+02, 4.54181213e+02, 3.29844757e+02,
    4.00351959e+02, 3.10447723e+02, 4.10040588e+02, 3.16299072e+02,
    4.19489929e+02, 3.22236511e+02, 4.28851746e+02, 3.27879333e+02,
    4.37932648e+02, 3.33618073e+02, 4.47027832e+02, 3.38920898e+02,
    3.93124664e+02, 3.19772522e+02, 4.02659729e+02, 3.25671814e+02,
    4.12245819e+02, 3.31358429e+02, 4.21489868e+02, 3.37118256e+02,
    4.30665497e+02, 3.42527405e+02, 4.39567932e+02, 3.48029144e+02,
    3.85888580e+02, 3.29059753e+02, 3.95554718e+02, 3.34748322e+02,
    4.04982697e+02, 3.40602997e+02, 4.14278839e+02, 3.46104370e+02,
    4.23374084e+02, 3.51618164e+02, 4.32285675e+02, 3.56722595e+02,
    3.78846313e+02, 3.38158112e+02, 3.88347198e+02, 3.43929993e+02,
    3.97907928e+02, 3.49498871e+02, 4.07068146e+02, 3.55043640e+02,
    4.16180420e+02, 3.60227142e+02, 4.25061310e+02, 3.65552979e+02,
    3.71870514e+02, 3.47317200e+02, 3.81433502e+02, 3.52840088e+02,
    3.90803192e+02, 3.58469360e+02, 4.00078125e+02, 3.63805939e+02,
    4.09103973e+02, 3.69161163e+02, 4.18038574e+02, 3.74126709e+02,
    3.64961670e+02, 3.56117249e+02, 3.74544678e+02, 3.61903839e+02,
    3.83901367e+02, 3.67340424e+02, 3.93114441e+02, 3.72858124e+02,
    4.02206848e+02, 3.77850281e+02, 4.11005829e+02, 3.83091187e+02 ]
