%YAML:1.0
---
points: [ 3.91272583e+02, 3.00270477e+02, 3.98411346e+02, 3.10226501e+02,
    4.06002136e+02, 3.20646515e+02, 4.14502380e+02, 3.32243927e+02,
    4.23390900e+02, 3.44637970e+02, 4.33322876e+02, 3.58216797e+02,
    3.75331085e+02, 3.01795288e+02, 3.81882721e+02, 3.11694489e+02,
    3.89031799e+02, 3.22497772e+02, 3.96742554e+02, 3.34188263e+02,
    4.05056763e+02, 3.46952148e+02, 4.13912354e+02, 3.60773804e+02,
    3.59264160e+02, 3.03226990e+02, 3.65172333e+02, 3.13366425e+02,
    3.71598358e+02, 3.24240143e+02, 3.78596985e+02, 3.36091370e+02,
    3.86006744e+02, 3.48921234e+02, 3.94401642e+02, 3.62989197e+02,
    3.43152100e+02, 3.04802277e+02, 3.48409363e+02, 3.14940552e+02,
    3.54087341e+02, 3.26016388e+02, 3.60224365e+02, 3.37992645e+02,
    3.67021637e+02, 3.51093536e+02, 3.74295990e+02, 3.65685608e+02,
    3.27040100e+02, 3.06270355e+02, 3.31501923e+02, 3.16471039e+02,
    3.36533417e+02, 3.27771698e+02, 3.41837494e+02, 3.39956299e+02,
    3.47713379e+02, 3.53213806e+02, 3.54132629e+02, 3.67924133e+02,
    3.10798126e+02, 3.07791107e+02, 3.14581268e+02, 3.18072418e+02,
    3.18693512e+02, 3.29394073e+02, 3.23261627e+02, 3.41698853e+02,
    3.28297699e+02, 3.55293213e+02, 3.33764771e+02, 3.70245972e+02,
    2.94575378e+02, 3.09230927e+02, 2.97588928e+02, 3.19696747e+02,
    3.01057068e+02, 3.31044952e+02, 3.04705048e+02, 3.43480713e+02,
    3.08670380e+02, 3.57080261e+02, 3.13226166e+02, 3.72241852e+02,
    2.78108948e+02, 3.10672272e+02, 2.80453522e+02, 3.20946106e+02,
    2.83020508e+02, 3.32393738e+02, 2.85916779e+02, 3.44751740e+02,
    2.88964325e+02, 3.58410217e+02, 2.92313995e+02, 3.73859741e+02 ]
