%YAML:1.0
---
points: [ 3.31097717e+02, 9.92897522e+02, 3.70048431e+02, 9.41525391e+02,
    4.07135376e+02, 8.95629395e+02, 4.39449860e+02, 8.54462463e+02,
    4.69745422e+02, 8.16672546e+02, 4.97228210e+02, 7.81906067e+02,
    3.91363983e+02, 1.00035492e+03, 4.29448547e+02, 9.48159729e+02,
    4.62322693e+02, 9.01577820e+02, 4.92929779e+02, 8.59415588e+02,
    5.20593445e+02, 8.20643738e+02, 5.46130310e+02, 7.85251648e+02,
    4.53827057e+02, 1.00639142e+03, 4.87364990e+02, 9.53614868e+02,
    5.18332031e+02, 9.06325500e+02, 5.46175354e+02, 8.62995911e+02,
    5.71908142e+02, 8.24024170e+02, 5.95047974e+02, 7.88197327e+02,
    5.15245300e+02, 1.01173938e+03, 5.46663757e+02, 9.58403687e+02,
    5.74724365e+02, 9.10056213e+02, 6.00387085e+02, 8.66893677e+02,
    6.23467041e+02, 8.27435486e+02, 6.44741150e+02, 7.91073914e+02,
    5.79019470e+02, 1.01747839e+03, 6.06837769e+02, 9.63195679e+02,
    6.32573547e+02, 9.14465820e+02, 6.55130249e+02, 8.70583069e+02,
    6.76305908e+02, 8.30554626e+02, 6.94895264e+02, 7.93983765e+02,
    6.43145813e+02, 1.02252026e+03, 6.68439087e+02, 9.67785400e+02,
    6.90544861e+02, 9.18562866e+02, 7.10890503e+02, 8.74388916e+02,
    7.28844971e+02, 8.33907288e+02, 7.45850220e+02, 7.96806458e+02,
    7.09105957e+02, 1.02873596e+03, 7.30256470e+02, 9.72997986e+02,
    7.49825378e+02, 9.22991943e+02, 7.66760071e+02, 8.78075134e+02,
    7.82814941e+02, 8.37404541e+02, 7.96738708e+02, 8.00139221e+02,
    7.74806702e+02, 1.03442639e+03, 7.93146851e+02, 9.78491333e+02,
    8.08860657e+02, 9.27368591e+02, 8.23781799e+02, 8.82341370e+02,
    8.36782898e+02, 8.41011780e+02, 8.48781250e+02, 8.03284424e+02 ]
