%YAML:1.0
---
points: [ 3.14349396e+02, 9.09931152e+02, 3.56372345e+02, 8.64368469e+02,
    3.95853394e+02, 8.22907471e+02, 4.31150421e+02, 7.85670166e+02,
    4.64636627e+02, 7.50907471e+02, 4.95016083e+02, 7.18881042e+02,
    3.64713043e+02, 9.18469116e+02, 4.05898468e+02, 8.71759888e+02,
    4.42815918e+02, 8.29535522e+02, 4.76946228e+02, 7.91088806e+02,
    5.08463531e+02, 7.55307190e+02, 5.37212341e+02, 7.22400391e+02,
    4.16688934e+02, 9.25766602e+02, 4.55398315e+02, 8.78381165e+02,
    4.91071136e+02, 8.35179260e+02, 5.23379089e+02, 7.95431030e+02,
    5.52966797e+02, 7.59409424e+02, 5.80621033e+02, 7.25570190e+02,
    4.69275940e+02, 9.32781555e+02, 5.06590332e+02, 8.83990723e+02,
    5.39873535e+02, 8.39859192e+02, 5.70674622e+02, 7.99824280e+02,
    5.98841064e+02, 7.62909851e+02, 6.24860596e+02, 7.28842834e+02,
    5.23876526e+02, 9.39940796e+02, 5.58616638e+02, 8.90359741e+02,
    5.90481201e+02, 8.45416565e+02, 6.19356140e+02, 8.04356323e+02,
    6.46012085e+02, 7.66765259e+02, 6.70205078e+02, 7.32138855e+02,
    5.79652222e+02, 9.47077026e+02, 6.12621216e+02, 8.96437073e+02,
    6.42356445e+02, 8.50583374e+02, 6.69351074e+02, 8.09161560e+02,
    6.93938110e+02, 7.70657288e+02, 7.16624390e+02, 7.35428467e+02,
    6.37909912e+02, 9.55147217e+02, 6.68159058e+02, 9.03145203e+02,
    6.95584534e+02, 8.56411316e+02, 7.20471619e+02, 8.13681946e+02,
    7.43266235e+02, 7.74696533e+02, 7.63732666e+02, 7.39004700e+02,
    6.97401306e+02, 9.62906921e+02, 7.25258057e+02, 9.09983215e+02,
    7.50211182e+02, 8.61982056e+02, 7.72844543e+02, 8.18648743e+02,
    7.93469788e+02, 7.79111328e+02, 8.12337708e+02, 7.42702332e+02 ]
