%YAML:1.0
---
points: [ 7.63614655e+01, 3.33906616e+02, 8.84391251e+01, 3.18420624e+02,
    9.97414551e+01, 3.04414429e+02, 1.10290749e+02, 2.91331451e+02,
    1.20025574e+02, 2.79423828e+02, 1.29114944e+02, 2.68217865e+02,
    9.39881668e+01, 3.36868256e+02, 1.05661880e+02, 3.21061584e+02,
    1.16358284e+02, 3.06573944e+02, 1.26396385e+02, 2.93149231e+02,
    1.35641006e+02, 2.80802582e+02, 1.44279465e+02, 2.69257385e+02,
    1.12200920e+02, 3.39552216e+02, 1.23278732e+02, 3.23273590e+02,
    1.33480469e+02, 3.08318481e+02, 1.42856857e+02, 2.94637878e+02,
    1.51599548e+02, 2.82009491e+02, 1.59562744e+02, 2.70272247e+02,
    1.30998672e+02, 3.41890594e+02, 1.41351425e+02, 3.25280609e+02,
    1.50959641e+02, 3.09970795e+02, 1.59791473e+02, 2.95925323e+02,
    1.67808960e+02, 2.83175537e+02, 1.75412277e+02, 2.71260773e+02,
    1.50247757e+02, 3.44503326e+02, 1.60008118e+02, 3.27327423e+02,
    1.68960464e+02, 3.11762665e+02, 1.77135666e+02, 2.97402588e+02,
    1.84624573e+02, 2.84297272e+02, 1.91433456e+02, 2.72254883e+02,
    1.70271866e+02, 3.46798981e+02, 1.79301865e+02, 3.29285004e+02,
    1.87391022e+02, 3.13399445e+02, 1.94882767e+02, 2.98841370e+02,
    2.01711212e+02, 2.85560760e+02, 2.08045898e+02, 2.73225372e+02,
    1.91075531e+02, 3.49493774e+02, 1.99154022e+02, 3.31560730e+02,
    2.06509109e+02, 3.15183594e+02, 2.13226837e+02, 3.00267670e+02,
    2.19291229e+02, 2.86780945e+02, 2.24833496e+02, 2.74326630e+02,
    2.12346054e+02, 3.52089508e+02, 2.19501816e+02, 3.33780121e+02,
    2.25968048e+02, 3.17037262e+02, 2.31830338e+02, 3.01960175e+02,
    2.37126419e+02, 2.88156616e+02, 2.42102631e+02, 2.75500610e+02 ]
