%YAML:1.0
---
points: [ 8.79278336e+01, 3.07204987e+02, 1.01454247e+02, 2.91378815e+02,
    1.14127068e+02, 2.77144714e+02, 1.25839745e+02, 2.64000610e+02,
    1.36615341e+02, 2.52042465e+02, 1.46646225e+02, 2.40744507e+02,
    1.05841637e+02, 3.11275787e+02, 1.19049690e+02, 2.95176636e+02,
    1.31123856e+02, 2.80301056e+02, 1.42293564e+02, 2.66708252e+02,
    1.52568466e+02, 2.54259491e+02, 1.62069763e+02, 2.42596176e+02,
    1.24419693e+02, 3.15184387e+02, 1.36978409e+02, 2.98408447e+02,
    1.48574768e+02, 2.83248932e+02, 1.59182312e+02, 2.69107391e+02,
    1.68944611e+02, 2.56344910e+02, 1.77794312e+02, 2.44437622e+02,
    1.43606857e+02, 3.18819702e+02, 1.55557327e+02, 3.01605927e+02,
    1.66262421e+02, 2.85932434e+02, 1.76645996e+02, 2.71482788e+02,
    1.85772217e+02, 2.58368622e+02, 1.94233795e+02, 2.46258438e+02,
    1.63697983e+02, 3.22690613e+02, 1.74989227e+02, 3.04883972e+02,
    1.85274567e+02, 2.88753662e+02, 1.94537064e+02, 2.73998932e+02,
    2.03124878e+02, 2.60481812e+02, 2.10918640e+02, 2.48082382e+02,
    1.84556381e+02, 3.26540558e+02, 1.95137878e+02, 3.08168335e+02,
    2.04550507e+02, 2.91635529e+02, 2.13212860e+02, 2.76577820e+02,
    2.20951767e+02, 2.62761200e+02, 2.28265991e+02, 2.50051224e+02,
    2.06409302e+02, 3.30928070e+02, 2.15932175e+02, 3.11941681e+02,
    2.24663437e+02, 2.94728821e+02, 2.32394226e+02, 2.79275757e+02,
    2.39594452e+02, 2.65054962e+02, 2.46118683e+02, 2.52048767e+02,
    2.29017761e+02, 3.35225952e+02, 2.37692337e+02, 3.15709961e+02,
    2.45342667e+02, 2.98011475e+02, 2.52302475e+02, 2.82141632e+02,
    2.58698425e+02, 2.67508881e+02, 2.64595886e+02, 2.54223312e+02 ]
