%YAML:1.0
---
points: [ 3.44958557e+02, 8.31357666e+02, 3.90884338e+02, 7.85639404e+02,
    4.33524078e+02, 7.44375061e+02, 4.72371552e+02, 7.06808167e+02,
    5.08375946e+02, 6.72320374e+02, 5.41473450e+02, 6.40312073e+02,
    3.94881744e+02, 8.43278625e+02, 4.39851990e+02, 7.96553467e+02,
    4.80726410e+02, 7.53853088e+02, 5.18345459e+02, 7.15074036e+02,
    5.52550781e+02, 6.79320496e+02, 5.84492676e+02, 6.45957947e+02,
    4.46671997e+02, 8.54700378e+02, 4.89679932e+02, 8.06508606e+02,
    5.29247498e+02, 7.62486877e+02, 5.64837219e+02, 7.22491760e+02,
    5.97989685e+02, 6.85713196e+02, 6.28388489e+02, 6.51511902e+02,
    4.99605377e+02, 8.65631958e+02, 5.41226990e+02, 8.15854858e+02,
    5.78786316e+02, 7.70614014e+02, 6.13372986e+02, 7.29672302e+02,
    6.44564575e+02, 6.92206177e+02, 6.73639709e+02, 6.57196655e+02,
    5.55101685e+02, 8.77212830e+02, 5.94581360e+02, 8.25947693e+02,
    6.30673218e+02, 7.79482605e+02, 6.63161194e+02, 7.37462219e+02,
    6.93086670e+02, 6.98647217e+02, 7.20304871e+02, 6.63191040e+02,
    6.12425537e+02, 8.88708862e+02, 6.50309509e+02, 8.35865295e+02,
    6.84026550e+02, 7.88436707e+02, 7.14830688e+02, 7.45301208e+02,
    7.42696228e+02, 7.05720703e+02, 7.68393616e+02, 6.69261597e+02,
    6.72676270e+02, 9.01702759e+02, 7.07744263e+02, 8.47111633e+02,
    7.39536743e+02, 7.97864502e+02, 7.68129333e+02, 7.53447449e+02,
    7.94356934e+02, 7.12874084e+02, 8.18102905e+02, 6.75596802e+02,
    7.34932617e+02, 9.14571167e+02, 7.67541199e+02, 8.58556213e+02,
    7.96757324e+02, 8.07700439e+02, 8.23477661e+02, 7.62076050e+02,
    8.47383728e+02, 7.20435913e+02, 8.69481018e+02, 6.82134033e+02 ]
