%YAML:1.0
---
points: [ 1.28022568e+02, 2.05610214e+02, 1.42592377e+02, 2.05372665e+02,
    1.57034088e+02, 2.05137085e+02, 1.71757156e+02, 2.04367462e+02,
    1.86737671e+02, 2.04547989e+02, 2.02214096e+02, 2.04291626e+02,
    1.21317574e+02, 2.14473541e+02, 1.36164261e+02, 2.14325195e+02,
    1.51211319e+02, 2.14080933e+02, 1.66530792e+02, 2.13859375e+02,
    1.82011139e+02, 2.13627945e+02, 1.97847229e+02, 2.13341110e+02,
    1.13970833e+02, 2.24079819e+02, 1.29389511e+02, 2.23988647e+02,
    1.44912964e+02, 2.23787552e+02, 1.60741150e+02, 2.23617188e+02,
    1.76763641e+02, 2.23318375e+02, 1.93127747e+02, 2.23198029e+02,
    1.06185707e+02, 2.34521362e+02, 1.21952255e+02, 2.34401520e+02,
    1.38143143e+02, 2.34377304e+02, 1.54422379e+02, 2.34208359e+02,
    1.71179916e+02, 2.34117111e+02, 1.87962616e+02, 2.34039703e+02,
    9.77291031e+01, 2.45537781e+02, 1.14116776e+02, 2.45671387e+02,
    1.30670319e+02, 2.45626999e+02, 1.47698776e+02, 2.45577103e+02,
    1.64887527e+02, 2.45587952e+02, 1.82484558e+02, 2.45605667e+02,
    8.86562576e+01, 2.57627960e+02, 1.05542679e+02, 2.57784058e+02,
    1.22766670e+02, 2.57922913e+02, 1.40267807e+02, 2.58078766e+02,
    1.58244873e+02, 2.58118927e+02, 1.76501862e+02, 2.58265472e+02,
    7.90384521e+01, 2.70407379e+02, 9.63503265e+01, 2.70881744e+02,
    1.14106636e+02, 2.71144836e+02, 1.32289429e+02, 2.71256714e+02,
    1.50838089e+02, 2.71564484e+02, 1.69932800e+02, 2.71750244e+02,
    6.84462051e+01, 2.84464935e+02, 8.62516479e+01, 2.84863373e+02,
    1.04432663e+02, 2.85245758e+02, 1.23239059e+02, 2.85526520e+02,
    1.42661316e+02, 2.85834259e+02, 1.62474136e+02, 2.86348724e+02 ]
