%YAML:1.0
---
points: [ 5.02286316e+02, 5.38413391e+02, 5.43272644e+02, 5.37928406e+02,
    5.84548218e+02, 5.37711304e+02, 6.26483276e+02, 5.37182922e+02,
    6.68872681e+02, 5.36797363e+02, 7.12188965e+02, 5.36356628e+02,
    4.79106445e+02, 5.63901001e+02, 5.21416504e+02, 5.63749390e+02,
    5.64267822e+02, 5.63478210e+02, 6.07470825e+02, 5.63261841e+02,
    6.51504089e+02, 5.63067810e+02, 6.95963074e+02, 5.62638977e+02,
    4.54477264e+02, 5.91395569e+02, 4.98170074e+02, 5.91500671e+02,
    5.42170410e+02, 5.91490234e+02, 5.86874634e+02, 5.91315613e+02,
    6.32369141e+02, 5.90982056e+02, 6.78498047e+02, 5.90970154e+02,
    4.27976044e+02, 6.20959351e+02, 4.72895721e+02, 6.21295593e+02,
    5.18604309e+02, 6.21481873e+02, 5.64726929e+02, 6.21624329e+02,
    6.11927917e+02, 6.21812378e+02, 6.59795349e+02, 6.21868713e+02,
    3.99167908e+02, 6.52928589e+02, 4.45811615e+02, 6.53564636e+02,
    4.92950714e+02, 6.53889038e+02, 5.40858643e+02, 6.54386597e+02,
    5.89636902e+02, 6.54726929e+02, 6.39519287e+02, 6.55233765e+02,
    3.68435608e+02, 6.87453918e+02, 4.16560913e+02, 6.88400757e+02,
    4.65531433e+02, 6.89173218e+02, 5.15031921e+02, 6.89981567e+02,
    5.65650574e+02, 6.90838257e+02, 6.17385864e+02, 6.91526550e+02,
    3.34790527e+02, 7.24562439e+02, 3.84657227e+02, 7.25886169e+02,
    4.35130981e+02, 7.27217834e+02, 4.86686615e+02, 7.28167725e+02,
    5.39304016e+02, 7.29234802e+02, 5.92966675e+02, 7.30391907e+02,
    2.97959686e+02, 7.65250916e+02, 3.49315033e+02, 7.66474426e+02,
    4.01657745e+02, 7.67634460e+02, 4.54784393e+02, 7.68819153e+02,
    5.09492920e+02, 7.70225464e+02, 5.65683594e+02, 7.71999573e+02 ]
