%YAML:1.0
---
points: [ 1.61775116e+02, 1.26156250e+02, 1.75365112e+02, 1.28822296e+02,
    1.89132416e+02, 1.31407303e+02, 2.03589478e+02, 1.34096100e+02,
    2.18488663e+02, 1.36844162e+02, 2.34128036e+02, 1.39883820e+02,
    1.51465820e+02, 1.35504944e+02, 1.64981796e+02, 1.38199722e+02,
    1.79242157e+02, 1.41129578e+02, 1.93787521e+02, 1.44123505e+02,
    2.09111725e+02, 1.47293503e+02, 2.24858047e+02, 1.50458771e+02,
    1.40427597e+02, 1.45221176e+02, 1.54152649e+02, 1.48384705e+02,
    1.68497314e+02, 1.51557449e+02, 1.83424530e+02, 1.54774078e+02,
    1.98848755e+02, 1.58116028e+02, 2.15042755e+02, 1.61588104e+02,
    1.28727921e+02, 1.55716614e+02, 1.42710770e+02, 1.59081955e+02,
    1.57311523e+02, 1.62527542e+02, 1.72337357e+02, 1.66142685e+02,
    1.88130264e+02, 1.69938934e+02, 2.04583176e+02, 1.73851120e+02,
    1.16436333e+02, 1.66691376e+02, 1.30473557e+02, 1.70424545e+02,
    1.45167343e+02, 1.74231522e+02, 1.60611801e+02, 1.78140961e+02,
    1.76681152e+02, 1.82298538e+02, 1.93515427e+02, 1.86714294e+02,
    1.03212852e+02, 1.78468826e+02, 1.17509155e+02, 1.82511871e+02,
    1.32464691e+02, 1.86661819e+02, 1.48036163e+02, 1.91074478e+02,
    1.64419601e+02, 1.95722260e+02, 1.81440811e+02, 2.00488693e+02,
    8.93506393e+01, 1.90828995e+02, 1.03666420e+02, 1.95367752e+02,
    1.18690926e+02, 1.99905823e+02, 1.34480728e+02, 2.04731674e+02,
    1.51045700e+02, 2.09680588e+02, 1.68475952e+02, 2.14986969e+02,
    7.45126495e+01, 2.04143860e+02, 8.88050079e+01, 2.08800766e+02,
    1.03845947e+02, 2.13657608e+02, 1.19719200e+02, 2.18880783e+02,
    1.36422287e+02, 2.24399246e+02, 1.54190063e+02, 2.30428543e+02 ]
