%YAML:1.0
---
points: [ 3.63997040e+02, 2.47887894e+02, 3.80345459e+02, 2.46886566e+02,
    3.96575500e+02, 2.45922195e+02, 4.12794586e+02, 2.44991119e+02,
    4.28756958e+02, 2.43938828e+02, 4.44698242e+02, 2.42843826e+02,
    3.64929352e+02, 2.63881531e+02, 3.81159729e+02, 2.63059784e+02,
    3.97454132e+02, 2.62105133e+02, 4.13520538e+02, 2.61036438e+02,
    4.29595428e+02, 2.59971680e+02, 4.45545197e+02, 2.58964752e+02,
    3.65910400e+02, 2.80088257e+02, 3.82216187e+02, 2.79064606e+02,
    3.98413055e+02, 2.78090149e+02, 4.14437408e+02, 2.77029602e+02,
    4.30540222e+02, 2.76017822e+02, 4.46394135e+02, 2.74812500e+02,
    3.67083435e+02, 2.96074768e+02, 3.83350525e+02, 2.95198334e+02,
    3.99504364e+02, 2.94179382e+02, 4.15550110e+02, 2.93112549e+02,
    4.31360260e+02, 2.91947357e+02, 4.47223969e+02, 2.90878052e+02,
    3.68260406e+02, 3.12301270e+02, 3.84413910e+02, 3.11310242e+02,
    4.00465424e+02, 3.10381561e+02, 4.16427582e+02, 3.09199615e+02,
    4.32345337e+02, 3.08085052e+02, 4.47933105e+02, 3.06740540e+02,
    3.69282196e+02, 3.28486115e+02, 3.85514221e+02, 3.27442047e+02,
    4.01452057e+02, 3.26363281e+02, 4.17300964e+02, 3.25306671e+02,
    4.33099884e+02, 3.23881805e+02, 4.48772552e+02, 3.22632385e+02,
    3.70239807e+02, 3.44493042e+02, 3.86250977e+02, 3.43362823e+02,
    4.02306030e+02, 3.42282410e+02, 4.18061646e+02, 3.40974274e+02,
    4.33801147e+02, 3.39821381e+02, 4.49238739e+02, 3.38296173e+02,
    3.70941467e+02, 3.60325287e+02, 3.87049805e+02, 3.59134918e+02,
    4.02807648e+02, 3.57912903e+02, 4.18692780e+02, 3.56666534e+02,
    4.34080292e+02, 3.55242462e+02, 4.49644073e+02, 3.53847076e+02 ]
