%YAML:1.0
---
points: [ 7.54143982e+02, 6.50634155e+02, 7.97996460e+02, 6.48373413e+02,
    8.42159973e+02, 6.45518494e+02, 8.86183594e+02, 6.42789307e+02,
    9.30485474e+02, 6.39979126e+02, 9.74986816e+02, 6.37333130e+02,
    7.59448059e+02, 6.91611084e+02, 8.02828186e+02, 6.88955322e+02,
    8.46544678e+02, 6.86500366e+02, 8.90197205e+02, 6.83828064e+02,
    9.33828186e+02, 6.81365356e+02, 9.77807678e+02, 6.78710510e+02,
    7.64511292e+02, 7.31837463e+02, 8.07514160e+02, 7.29347656e+02,
    8.50636536e+02, 7.26915527e+02, 8.93811584e+02, 7.24345886e+02,
    9.37352051e+02, 7.21817444e+02, 9.80829468e+02, 7.19251526e+02,
    7.69380066e+02, 7.71574036e+02, 8.11949219e+02, 7.69260437e+02,
    8.54633362e+02, 7.66645386e+02, 8.97479004e+02, 7.64359985e+02,
    9.40451599e+02, 7.61614075e+02, 9.83639648e+02, 7.59237244e+02,
    7.73955566e+02, 8.10996094e+02, 8.16402283e+02, 8.08427429e+02,
    8.58670105e+02, 8.06163635e+02, 9.01188538e+02, 8.03496338e+02,
    9.43671753e+02, 8.01208435e+02, 9.86430908e+02, 7.98610413e+02,
    7.78505981e+02, 8.49592957e+02, 8.20476746e+02, 8.47157776e+02,
    8.62583313e+02, 8.44628662e+02, 9.04580872e+02, 8.42229675e+02,
    9.46964539e+02, 8.39710083e+02, 9.89397522e+02, 8.37592468e+02,
    7.83127869e+02, 8.86953247e+02, 8.24672485e+02, 8.84758362e+02,
    8.66347290e+02, 8.82456299e+02, 9.07989868e+02, 8.80345032e+02,
    9.49805847e+02, 8.77848999e+02, 9.91980835e+02, 8.75587341e+02,
    7.87735840e+02, 9.23543335e+02, 8.28854858e+02, 9.21348999e+02,
    8.70344238e+02, 9.19184448e+02, 9.11536377e+02, 9.17051086e+02,
    9.53117310e+02, 9.14673584e+02, 9.94637390e+02, 9.12664001e+02 ]
