%YAML:1.0
---
points: [ 2.16008774e+02, 2.43744690e+02, 2.31368607e+02, 2.42774094e+02,
    2.46591843e+02, 2.41649658e+02, 2.61908722e+02, 2.40516708e+02,
    2.77311554e+02, 2.39454941e+02, 2.92823120e+02, 2.38421783e+02,
    2.17731201e+02, 2.57901642e+02, 2.32760895e+02, 2.56848663e+02,
    2.47958221e+02, 2.55802063e+02, 2.63053314e+02, 2.54815186e+02,
    2.78329956e+02, 2.53798538e+02, 2.93667267e+02, 2.52763031e+02,
    2.19241226e+02, 2.71846344e+02, 2.34260910e+02, 2.70893127e+02,
    2.49229691e+02, 2.69871704e+02, 2.64235657e+02, 2.68855347e+02,
    2.79331390e+02, 2.67909760e+02, 2.94517853e+02, 2.66866119e+02,
    2.20816086e+02, 2.85770660e+02, 2.35648407e+02, 2.84765656e+02,
    2.50550171e+02, 2.83800964e+02, 2.65383301e+02, 2.82801483e+02,
    2.80348969e+02, 2.81832733e+02, 2.95365448e+02, 2.80889099e+02,
    2.22274612e+02, 2.99394196e+02, 2.37016586e+02, 2.98422119e+02,
    2.51744583e+02, 2.97454437e+02, 2.66531342e+02, 2.96544006e+02,
    2.81378418e+02, 2.95544586e+02, 2.96284393e+02, 2.94610718e+02,
    2.23734039e+02, 3.12841125e+02, 2.38386795e+02, 3.11847412e+02,
    2.52987320e+02, 3.10883057e+02, 2.67647125e+02, 3.09987213e+02,
    2.82353058e+02, 3.08984314e+02, 2.97169128e+02, 3.08139130e+02,
    2.25236984e+02, 3.25824463e+02, 2.39749313e+02, 3.24967529e+02,
    2.54247391e+02, 3.24076538e+02, 2.68754822e+02, 3.23163055e+02,
    2.83345367e+02, 3.22233490e+02, 2.98000885e+02, 3.21363678e+02,
    2.26693558e+02, 3.38511871e+02, 2.41077469e+02, 3.37630615e+02,
    2.55369171e+02, 3.36810333e+02, 2.69819000e+02, 3.35904938e+02,
    2.84231537e+02, 3.35063232e+02, 2.98846008e+02, 3.34211243e+02 ]
