%YAML:1.0
---
points: [ 7.60672791e+02, 4.48676300e+02, 8.05599426e+02, 4.45585266e+02,
    8.50497559e+02, 4.42740356e+02, 8.95713501e+02, 4.39576630e+02,
    9.41217834e+02, 4.36493713e+02, 9.86852661e+02, 4.33468323e+02,
    7.66365417e+02, 4.92533997e+02, 8.10730835e+02, 4.89844299e+02,
    8.55131042e+02, 4.86934906e+02, 8.99786438e+02, 4.84007721e+02,
    9.44634644e+02, 4.81229218e+02, 9.89979431e+02, 4.78136749e+02,
    7.71648926e+02, 5.35689514e+02, 8.15646118e+02, 5.33164612e+02,
    8.59520142e+02, 5.30264465e+02, 9.03591431e+02, 5.27598389e+02,
    9.48283630e+02, 5.24751831e+02, 9.92934509e+02, 5.22211426e+02,
    7.76701721e+02, 5.78235352e+02, 8.20227051e+02, 5.75709595e+02,
    8.63823669e+02, 5.73107239e+02, 9.07459106e+02, 5.70503845e+02,
    9.51541321e+02, 5.67605042e+02, 9.95978333e+02, 5.65098328e+02,
    7.81610046e+02, 6.19913269e+02, 8.24679810e+02, 6.17530396e+02,
    8.67935425e+02, 6.14911255e+02, 9.11283691e+02, 6.12509766e+02,
    9.54718750e+02, 6.09814270e+02, 9.98861328e+02, 6.07431885e+02,
    7.86495117e+02, 6.60947754e+02, 8.29096008e+02, 6.58663147e+02,
    8.71978516e+02, 6.56169434e+02, 9.14963013e+02, 6.53708618e+02,
    9.58268433e+02, 6.51234619e+02, 1.00161713e+03, 6.48861328e+02,
    7.91452209e+02, 7.00914124e+02, 8.33635193e+02, 6.98514099e+02,
    8.76066406e+02, 6.96455017e+02, 9.18543762e+02, 6.94212769e+02,
    9.61373718e+02, 6.91849121e+02, 1.00449292e+03, 6.89498230e+02,
    7.96409058e+02, 7.39725525e+02, 8.38232666e+02, 7.37653015e+02,
    8.80192871e+02, 7.35483398e+02, 9.22297485e+02, 7.33476196e+02,
    9.64633057e+02, 7.31322144e+02, 1.00729041e+03, 7.29216736e+02 ]
