%YAML:1.0
---
points: [ 2.18318878e+02, 1.73596939e+02, 2.33905212e+02, 1.72480988e+02,
    2.49605774e+02, 1.71290573e+02, 2.65286255e+02, 1.70015747e+02,
    2.81105042e+02, 1.68823669e+02, 2.97122314e+02, 1.67568359e+02,
    2.20084763e+02, 1.88820267e+02, 2.35520218e+02, 1.87792343e+02,
    2.51020477e+02, 1.86590851e+02, 2.66520386e+02, 1.85440475e+02,
    2.82180847e+02, 1.84293686e+02, 2.97996490e+02, 1.83123886e+02,
    2.21770584e+02, 2.03793076e+02, 2.37025192e+02, 2.02735397e+02,
    2.52412628e+02, 2.01620529e+02, 2.67720520e+02, 2.00545670e+02,
    2.83224976e+02, 1.99375290e+02, 2.98858643e+02, 1.98304489e+02,
    2.23447540e+02, 2.18582870e+02, 2.38409149e+02, 2.17472885e+02,
    2.53697647e+02, 2.16375351e+02, 2.68961182e+02, 2.15331894e+02,
    2.84230072e+02, 2.14323761e+02, 2.99777069e+02, 2.13207581e+02,
    2.24937119e+02, 2.32965195e+02, 2.39932358e+02, 2.31966507e+02,
    2.54991440e+02, 2.30915421e+02, 2.70015961e+02, 2.29943268e+02,
    2.85280518e+02, 2.28831451e+02, 3.00605255e+02, 2.27953278e+02,
    2.26507263e+02, 2.47184692e+02, 2.41347900e+02, 2.46229248e+02,
    2.56237854e+02, 2.45251938e+02, 2.71167389e+02, 2.44330566e+02,
    2.86313446e+02, 2.43342484e+02, 3.01517517e+02, 2.42351196e+02,
    2.28026459e+02, 2.61046204e+02, 2.42768646e+02, 2.60085999e+02,
    2.57557648e+02, 2.59153259e+02, 2.72289398e+02, 2.58294708e+02,
    2.87286346e+02, 2.57335236e+02, 3.02352051e+02, 2.56491180e+02,
    2.29533798e+02, 2.74585327e+02, 2.44152328e+02, 2.73668396e+02,
    2.58748322e+02, 2.72807007e+02, 2.73369934e+02, 2.72043152e+02,
    2.88284088e+02, 2.71112213e+02, 3.03224792e+02, 2.70290955e+02 ]
