%YAML:1.0
---
points: [ 7.22199280e+02, 2.64824982e+02, 7.68412231e+02, 2.61300476e+02,
    8.14702209e+02, 2.57511200e+02, 8.61260864e+02, 2.54011246e+02,
    9.07920471e+02, 2.50182739e+02, 9.54951782e+02, 2.46386932e+02,
    7.28902954e+02, 3.12410339e+02, 7.74690857e+02, 3.08872650e+02,
    8.20465454e+02, 3.05383087e+02, 8.66223389e+02, 3.01890350e+02,
    9.12327759e+02, 2.98259155e+02, 9.58694702e+02, 2.94546234e+02,
    7.35466187e+02, 3.58567871e+02, 7.80653809e+02, 3.55278656e+02,
    8.25747925e+02, 3.51684113e+02, 8.70932373e+02, 3.48440948e+02,
    9.16546753e+02, 3.44759460e+02, 9.62347168e+02, 3.41233459e+02,
    7.41664429e+02, 4.03614563e+02, 7.86160645e+02, 4.00442169e+02,
    8.30887207e+02, 3.97226685e+02, 8.75525269e+02, 3.93631989e+02,
    9.20641174e+02, 3.90389587e+02, 9.65682983e+02, 3.86843597e+02,
    7.47609375e+02, 4.47890961e+02, 7.91614380e+02, 4.44646606e+02,
    8.35701111e+02, 4.41358063e+02, 8.80045044e+02, 4.38296539e+02,
    9.24460571e+02, 4.34786407e+02, 9.69314270e+02, 4.31500519e+02,
    7.53536560e+02, 4.91207642e+02, 7.96879944e+02, 4.87958740e+02,
    8.40572327e+02, 4.84809875e+02, 8.84446045e+02, 4.81606049e+02,
    9.28325195e+02, 4.78427399e+02, 9.72553650e+02, 4.75265015e+02,
    7.59339783e+02, 5.33116882e+02, 8.02330322e+02, 5.30013245e+02,
    8.45361694e+02, 5.27134521e+02, 8.88671692e+02, 5.24113708e+02,
    9.32209106e+02, 5.20928345e+02, 9.75844116e+02, 5.18041077e+02,
    7.65030640e+02, 5.73963745e+02, 8.07470459e+02, 5.71044006e+02,
    8.50181946e+02, 5.68241150e+02, 8.92807129e+02, 5.65360901e+02,
    9.35916321e+02, 5.62370605e+02, 9.79219604e+02, 5.59489685e+02 ]
