%YAML:1.0
---
points: [ 7.13940247e+02, 7.38793762e+02, 7.57773926e+02, 7.37334717e+02,
    8.01654968e+02, 7.35595154e+02, 8.45217773e+02, 7.34224670e+02,
    8.88947510e+02, 7.32839722e+02, 9.32614258e+02, 7.31356201e+02,
    7.14276978e+02, 7.83262146e+02, 7.58393005e+02, 7.81700684e+02,
    8.02360718e+02, 7.80327087e+02, 8.46005127e+02, 7.78652710e+02,
    8.90000732e+02, 7.77177612e+02, 9.33811707e+02, 7.75760498e+02,
    7.14400940e+02, 8.28393677e+02, 7.58694641e+02, 8.26669373e+02,
    8.02810730e+02, 8.25066040e+02, 8.46929871e+02, 8.23532898e+02,
    8.90959412e+02, 8.22013184e+02, 9.35065979e+02, 8.20486755e+02,
    7.14215637e+02, 8.74194946e+02, 7.58847534e+02, 8.72349365e+02,
    8.03277710e+02, 8.70770020e+02, 8.47667908e+02, 8.69137512e+02,
    8.91992310e+02, 8.67423950e+02, 9.36465576e+02, 8.65898071e+02,
    7.13991943e+02, 9.20462646e+02, 7.59031494e+02, 9.18718079e+02,
    8.03658997e+02, 9.17178101e+02, 8.48389038e+02, 9.15423706e+02,
    8.92987305e+02, 9.13718872e+02, 9.37743225e+02, 9.12309753e+02,
    7.13855713e+02, 9.67503784e+02, 7.59134033e+02, 9.65850525e+02,
    8.04242188e+02, 9.64257202e+02, 8.49086426e+02, 9.62360840e+02,
    8.94148010e+02, 9.60635071e+02, 9.39048462e+02, 9.59181702e+02,
    7.13959106e+02, 1.01483722e+03, 7.59424072e+02, 1.01329645e+03,
    8.04723267e+02, 1.01164996e+03, 8.49775635e+02, 1.00979370e+03,
    8.95191895e+02, 1.00818524e+03, 9.40396606e+02, 1.00658539e+03,
    7.14213928e+02, 1.06255176e+03, 7.59739563e+02, 1.06077917e+03,
    8.05440613e+02, 1.05934229e+03, 8.50682617e+02, 1.05756897e+03,
    8.96359192e+02, 1.05582874e+03, 9.41879028e+02, 1.05439001e+03 ]
