%YAML:1.0
---
points: [ 6.66991882e+01, 2.52813980e+02, 8.09347382e+01, 2.52246048e+02,
    9.55740433e+01, 2.51584900e+02, 1.10499229e+02, 2.50808075e+02,
    1.25613304e+02, 2.49963608e+02, 1.40885910e+02, 2.49249603e+02,
    6.73836594e+01, 2.68387512e+02, 8.17664185e+01, 2.67740204e+02,
    9.62887421e+01, 2.67162170e+02, 1.11181496e+02, 2.66453644e+02,
    1.26236938e+02, 2.65801392e+02, 1.41428436e+02, 2.65037933e+02,
    6.79729233e+01, 2.83752838e+02, 8.23204651e+01, 2.83322540e+02,
    9.69264679e+01, 2.82783630e+02, 1.11695328e+02, 2.82185120e+02,
    1.26797371e+02, 2.81566711e+02, 1.42071716e+02, 2.80959808e+02,
    6.85550766e+01, 2.99471863e+02, 8.27691193e+01, 2.98985107e+02,
    9.73807297e+01, 2.98587097e+02, 1.12187706e+02, 2.98058319e+02,
    1.27306076e+02, 2.97462463e+02, 1.42533463e+02, 2.96887421e+02,
    6.90556946e+01, 3.14747559e+02, 8.32992249e+01, 3.14717255e+02,
    9.79101181e+01, 3.14361938e+02, 1.12722351e+02, 3.13966003e+02,
    1.27866081e+02, 3.13471863e+02, 1.43108002e+02, 3.13023895e+02,
    6.96589661e+01, 3.30641052e+02, 8.38820953e+01, 3.30468109e+02,
    9.85119247e+01, 3.30208801e+02, 1.13324211e+02, 3.29907593e+02,
    1.28346741e+02, 3.29469696e+02, 1.43688416e+02, 3.29179352e+02,
    7.07371521e+01, 3.45872131e+02, 8.47692108e+01, 3.46055206e+02,
    9.92489853e+01, 3.45975342e+02, 1.13950775e+02, 3.45921295e+02,
    1.29052765e+02, 3.45668884e+02, 1.44283203e+02, 3.45352142e+02,
    7.16182861e+01, 3.61384857e+02, 8.58110580e+01, 3.61528168e+02,
    1.00043266e+02, 3.61639282e+02, 1.14930847e+02, 3.61662659e+02,
    1.29765182e+02, 3.61602081e+02, 1.45135986e+02, 3.61519226e+02 ]
