%YAML:1.0
---
points: [ 8.60488987e+00, 7.48606949e+01, 2.35820522e+01, 7.22287750e+01,
    3.88980942e+01, 6.96693192e+01, 5.50787354e+01, 6.71448822e+01,
    7.16068649e+01, 6.47366028e+01, 8.85818710e+01, 6.25553818e+01,
    1.33539562e+01, 9.20679932e+01, 2.82809067e+01, 8.95798569e+01,
    4.38414688e+01, 8.74108200e+01, 5.97385330e+01, 8.51497192e+01,
    7.61982346e+01, 8.31735764e+01, 9.30004959e+01, 8.12114410e+01,
    1.80253372e+01, 1.08874565e+02, 3.30694695e+01, 1.06778336e+02,
    4.85404091e+01, 1.04627144e+02, 6.43898773e+01, 1.02809273e+02,
    8.07129440e+01, 1.00962715e+02, 9.73844910e+01, 9.91770630e+01,
    2.28611736e+01, 1.25553719e+02, 3.76848946e+01, 1.23604477e+02,
    5.31581039e+01, 1.21834419e+02, 6.90158463e+01, 1.20035400e+02,
    8.52121506e+01, 1.18306572e+02, 1.01727119e+02, 1.16654274e+02,
    2.75133533e+01, 1.41693848e+02, 4.25906029e+01, 1.40104446e+02,
    5.78535576e+01, 1.38365509e+02, 7.36274338e+01, 1.36852448e+02,
    8.96242371e+01, 1.35267303e+02, 1.05961662e+02, 1.33753769e+02,
    3.23301544e+01, 1.57649567e+02, 4.72462883e+01, 1.56051849e+02,
    6.25924339e+01, 1.54598068e+02, 7.81186829e+01, 1.53082642e+02,
    9.40396118e+01, 1.51664825e+02, 1.10115578e+02, 1.50257568e+02,
    3.73049469e+01, 1.72864655e+02, 5.21556129e+01, 1.71624863e+02,
    6.72485352e+01, 1.70233261e+02, 8.26354752e+01, 1.68824661e+02,
    9.83468475e+01, 1.67482315e+02, 1.14190910e+02, 1.66192673e+02,
    4.23190880e+01, 1.87766388e+02, 5.70213280e+01, 1.86434845e+02,
    7.19464645e+01, 1.85285049e+02, 8.71770020e+01, 1.83934280e+02,
    1.02597672e+02, 1.82719116e+02, 1.18249611e+02, 1.81427719e+02 ]
