%YAML:1.0
---
points: [ 3.88401520e+02, 7.50532349e+02, 4.28753723e+02, 7.50113708e+02,
    4.70091248e+02, 7.49312988e+02, 5.11678558e+02, 7.48471008e+02,
    5.53765442e+02, 7.47400879e+02, 5.96319580e+02, 7.46387573e+02,
    3.97185791e+02, 7.90374390e+02, 4.37410706e+02, 7.89860168e+02,
    4.77954895e+02, 7.89363831e+02, 5.18929626e+02, 7.88734497e+02,
    5.60596130e+02, 7.88144409e+02, 6.02555420e+02, 7.87545227e+02,
    4.05132874e+02, 8.29606445e+02, 4.44901978e+02, 8.29387268e+02,
    4.85278015e+02, 8.29183289e+02, 5.25777039e+02, 8.28846436e+02,
    5.67015259e+02, 8.28465454e+02, 6.08653076e+02, 8.28124634e+02,
    4.12465515e+02, 8.68613159e+02, 4.51960144e+02, 8.68684448e+02,
    4.91887848e+02, 8.68601807e+02, 5.32319946e+02, 8.68385498e+02,
    5.73236755e+02, 8.68102966e+02, 6.14520020e+02, 8.67786987e+02,
    4.19607086e+02, 9.07265198e+02, 4.59022186e+02, 9.07386108e+02,
    4.98512329e+02, 9.07474182e+02, 5.38609497e+02, 9.07483215e+02,
    5.79336365e+02, 9.07378174e+02, 6.20299011e+02, 9.07395020e+02,
    4.26754913e+02, 9.45059570e+02, 4.65551025e+02, 9.45480408e+02,
    5.05222656e+02, 9.45600586e+02, 5.44738708e+02, 9.45662964e+02,
    5.85312195e+02, 9.45821777e+02, 6.25816223e+02, 9.46132935e+02,
    4.34217316e+02, 9.81742249e+02, 4.72816559e+02, 9.82368774e+02,
    5.11780762e+02, 9.82902466e+02, 5.51092529e+02, 9.83387268e+02,
    5.91105835e+02, 9.83782104e+02, 6.31620789e+02, 9.84305481e+02,
    4.41951752e+02, 1.01771582e+03, 4.80001221e+02, 1.01844672e+03,
    5.18601990e+02, 1.01930249e+03, 5.57607178e+02, 1.01998975e+03,
    5.97197021e+02, 1.02069354e+03, 6.37385498e+02, 1.02145673e+03 ]
