%YAML:1.0
---
points: [ 1.08924141e+02, 3.84912689e+02, 1.06119759e+02, 3.73371185e+02,
    1.02988472e+02, 3.61690063e+02, 1.00011192e+02, 3.49600067e+02,
    9.69206390e+01, 3.37201447e+02, 9.37359848e+01, 3.24460754e+02,
    1.22023376e+02, 3.85475830e+02, 1.18964439e+02, 3.73986603e+02,
    1.16205833e+02, 3.62107605e+02, 1.13262787e+02, 3.50029907e+02,
    1.10410774e+02, 3.37521820e+02, 1.07373848e+02, 3.24663208e+02,
    1.34969482e+02, 3.86094299e+02, 1.32406723e+02, 3.74515747e+02,
    1.29586014e+02, 3.62624298e+02, 1.26897598e+02, 3.50402863e+02,
    1.23998657e+02, 3.37797150e+02, 1.21195892e+02, 3.24889069e+02,
    1.48430222e+02, 3.86573242e+02, 1.45748077e+02, 3.74883026e+02,
    1.43363358e+02, 3.62837616e+02, 1.40665329e+02, 3.50510559e+02,
    1.38123001e+02, 3.37872406e+02, 1.35530273e+02, 3.24777557e+02,
    1.61820160e+02, 3.87094696e+02, 1.59657379e+02, 3.75280884e+02,
    1.57142624e+02, 3.63179962e+02, 1.54799591e+02, 3.50753601e+02,
    1.52338928e+02, 3.37935699e+02, 1.49900269e+02, 3.24725555e+02,
    1.75784454e+02, 3.87392273e+02, 1.73374481e+02, 3.75569275e+02,
    1.71249847e+02, 3.63395386e+02, 1.69051285e+02, 3.50884521e+02,
    1.66793823e+02, 3.37905396e+02, 1.64537689e+02, 3.24589722e+02,
    1.89340424e+02, 3.87823456e+02, 1.87570557e+02, 3.75891235e+02,
    1.85469528e+02, 3.63629456e+02, 1.83379105e+02, 3.51104187e+02,
    1.81307968e+02, 3.38081390e+02, 1.79207687e+02, 3.24643738e+02,
    2.03749466e+02, 3.88315796e+02, 2.01660370e+02, 3.76395203e+02,
    1.99811569e+02, 3.64216949e+02, 1.97825592e+02, 3.51515533e+02,
    1.95928192e+02, 3.38424133e+02, 1.94011703e+02, 3.24858368e+02 ]
