%YAML:1.0
---
points: [ 4.43535889e+02, 1.06064722e+03, 4.35071747e+02, 1.02641699e+03,
    4.26770477e+02, 9.91238953e+02, 4.17892853e+02, 9.55576538e+02,
    4.09052582e+02, 9.18885681e+02, 3.99860840e+02, 8.81721252e+02,
    4.81140289e+02, 1.06187903e+03, 4.73320923e+02, 1.02751575e+03,
    4.65024658e+02, 9.92185730e+02, 4.56720398e+02, 9.56301636e+02,
    4.48292480e+02, 9.19547302e+02, 4.39485870e+02, 8.82112366e+02,
    5.19550781e+02, 1.06305188e+03, 5.11923889e+02, 1.02844629e+03,
    5.04127899e+02, 9.92980957e+02, 4.96067657e+02, 9.57221252e+02,
    4.87722687e+02, 9.20442871e+02, 4.79512787e+02, 8.82631653e+02,
    5.58459656e+02, 1.06423376e+03, 5.51046387e+02, 1.02934863e+03,
    5.43542053e+02, 9.93714417e+02, 5.36043762e+02, 9.57642761e+02,
    5.28317932e+02, 9.20487366e+02, 5.20480408e+02, 8.82505249e+02,
    5.97517578e+02, 1.06526062e+03, 5.90692810e+02, 1.03013916e+03,
    5.83655884e+02, 9.94591248e+02, 5.76392151e+02, 9.58169983e+02,
    5.69272339e+02, 9.20774048e+02, 5.61782166e+02, 8.82506042e+02,
    6.37235046e+02, 1.06630200e+03, 6.30630127e+02, 1.03094958e+03,
    6.23972290e+02, 9.95226318e+02, 6.17375977e+02, 9.58475586e+02,
    6.10620361e+02, 9.20802002e+02, 6.03551575e+02, 8.82358093e+02,
    6.76886169e+02, 1.06723474e+03, 6.70834106e+02, 1.03195239e+03,
    6.64688171e+02, 9.96037903e+02, 6.58501648e+02, 9.59300537e+02,
    6.52106079e+02, 9.21526978e+02, 6.45461975e+02, 8.82719604e+02,
    7.17521179e+02, 1.06869934e+03, 7.11572754e+02, 1.03347461e+03,
    7.05748169e+02, 9.97377502e+02, 6.99716614e+02, 9.60533997e+02,
    6.93596191e+02, 9.22761536e+02, 6.87596558e+02, 8.83549438e+02 ]
