%YAML:1.0
---
points: [ 6.70134766e+02, 1.59768723e+02, 6.81844299e+02, 2.12004120e+02,
    6.93385315e+02, 2.61378784e+02, 7.04408875e+02, 3.08187164e+02,
    7.14859375e+02, 3.52790314e+02, 7.24831421e+02, 3.95425598e+02,
    6.23147583e+02, 1.62605576e+02, 6.36220703e+02, 2.14197418e+02,
    6.48528198e+02, 2.63104218e+02, 6.60381897e+02, 3.09519440e+02,
    6.71667847e+02, 3.54119049e+02, 6.82555542e+02, 3.96498383e+02,
    5.76655396e+02, 1.65635773e+02, 5.90741943e+02, 2.16688522e+02,
    6.04181702e+02, 2.65313507e+02, 6.16849426e+02, 3.11394104e+02,
    6.29034973e+02, 3.55465607e+02, 6.40659546e+02, 3.97600708e+02,
    5.30736023e+02, 1.68838745e+02, 5.45628784e+02, 2.19396057e+02,
    5.60046570e+02, 2.67376465e+02, 5.73858398e+02, 3.13229492e+02,
    5.86953796e+02, 3.56832825e+02, 5.99546814e+02, 3.98685150e+02,
    4.85545380e+02, 1.71811050e+02, 5.01474121e+02, 2.21937881e+02,
    5.16793579e+02, 2.69611877e+02, 5.31276917e+02, 3.14834808e+02,
    5.45200439e+02, 3.58369843e+02, 5.58479248e+02, 3.99861298e+02,
    4.40904266e+02, 1.75062317e+02, 4.57716614e+02, 2.24574051e+02,
    4.73903961e+02, 2.71801453e+02, 4.89554657e+02, 3.16717804e+02,
    5.04196533e+02, 3.59721375e+02, 5.18371399e+02, 4.01112732e+02,
    3.97419708e+02, 1.77855423e+02, 4.15297668e+02, 2.26935913e+02,
    4.32125732e+02, 2.73726929e+02, 4.48226318e+02, 3.18480103e+02,
    4.63762817e+02, 3.61123627e+02, 4.78419159e+02, 4.02297333e+02,
    3.54831390e+02, 1.80976028e+02, 3.73362823e+02, 2.29401611e+02,
    3.90899200e+02, 2.75805603e+02, 4.07722626e+02, 3.19943359e+02,
    4.23842377e+02, 3.62505646e+02, 4.39316620e+02, 4.03290375e+02 ]
