%YAML:1.0
---
points: [ 1.26189087e+03, 1.11857231e+02, 1.25890540e+03, 1.68870087e+02,
    1.25575500e+03, 2.22781113e+02, 1.25298975e+03, 2.73673767e+02,
    1.25017151e+03, 3.22238495e+02, 1.24762073e+03, 3.67901337e+02,
    1.20616125e+03, 1.16824394e+02, 1.20441370e+03, 1.73376511e+02,
    1.20269519e+03, 2.26918045e+02, 1.20136877e+03, 2.77480194e+02,
    1.20005725e+03, 3.25631866e+02, 1.19874512e+03, 3.71499115e+02,
    1.15093518e+03, 1.21967812e+02, 1.15075415e+03, 1.78052948e+02,
    1.15065393e+03, 2.31351166e+02, 1.15052893e+03, 2.81694672e+02,
    1.15051318e+03, 3.29470917e+02, 1.15045093e+03, 3.75178680e+02,
    1.09655127e+03, 1.27356133e+02, 1.09785730e+03, 1.82936066e+02,
    1.09919055e+03, 2.35781509e+02, 1.10049023e+03, 2.85834167e+02,
    1.10163391e+03, 3.33363373e+02, 1.10271082e+03, 3.78623871e+02,
    1.04277820e+03, 1.32432159e+02, 1.04536719e+03, 1.87788803e+02,
    1.04801611e+03, 2.40185928e+02, 1.05042810e+03, 2.89863251e+02,
    1.05301941e+03, 3.37092133e+02, 1.05516333e+03, 3.82138367e+02,
    9.89283081e+02, 1.37498291e+02, 9.93281189e+02, 1.92471054e+02,
    9.97282410e+02, 2.44575729e+02, 1.00099597e+03, 2.93663177e+02,
    1.00454651e+03, 3.40698242e+02, 1.00808948e+03, 3.85528503e+02,
    9.36179016e+02, 1.42259064e+02, 9.41639954e+02, 1.96845016e+02,
    9.46919434e+02, 2.48646301e+02, 9.51789612e+02, 2.97647186e+02,
    9.56567993e+02, 3.44449249e+02, 9.60961609e+02, 3.88892242e+02,
    8.83525574e+02, 1.46774185e+02, 8.90535217e+02, 2.01356415e+02,
    8.96905396e+02, 2.52669724e+02, 9.03081421e+02, 3.01503662e+02,
    9.08981689e+02, 3.47910187e+02, 9.14689331e+02, 3.92404175e+02 ]
