%YAML:1.0
---
points: [ 3.94151062e+02, 2.47918976e+02, 3.94652161e+02, 2.64499481e+02,
    3.95272583e+02, 2.80841248e+02, 3.95646729e+02, 2.96908600e+02,
    3.96079285e+02, 3.12830292e+02, 3.96453186e+02, 3.28675049e+02,
    3.76690796e+02, 2.48743210e+02, 3.77377625e+02, 2.65161407e+02,
    3.78059967e+02, 2.81364868e+02, 3.78620483e+02, 2.97406036e+02,
    3.79182007e+02, 3.13388611e+02, 3.79653168e+02, 3.29309875e+02,
    3.59467133e+02, 2.49423508e+02, 3.60229950e+02, 2.65889679e+02,
    3.61000549e+02, 2.82079926e+02, 3.61765625e+02, 2.98168762e+02,
    3.62428558e+02, 3.14029327e+02, 3.63123108e+02, 3.29855774e+02,
    3.42587128e+02, 2.50319824e+02, 3.43365540e+02, 2.66607269e+02,
    3.44212891e+02, 2.82854889e+02, 3.45050354e+02, 2.98866272e+02,
    3.45843170e+02, 3.14688232e+02, 3.46597351e+02, 3.30466736e+02,
    3.25713074e+02, 2.51121033e+02, 3.26648468e+02, 2.67435547e+02,
    3.27498047e+02, 2.83497375e+02, 3.28417175e+02, 2.99482849e+02,
    3.29304962e+02, 3.15337982e+02, 3.30190735e+02, 3.30973053e+02,
    3.08966949e+02, 2.52021454e+02, 3.09970703e+02, 2.68152832e+02,
    3.10923828e+02, 2.84183746e+02, 3.11875946e+02, 3.00060364e+02,
    3.12875153e+02, 3.15906403e+02, 3.13790527e+02, 3.31570282e+02,
    2.92308929e+02, 2.52717590e+02, 2.93403290e+02, 2.68823822e+02,
    2.94442078e+02, 2.84866913e+02, 2.95467987e+02, 3.00716400e+02,
    2.96480072e+02, 3.16472046e+02, 2.97498047e+02, 3.32158020e+02,
    2.75961487e+02, 2.53594421e+02, 2.77055908e+02, 2.69614746e+02,
    2.78107910e+02, 2.85553528e+02, 2.79238739e+02, 3.01290680e+02,
    2.80314209e+02, 3.17018707e+02, 2.81395844e+02, 3.32733826e+02 ]
