%YAML:1.0
---
points: [ 3.93441833e+02, 2.53886749e+02, 3.94053650e+02, 2.70564117e+02,
    3.94523834e+02, 2.86902405e+02, 3.95025055e+02, 3.03042175e+02,
    3.95369385e+02, 3.19109924e+02, 3.95798218e+02, 3.34759705e+02,
    3.76026154e+02, 2.54570770e+02, 3.76699615e+02, 2.71019745e+02,
    3.77337402e+02, 2.87377747e+02, 3.77942230e+02, 3.03552429e+02,
    3.78469299e+02, 3.19584534e+02, 3.78970398e+02, 3.35378784e+02,
    3.58816040e+02, 2.55189987e+02, 3.59590393e+02, 2.71720367e+02,
    3.60319489e+02, 2.87978058e+02, 3.61065277e+02, 3.04199432e+02,
    3.61737701e+02, 3.20203064e+02, 3.62457397e+02, 3.35993500e+02,
    3.41856445e+02, 2.56015686e+02, 3.42696167e+02, 2.72400818e+02,
    3.43534393e+02, 2.88665710e+02, 3.44386780e+02, 3.04735413e+02,
    3.45112000e+02, 3.20789215e+02, 3.45880463e+02, 3.36544586e+02,
    3.25089355e+02, 2.56815216e+02, 3.25909943e+02, 2.73075470e+02,
    3.26840424e+02, 2.89282501e+02, 3.27695404e+02, 3.05316223e+02,
    3.28510223e+02, 3.21251373e+02, 3.29370178e+02, 3.37059906e+02,
    3.08343964e+02, 2.57601074e+02, 3.09274719e+02, 2.73803101e+02,
    3.10194336e+02, 2.89932831e+02, 3.11190399e+02, 3.05888824e+02,
    3.12102783e+02, 3.21801727e+02, 3.12963013e+02, 3.37588287e+02,
    2.91725433e+02, 2.58271057e+02, 2.92759491e+02, 2.74477112e+02,
    2.93726257e+02, 2.90501923e+02, 2.94690582e+02, 3.06489197e+02,
    2.95685730e+02, 3.22363892e+02, 2.96684113e+02, 3.38148865e+02,
    2.75315430e+02, 2.59039795e+02, 2.76396637e+02, 2.75116211e+02,
    2.77410950e+02, 2.91133545e+02, 2.78427002e+02, 3.06978790e+02,
    2.79447052e+02, 3.22845490e+02, 2.80460999e+02, 3.38635010e+02 ]
