%YAML:1.0
---
points: [ 1.25486719e+03, 6.83768616e+02, 1.25663110e+03, 7.31591125e+02,
    1.25829919e+03, 7.78774719e+02, 1.25972705e+03, 8.25395508e+02,
    1.26122925e+03, 8.71708435e+02, 1.26287427e+03, 9.17830505e+02,
    1.20567432e+03, 6.85362122e+02, 1.20735413e+03, 7.32690613e+02,
    1.20914124e+03, 7.79718323e+02, 1.21099976e+03, 8.26192017e+02,
    1.21261633e+03, 8.72448792e+02, 1.21448718e+03, 9.18582886e+02,
    1.15696606e+03, 6.86952087e+02, 1.15883826e+03, 7.34150818e+02,
    1.16084509e+03, 7.81004395e+02, 1.16281616e+03, 8.27468567e+02,
    1.16477539e+03, 8.73519043e+02, 1.16680054e+03, 9.19498047e+02,
    1.10865063e+03, 6.88867126e+02, 1.11094751e+03, 7.35832642e+02,
    1.11298193e+03, 7.82520142e+02, 1.11523999e+03, 8.28696533e+02,
    1.11733557e+03, 8.74825073e+02, 1.11952979e+03, 9.20553894e+02,
    1.06084131e+03, 6.90883972e+02, 1.06323877e+03, 7.37632263e+02,
    1.06538354e+03, 7.84005310e+02, 1.06772925e+03, 8.29907593e+02,
    1.06999036e+03, 8.75882141e+02, 1.07240540e+03, 9.21618591e+02,
    1.01311115e+03, 6.92782227e+02, 1.01577216e+03, 7.39421204e+02,
    1.01808160e+03, 7.85675598e+02, 1.02066467e+03, 8.31425720e+02,
    1.02294702e+03, 8.76969299e+02, 1.02556653e+03, 9.22661560e+02,
    9.65807861e+02, 6.94468994e+02, 9.68583191e+02, 7.40795349e+02,
    9.70989990e+02, 7.87073181e+02, 9.73712463e+02, 8.32786011e+02,
    9.76220947e+02, 8.78354431e+02, 9.78967468e+02, 9.23737366e+02,
    9.18761353e+02, 6.96284241e+02, 9.21857300e+02, 7.42460266e+02,
    9.24424683e+02, 7.88403992e+02, 9.27260498e+02, 8.34090027e+02,
    9.29880493e+02, 8.79603088e+02, 9.32725891e+02, 9.24851868e+02 ]
