%YAML:1.0
---
points: [ 1.26318933e+03, 7.82889771e+02, 1.26349048e+03, 8.27687012e+02,
    1.26372339e+03, 8.70922668e+02, 1.26400708e+03, 9.13318848e+02,
    1.26433044e+03, 9.54847473e+02, 1.26446326e+03, 9.95734375e+02,
    1.21370947e+03, 7.83648743e+02, 1.21453015e+03, 8.27902710e+02,
    1.21545764e+03, 8.71133911e+02, 1.21626196e+03, 9.13382080e+02,
    1.21693311e+03, 9.55017456e+02, 1.21756995e+03, 9.96008240e+02,
    1.16525720e+03, 7.84734924e+02, 1.16647571e+03, 8.28692749e+02,
    1.16786523e+03, 8.71760681e+02, 1.16907983e+03, 9.13963257e+02,
    1.17038831e+03, 9.55610718e+02, 1.17150903e+03, 9.96506531e+02,
    1.11735596e+03, 7.86332153e+02, 1.11900818e+03, 8.29912231e+02,
    1.12081616e+03, 8.72927673e+02, 1.12244934e+03, 9.14908386e+02,
    1.12403271e+03, 9.56260559e+02, 1.12587000e+03, 9.97028381e+02,
    1.06973267e+03, 7.87695435e+02, 1.07171094e+03, 8.31232727e+02,
    1.07401416e+03, 8.74012634e+02, 1.07598376e+03, 9.15802551e+02,
    1.07818604e+03, 9.56971619e+02, 1.08020007e+03, 9.97558472e+02,
    1.02240314e+03, 7.89359619e+02, 1.02484375e+03, 8.32728333e+02,
    1.02752258e+03, 8.75144836e+02, 1.02985864e+03, 9.16745300e+02,
    1.03247632e+03, 9.57723694e+02, 1.03485022e+03, 9.98236938e+02,
    9.75325806e+02, 7.90514648e+02, 9.78474548e+02, 8.33576050e+02,
    9.81244995e+02, 8.75931763e+02, 9.84377502e+02, 9.17523560e+02,
    9.87066467e+02, 9.58504272e+02, 9.89810852e+02, 9.98822937e+02,
    9.28691895e+02, 7.91697327e+02, 9.32324463e+02, 8.34647888e+02,
    9.35529846e+02, 8.76861877e+02, 9.38852478e+02, 9.18264038e+02,
    9.42223755e+02, 9.59325317e+02, 9.45224182e+02, 9.99691895e+02 ]
