%YAML:1.0
---
points: [ 3.81763092e+02, 2.86808502e+02, 3.81266846e+02, 3.00355835e+02,
    3.80759583e+02, 3.13360626e+02, 3.80284851e+02, 3.26088593e+02,
    3.79696564e+02, 3.38253113e+02, 3.79328491e+02, 3.49971008e+02,
    3.65372955e+02, 2.87285126e+02, 3.65194336e+02, 3.00775024e+02,
    3.65019012e+02, 3.13851471e+02, 3.64814819e+02, 3.26429993e+02,
    3.64598267e+02, 3.38682953e+02, 3.64216125e+02, 3.50543121e+02,
    3.49260742e+02, 2.87910217e+02, 3.49394684e+02, 3.01376221e+02,
    3.49420288e+02, 3.14430573e+02, 3.49451752e+02, 3.27007538e+02,
    3.49450836e+02, 3.39294189e+02, 3.49541687e+02, 3.51168793e+02,
    3.33372589e+02, 2.88722870e+02, 3.33629944e+02, 3.02128235e+02,
    3.34007782e+02, 3.15168427e+02, 3.34237335e+02, 3.27652435e+02,
    3.34452026e+02, 3.39943146e+02, 3.34706268e+02, 3.51790222e+02,
    3.17424286e+02, 2.89396088e+02, 3.18076080e+02, 3.02777008e+02,
    3.18573456e+02, 3.15774353e+02, 3.19079041e+02, 3.28323822e+02,
    3.19475067e+02, 3.40474518e+02, 3.19953888e+02, 3.52401642e+02,
    3.01787811e+02, 2.90272095e+02, 3.02525940e+02, 3.03564056e+02,
    3.03254028e+02, 3.16427795e+02, 3.03943512e+02, 3.28915039e+02,
    3.04618408e+02, 3.41134033e+02, 3.05231934e+02, 3.52962402e+02,
    2.86062531e+02, 2.90856781e+02, 2.87089203e+02, 3.04085968e+02,
    2.88022644e+02, 3.16984558e+02, 2.88900574e+02, 3.29459320e+02,
    2.89794434e+02, 3.41643585e+02, 2.90687958e+02, 3.53499268e+02,
    2.70631622e+02, 2.91516083e+02, 2.71756744e+02, 3.04743347e+02,
    2.72847229e+02, 3.17544037e+02, 2.74003662e+02, 3.29994568e+02,
    2.75104004e+02, 3.42131287e+02, 2.76080170e+02, 3.54085297e+02 ]
