%YAML:1.0
---
points: [ 4.65271454e+02, 2.61239258e+02, 4.63158905e+02, 2.73726562e+02,
    4.60933228e+02, 2.85575012e+02, 4.58640533e+02, 2.97315063e+02,
    4.56434174e+02, 3.08303375e+02, 4.54227600e+02, 3.19387573e+02,
    4.52532684e+02, 2.63112122e+02, 4.50532593e+02, 2.75388245e+02,
    4.48524445e+02, 2.87582886e+02, 4.46541199e+02, 2.99204285e+02,
    4.44439972e+02, 3.10621948e+02, 4.42486389e+02, 3.21442017e+02,
    4.39702789e+02, 2.64846527e+02, 4.37838867e+02, 2.77464539e+02,
    4.36032166e+02, 2.89524963e+02, 4.34269470e+02, 3.01361816e+02,
    4.32492859e+02, 3.12765900e+02, 4.30778534e+02, 3.23848297e+02,
    4.26669464e+02, 2.67006775e+02, 4.24994354e+02, 2.79459167e+02,
    4.23426727e+02, 2.91751434e+02, 4.21793518e+02, 3.03317566e+02,
    4.20189117e+02, 3.15047119e+02, 4.18684235e+02, 3.26059021e+02,
    4.13528931e+02, 2.68936737e+02, 4.12044128e+02, 2.81549713e+02,
    4.10498505e+02, 2.93813507e+02, 4.09083984e+02, 3.05699677e+02,
    4.07642731e+02, 3.17105835e+02, 4.06285278e+02, 3.28431244e+02,
    4.00012299e+02, 2.71062805e+02, 3.98704315e+02, 2.83674255e+02,
    3.97465698e+02, 2.95895264e+02, 3.96197479e+02, 3.07797485e+02,
    3.94959869e+02, 3.19409668e+02, 3.93724121e+02, 3.30717163e+02,
    3.86102112e+02, 2.72795654e+02, 3.85030548e+02, 2.85637817e+02,
    3.84062439e+02, 2.97904022e+02, 3.83020599e+02, 3.09933533e+02,
    3.82009277e+02, 3.21598602e+02, 3.81029022e+02, 3.32902954e+02,
    3.72132416e+02, 2.74780365e+02, 3.71241913e+02, 2.87529999e+02,
    3.70439087e+02, 2.99998627e+02, 3.69595673e+02, 3.11964539e+02,
    3.68881714e+02, 3.23745178e+02, 3.68115417e+02, 3.35083832e+02 ]
