%YAML:1.0
---
points: [ 1.54558899e+03, 3.35204346e+02, 1.53910828e+03, 3.80269012e+02,
    1.53265576e+03, 4.23549225e+02, 1.52615356e+03, 4.65584045e+02,
    1.51967969e+03, 5.06497101e+02, 1.51340894e+03, 5.45896057e+02,
    1.50249084e+03, 3.38503143e+02, 1.49652502e+03, 3.83380249e+02,
    1.49061414e+03, 4.27090088e+02, 1.48496509e+03, 4.69275269e+02,
    1.47940479e+03, 5.10038391e+02, 1.47401758e+03, 5.49928894e+02,
    1.45954260e+03, 3.41809082e+02, 1.45419226e+03, 3.86977173e+02,
    1.44893750e+03, 4.30642242e+02, 1.44394849e+03, 4.72967804e+02,
    1.43891931e+03, 5.14045898e+02, 1.43419336e+03, 5.54173096e+02,
    1.41662756e+03, 3.45527802e+02, 1.41187207e+03, 3.90939453e+02,
    1.40726086e+03, 4.34584778e+02, 1.40281262e+03, 4.76970581e+02,
    1.39846545e+03, 5.18238281e+02, 1.39441931e+03, 5.58284058e+02,
    1.37330457e+03, 3.49321747e+02, 1.36908264e+03, 3.94532074e+02,
    1.36498364e+03, 4.38527283e+02, 1.36104431e+03, 4.80972168e+02,
    1.35746045e+03, 5.22403442e+02, 1.35373315e+03, 5.62346375e+02,
    1.32940894e+03, 3.52981506e+02, 1.32587268e+03, 3.98475342e+02,
    1.32235413e+03, 4.42488464e+02, 1.31904724e+03, 4.85083923e+02,
    1.31601575e+03, 5.26393860e+02, 1.31300415e+03, 5.66611023e+02,
    1.28481140e+03, 3.56473114e+02, 1.28181409e+03, 4.02217316e+02,
    1.27940198e+03, 4.46287231e+02, 1.27658667e+03, 4.88881531e+02,
    1.27438110e+03, 5.30475464e+02, 1.27174536e+03, 5.70970337e+02,
    1.23992358e+03, 3.60144104e+02, 1.23785132e+03, 4.05952271e+02,
    1.23590527e+03, 4.50180969e+02, 1.23404297e+03, 4.92906891e+02,
    1.23235339e+03, 5.34615662e+02, 1.23072607e+03, 5.75363159e+02 ]
