%YAML:1.0
---
points: [ 4.87402832e+02, 1.32511902e+02, 4.85418457e+02, 1.47891190e+02,
    4.83299713e+02, 1.62628616e+02, 4.81101837e+02, 1.77193771e+02,
    4.78822601e+02, 1.91162872e+02, 4.76438507e+02, 2.05063248e+02,
    4.73764801e+02, 1.33535492e+02, 4.71831940e+02, 1.48688599e+02,
    4.69752930e+02, 1.63904922e+02, 4.67738373e+02, 1.78391251e+02,
    4.65655762e+02, 1.92666824e+02, 4.63601105e+02, 2.06424835e+02,
    4.59867737e+02, 1.34454071e+02, 4.57980469e+02, 1.50015533e+02,
    4.56171082e+02, 1.65041519e+02, 4.54199005e+02, 1.79892242e+02,
    4.52372009e+02, 1.94012817e+02, 4.50525024e+02, 2.08106644e+02,
    4.45773621e+02, 1.35731049e+02, 4.44008911e+02, 1.51248642e+02,
    4.42260925e+02, 1.66582230e+02, 4.40544830e+02, 1.81191757e+02,
    4.38768921e+02, 1.95707901e+02, 4.37048798e+02, 2.09577667e+02,
    4.31395111e+02, 1.36901932e+02, 4.29700714e+02, 1.52694122e+02,
    4.28079498e+02, 1.67868347e+02, 4.26509979e+02, 1.82789566e+02,
    4.24845276e+02, 1.97125946e+02, 4.23386597e+02, 2.11208176e+02,
    4.16457458e+02, 1.38296814e+02, 4.15113434e+02, 1.54052841e+02,
    4.13604675e+02, 1.69454941e+02, 4.12205872e+02, 1.84321777e+02,
    4.10776215e+02, 1.98747803e+02, 4.09373474e+02, 2.12793320e+02,
    4.01319977e+02, 1.39518600e+02, 4.00019440e+02, 1.55475281e+02,
    3.98787964e+02, 1.70893387e+02, 3.97589478e+02, 1.85851913e+02,
    3.96469757e+02, 2.00315231e+02, 3.95302307e+02, 2.14547089e+02,
    3.85845337e+02, 1.40975418e+02, 3.84774200e+02, 1.56861221e+02,
    3.83746399e+02, 1.72439774e+02, 3.82800629e+02, 1.87294510e+02,
    3.81864014e+02, 2.01972992e+02, 3.81054016e+02, 2.16104752e+02 ]
