%YAML:1.0
---
points: [ 4.65362396e+02, 5.76311646e+01, 4.62224640e+02, 7.38205414e+01,
    4.59171570e+02, 8.92868042e+01, 4.55812775e+02, 1.04500519e+02,
    4.52568573e+02, 1.18758415e+02, 4.49262756e+02, 1.32933746e+02,
    4.51624359e+02, 5.81846123e+01, 4.48816467e+02, 7.43821030e+01,
    4.45706512e+02, 9.01955643e+01, 4.42641998e+02, 1.05410873e+02,
    4.39548462e+02, 1.20149940e+02, 4.36536926e+02, 1.34289734e+02,
    4.37969025e+02, 5.86253281e+01, 4.35023468e+02, 7.52796097e+01,
    4.32197266e+02, 9.12276993e+01, 4.29258484e+02, 1.06681068e+02,
    4.26350586e+02, 1.21443352e+02, 4.23527710e+02, 1.35891739e+02,
    4.23704346e+02, 5.96008339e+01, 4.20998962e+02, 7.63075180e+01,
    4.18282654e+02, 9.24917145e+01, 4.15657806e+02, 1.08030014e+02,
    4.12912537e+02, 1.23057617e+02, 4.10263733e+02, 1.37427490e+02,
    4.09260254e+02, 6.04411240e+01, 4.06625671e+02, 7.74721069e+01,
    4.03972778e+02, 9.38014832e+01, 4.01561798e+02, 1.09545090e+02,
    3.99082733e+02, 1.24590874e+02, 3.96748901e+02, 1.39080124e+02,
    3.94189911e+02, 6.15157394e+01, 3.91932709e+02, 7.85696259e+01,
    3.89571869e+02, 9.52375565e+01, 3.87261688e+02, 1.11040482e+02,
    3.85029266e+02, 1.26223938e+02, 3.82911011e+02, 1.40800812e+02,
    3.78877380e+02, 6.25728569e+01, 3.76740540e+02, 7.99260559e+01,
    3.74630554e+02, 9.66090546e+01, 3.72710754e+02, 1.12612686e+02,
    3.70716614e+02, 1.27861755e+02, 3.68832916e+02, 1.42657364e+02,
    3.63126434e+02, 6.37337227e+01, 3.61333923e+02, 8.13097229e+01,
    3.59556335e+02, 9.81485748e+01, 3.57809692e+02, 1.14109413e+02,
    3.56196869e+02, 1.29656647e+02, 3.54710876e+02, 1.44309036e+02 ]
