%YAML:1.0
---
points: [ 1.37779871e+03, 8.25798828e+02, 1.37871753e+03, 8.67592407e+02,
    1.37905823e+03, 9.09297424e+02, 1.37933472e+03, 9.50924805e+02,
    1.37950244e+03, 9.92911194e+02, 1.37959485e+03, 1.03483472e+03,
    1.34055737e+03, 8.27392578e+02, 1.34122632e+03, 8.69458740e+02,
    1.34174097e+03, 9.11640015e+02, 1.34215686e+03, 9.53725708e+02,
    1.34246606e+03, 9.96090942e+02, 1.34277295e+03, 1.03866370e+03,
    1.30324988e+03, 8.29040039e+02, 1.30374390e+03, 8.71415405e+02,
    1.30441980e+03, 9.13875488e+02, 1.30483569e+03, 9.56634644e+02,
    1.30531824e+03, 9.99499939e+02, 1.30567212e+03, 1.04260327e+03,
    1.26568860e+03, 8.30987427e+02, 1.26620386e+03, 8.73771057e+02,
    1.26657983e+03, 9.16903687e+02, 1.26701807e+03, 9.59727600e+02,
    1.26745483e+03, 1.00296021e+03, 1.26786230e+03, 1.04645166e+03,
    1.22753662e+03, 8.32978882e+02, 1.22781372e+03, 8.76118713e+02,
    1.22819275e+03, 9.19432312e+02, 1.22845276e+03, 9.62915649e+02,
    1.22876575e+03, 1.00663739e+03, 1.22908398e+03, 1.05051624e+03,
    1.18861230e+03, 8.34913391e+02, 1.18885620e+03, 8.78536438e+02,
    1.18896106e+03, 9.22367981e+02, 1.18928186e+03, 9.66156616e+02,
    1.18950171e+03, 1.01031927e+03, 1.18976758e+03, 1.05464929e+03,
    1.14858936e+03, 8.36793213e+02, 1.14869214e+03, 8.80950928e+02,
    1.14890417e+03, 9.25092102e+02, 1.14911182e+03, 9.69470398e+02,
    1.14935852e+03, 1.01396545e+03, 1.14954321e+03, 1.05904102e+03,
    1.10791455e+03, 8.38819519e+02, 1.10803357e+03, 8.83311768e+02,
    1.10818982e+03, 9.28051636e+02, 1.10834009e+03, 9.72622620e+02,
    1.10846997e+03, 1.01788788e+03, 1.10871240e+03, 1.06344446e+03 ]
