%YAML:1.0
---
points: [ 4.97280060e+02, 2.18024704e+02, 4.95711609e+02, 2.44065750e+02,
    4.93843140e+02, 2.68738129e+02, 4.92019073e+02, 2.92960693e+02,
    4.89776337e+02, 3.15771729e+02, 4.87365570e+02, 3.38028046e+02,
    4.70973541e+02, 2.20321152e+02, 4.69932312e+02, 2.46110031e+02,
    4.68730621e+02, 2.71352844e+02, 4.67502960e+02, 2.95234314e+02,
    4.65990265e+02, 3.18556519e+02, 4.64225861e+02, 3.40928223e+02,
    4.44334290e+02, 2.22442917e+02, 4.43675934e+02, 2.48322052e+02,
    4.43153961e+02, 2.73535339e+02, 4.42267120e+02, 2.97820801e+02,
    4.41334869e+02, 3.20987274e+02, 4.40377991e+02, 3.43766113e+02,
    4.17130981e+02, 2.24734726e+02, 4.17114929e+02, 2.50726364e+02,
    4.16916656e+02, 2.75995453e+02, 4.16646057e+02, 2.99948669e+02,
    4.16441986e+02, 3.23565155e+02, 4.16060150e+02, 3.46278778e+02,
    3.89849579e+02, 2.27027069e+02, 3.90205322e+02, 2.52870651e+02,
    3.90583954e+02, 2.78019073e+02, 3.90843445e+02, 3.02232147e+02,
    3.91116608e+02, 3.25810547e+02, 3.91221954e+02, 3.48362823e+02,
    3.62404205e+02, 2.29277908e+02, 3.63292603e+02, 2.55132416e+02,
    3.64068573e+02, 2.80080383e+02, 3.64898987e+02, 3.04180847e+02,
    3.65482819e+02, 3.27850189e+02, 3.66087250e+02, 3.50739441e+02,
    3.35108856e+02, 2.31585632e+02, 3.36210297e+02, 2.56991943e+02,
    3.37686371e+02, 2.81850311e+02, 3.38567169e+02, 3.06146484e+02,
    3.39923553e+02, 3.29701294e+02, 3.40863525e+02, 3.52827667e+02,
    3.08089417e+02, 2.33620880e+02, 3.09690216e+02, 2.59026306e+02,
    3.11330078e+02, 2.84100677e+02, 3.12862183e+02, 3.08169800e+02,
    3.14237823e+02, 3.31750641e+02, 3.15856171e+02, 3.54781403e+02 ]
