%YAML:1.0
---
points: [ 4.07294464e+02, 2.28127365e+02, 4.06996857e+02, 2.51641281e+02,
    4.06515411e+02, 2.74250824e+02, 4.06051758e+02, 2.96407043e+02,
    4.05448792e+02, 3.17790497e+02, 4.04754669e+02, 3.38704529e+02,
    3.83895630e+02, 2.30213608e+02, 3.83962311e+02, 2.53749756e+02,
    3.83809753e+02, 2.76633423e+02, 3.83755768e+02, 2.98808777e+02,
    3.83543274e+02, 3.20634796e+02, 3.83161407e+02, 3.41620300e+02,
    3.60442841e+02, 2.32360779e+02, 3.60729919e+02, 2.56070923e+02,
    3.60983154e+02, 2.79098663e+02, 3.61196106e+02, 3.01526489e+02,
    3.61481262e+02, 3.23548309e+02, 3.61604767e+02, 3.44912384e+02,
    3.36591431e+02, 2.34788864e+02, 3.37330994e+02, 2.58466766e+02,
    3.37804749e+02, 2.81716187e+02, 3.38490967e+02, 3.04233307e+02,
    3.38917053e+02, 3.26401642e+02, 3.39477356e+02, 3.48054077e+02,
    3.12636780e+02, 2.37085098e+02, 3.13400269e+02, 2.60953735e+02,
    3.14346344e+02, 2.84375641e+02, 3.15223846e+02, 3.07105286e+02,
    3.16064545e+02, 3.29400452e+02, 3.16796265e+02, 3.51158661e+02,
    2.88327789e+02, 2.39696991e+02, 2.89305695e+02, 2.63657257e+02,
    2.90433807e+02, 2.87051147e+02, 2.91709290e+02, 3.09965057e+02,
    2.92760559e+02, 3.32533417e+02, 2.93854034e+02, 3.54344391e+02,
    2.63297455e+02, 2.41795990e+02, 2.64690582e+02, 2.66202271e+02,
    2.66272980e+02, 2.89742889e+02, 2.67426117e+02, 3.12892212e+02,
    2.69007019e+02, 3.35557800e+02, 2.70387543e+02, 3.57766144e+02,
    2.37904541e+02, 2.44327499e+02, 2.39818634e+02, 2.68756378e+02,
    2.41464233e+02, 2.92650421e+02, 2.43354416e+02, 3.15799408e+02,
    2.44902832e+02, 3.38740936e+02, 2.46659698e+02, 3.61045593e+02 ]
