%YAML:1.0
---
points: [ 2.97822083e+02, 2.44443924e+02, 2.99350464e+02, 2.71243134e+02,
    3.01065948e+02, 2.96817200e+02, 3.02308380e+02, 3.21858124e+02,
    3.03948151e+02, 3.46349213e+02, 3.05378052e+02, 3.70019653e+02,
    2.70671112e+02, 2.45832291e+02, 2.71714142e+02, 2.72646210e+02,
    2.73696198e+02, 2.98239990e+02, 2.75782532e+02, 3.23217865e+02,
    2.77372314e+02, 3.47715576e+02, 2.79351746e+02, 3.71342407e+02,
    2.42071213e+02, 2.48062164e+02, 2.44734604e+02, 2.74493927e+02,
    2.47096191e+02, 2.99742310e+02, 2.48963531e+02, 3.24911804e+02,
    2.51464630e+02, 3.49164886e+02, 2.53454849e+02, 3.72894073e+02,
    2.14803040e+02, 2.50055191e+02, 2.17405457e+02, 2.76412933e+02,
    2.20014114e+02, 3.01814026e+02, 2.22832291e+02, 3.26523224e+02,
    2.25174362e+02, 3.50808868e+02, 2.27829178e+02, 3.74360748e+02,
    1.87421707e+02, 2.52110550e+02, 1.90448807e+02, 2.78211456e+02,
    1.93480499e+02, 3.03628326e+02, 1.96365875e+02, 3.28274231e+02,
    1.99352600e+02, 3.52503174e+02, 2.02113739e+02, 3.75890686e+02,
    1.60170486e+02, 2.54406387e+02, 1.63374222e+02, 2.80324280e+02,
    1.66837494e+02, 3.05582184e+02, 1.70123047e+02, 3.30074921e+02,
    1.73333572e+02, 3.54095184e+02, 1.76673050e+02, 3.77261292e+02,
    1.32830688e+02, 2.56026001e+02, 1.36740128e+02, 2.82169739e+02,
    1.40414841e+02, 3.07187744e+02, 1.43996353e+02, 3.31685028e+02,
    1.47706375e+02, 3.55566772e+02, 1.51435333e+02, 3.78534485e+02,
    1.05811386e+02, 2.58176941e+02, 1.10024696e+02, 2.83850586e+02,
    1.14129181e+02, 3.08936249e+02, 1.18305252e+02, 3.33141663e+02,
    1.22297615e+02, 3.56780396e+02, 1.26324234e+02, 3.79667023e+02 ]
