%YAML:1.0
---
points: [ 9.19378723e+02, 6.55301941e+02, 9.25297668e+02, 7.31756042e+02,
    9.31231995e+02, 8.05784790e+02, 9.36886353e+02, 8.77626099e+02,
    9.42521851e+02, 9.47941101e+02, 9.48003296e+02, 1.01651068e+03,
    8.39800659e+02, 6.59540588e+02, 8.47011902e+02, 7.35282776e+02,
    8.53761780e+02, 8.09182678e+02, 8.60333435e+02, 8.81034912e+02,
    8.66710510e+02, 9.51140320e+02, 8.73313538e+02, 1.01972821e+03,
    7.61044983e+02, 6.64196838e+02, 7.69177368e+02, 7.39711609e+02,
    7.76909851e+02, 8.13444031e+02, 7.84520935e+02, 8.85293274e+02,
    7.91877991e+02, 9.55245911e+02, 7.99172974e+02, 1.02379126e+03,
    6.81977722e+02, 6.69420227e+02, 6.91232544e+02, 7.44799683e+02,
    7.00059753e+02, 8.18387451e+02, 7.08560669e+02, 8.89878357e+02,
    7.17131226e+02, 9.59676758e+02, 7.25375366e+02, 1.02790393e+03,
    6.02892883e+02, 6.74561340e+02, 6.13217163e+02, 7.49748535e+02,
    6.23069336e+02, 8.23195679e+02, 6.32743652e+02, 8.94311340e+02,
    6.42238403e+02, 9.64025696e+02, 6.51386597e+02, 1.03180188e+03,
    5.23664551e+02, 6.79882629e+02, 5.35086792e+02, 7.54971741e+02,
    5.46287415e+02, 8.27917847e+02, 5.56972168e+02, 8.98804382e+02,
    5.67501526e+02, 9.68142639e+02, 5.77772095e+02, 1.03579712e+03,
    4.45669495e+02, 6.84539368e+02, 4.58289246e+02, 7.59411011e+02,
    4.70287384e+02, 8.32397278e+02, 4.81830933e+02, 9.03007507e+02,
    4.93384613e+02, 9.72211975e+02, 5.04288605e+02, 1.03982642e+03,
    3.67945923e+02, 6.89250305e+02, 3.81712616e+02, 7.63900391e+02,
    3.94755615e+02, 8.36555786e+02, 4.07530426e+02, 9.07192078e+02,
    4.19763397e+02, 9.76261475e+02, 4.32066833e+02, 1.04362012e+03 ]
