%YAML:1.0
---
points: [ 2.28750000e+02, 200., 2.30240814e+02, 2.24858246e+02,
    2.28578323e+02, 2.52635468e+02, 2.28029175e+02, 2.77409851e+02,
    2.28088577e+02, 3.01283875e+02, 2.27764816e+02, 3.24373566e+02,
    2.00500000e+02, 1.99500000e+02, 2.00803604e+02, 2.26712616e+02,
    2.00872833e+02, 2.52631439e+02, 2.01488419e+02, 2.77693573e+02,
    2.01602554e+02, 3.01805267e+02, 2.02143997e+02, 3.25015045e+02, 172.,
    1.99500000e+02, 1.72710663e+02, 2.26731125e+02, 1.73830307e+02,
    2.52702957e+02, 1.74159561e+02, 2.78327240e+02, 1.75106384e+02,
    3.02557770e+02, 1.75636917e+02, 3.25790833e+02, 1.42500000e+02,
    1.99500000e+02, 1.44797684e+02, 2.27203552e+02, 1.45287918e+02,
    2.53307037e+02, 1.46765976e+02, 2.78604187e+02, 1.47805710e+02,
    3.03122864e+02, 1.49355408e+02, 3.26663910e+02, 1.13333603e+02,
    1.99108810e+02, 1.14940430e+02, 2.26910645e+02, 1.16924873e+02,
    2.53340652e+02, 1.18777596e+02, 2.79103943e+02, 1.20618210e+02,
    3.03540588e+02, 1.22526726e+02, 3.27228058e+02, 8.28588943e+01,
    1.99141846e+02, 8.54410095e+01, 2.26879761e+02, 8.81083679e+01,
    2.53692261e+02, 9.07263947e+01, 2.79171387e+02, 9.31570129e+01,
    3.04115906e+02, 9.57804565e+01, 3.27688385e+02, 5.32407036e+01,
    1.98706482e+02, 5.63626633e+01, 2.26858093e+02, 5.95669060e+01,
    2.53630310e+02, 6.25043793e+01, 2.79393280e+02, 6.57715225e+01,
    3.04232910e+02, 6.88397522e+01, 3.27990997e+02, 2.40936279e+01,
    1.98727600e+02, 2.77400475e+01, 2.26660950e+02, 3.13748035e+01,
    2.53725967e+02, 3.51242905e+01, 2.79343658e+02, 3.87822495e+01,
    3.04231079e+02, 4.26030579e+01, 3.27994293e+02 ]
