%YAML:1.0
---
points: [ 1.48598511e+02, 1.65452591e+02, 1.63140427e+02, 1.50915466e+02,
    1.78086761e+02, 1.35989563e+02, 1.93243546e+02, 1.20631607e+02,
    2.08876831e+02, 1.04718124e+02, 2.25402328e+02, 8.87810364e+01,
    1.65068512e+02, 1.80328476e+02, 1.79576035e+02, 1.66289444e+02,
    1.94338120e+02, 1.51880539e+02, 2.09571503e+02, 1.37096375e+02,
    2.25191452e+02, 1.21814850e+02, 2.41438019e+02, 1.05835487e+02,
    1.80962738e+02, 1.94594147e+02, 1.95348663e+02, 1.81067139e+02,
    2.10241699e+02, 1.67181396e+02, 2.25217865e+02, 1.52862030e+02,
    2.40870667e+02, 1.38162567e+02, 2.56955902e+02, 1.22890015e+02,
    1.96227539e+02, 2.08287598e+02, 2.10620468e+02, 1.95222916e+02,
    2.25233749e+02, 1.81761856e+02, 2.40302567e+02, 1.67976593e+02,
    2.55835892e+02, 1.53715393e+02, 2.71822113e+02, 1.38946365e+02,
    2.10946564e+02, 2.21495041e+02, 2.25155807e+02, 2.08679077e+02,
    2.39822205e+02, 1.95822937e+02, 2.54772537e+02, 1.82433426e+02,
    2.70231079e+02, 1.68696472e+02, 2.86268982e+02, 1.54419678e+02,
    2.25027512e+02, 2.34144684e+02, 2.39234955e+02, 2.21836670e+02,
    2.53799210e+02, 2.09233337e+02, 2.68684235e+02, 1.96323318e+02,
    2.84099487e+02, 1.83004257e+02, 3.00062592e+02, 1.69284149e+02,
    2.38639542e+02, 2.46562851e+02, 2.52785095e+02, 2.34608414e+02,
    2.67310486e+02, 2.22461990e+02, 2.82183807e+02, 2.09919662e+02,
    2.97586273e+02, 1.97062927e+02, 3.13399628e+02, 1.83754013e+02,
    2.51838882e+02, 2.58797791e+02, 2.66002502e+02, 2.47377533e+02,
    2.80536987e+02, 2.35564011e+02, 2.95379974e+02, 2.23544281e+02,
    3.10717133e+02, 2.10973846e+02, 3.26527557e+02, 1.98016022e+02 ]
