%YAML:1.0
---
points: [ 8.34395752e+02, 1.97581604e+02, 8.92494751e+02, 2.35524658e+02,
    9.48548462e+02, 2.72243164e+02, 1.00309149e+03, 3.07758972e+02,
    1.05624939e+03, 3.42455872e+02, 1.10826709e+03, 3.76340698e+02,
    8.01620972e+02, 2.55765930e+02, 8.58650146e+02, 2.92077942e+02,
    9.14258362e+02, 3.27208282e+02, 9.68050903e+02, 3.61345154e+02,
    1.02061536e+03, 3.94604218e+02, 1.07185291e+03, 4.27106445e+02,
    7.70000183e+02, 3.11511566e+02, 8.26460693e+02, 3.46295654e+02,
    8.81066711e+02, 3.79963593e+02, 9.34344849e+02, 4.12686646e+02,
    9.86359314e+02, 4.44829315e+02, 1.03716223e+03, 4.76194946e+02,
    7.39940491e+02, 3.64685974e+02, 7.95418030e+02, 3.98140594e+02,
    8.49487793e+02, 4.30504181e+02, 9.01921265e+02, 4.61938629e+02,
    9.53329651e+02, 4.92729126e+02, 1.00350671e+03, 5.22858093e+02,
    7.10905090e+02, 4.15718658e+02, 7.65762695e+02, 4.47699158e+02,
    8.18953308e+02, 4.78947052e+02, 8.70800476e+02, 5.09268616e+02,
    9.21553528e+02, 5.38934753e+02, 9.71311523e+02, 5.67860046e+02,
    6.83245728e+02, 4.64574219e+02, 7.37217102e+02, 4.95378357e+02,
    7.89809875e+02, 5.25478210e+02, 8.40925720e+02, 5.54505127e+02,
    8.91235535e+02, 5.83187866e+02, 9.40207092e+02, 6.10935242e+02,
    6.56302917e+02, 5.11710388e+02, 7.09665222e+02, 5.41542053e+02,
    7.61559998e+02, 5.70497070e+02, 8.12218994e+02, 5.98750061e+02,
    8.61621765e+02, 6.26354004e+02, 9.10281494e+02, 6.53364685e+02,
    6.29764160e+02, 5.57797485e+02, 6.82523438e+02, 5.86660583e+02,
    7.34020508e+02, 6.14796204e+02, 7.83855347e+02, 6.42269775e+02,
    8.33091614e+02, 6.69015015e+02, 8.80987488e+02, 6.94853516e+02 ]
