%YAML:1.0
---
points: [ 2.71370117e+02, 1.07976646e+02, 2.83895020e+02, 1.20393250e+02,
    2.95693085e+02, 1.32030823e+02, 3.06914246e+02, 1.42957901e+02,
    3.17507416e+02, 1.53405624e+02, 3.27612610e+02, 1.63290009e+02,
    2.58800873e+02, 1.23729126e+02, 2.71652130e+02, 1.35599106e+02,
    2.83722046e+02, 1.46734207e+02, 2.95094727e+02, 1.57284454e+02,
    3.06017456e+02, 1.67164703e+02, 3.16330933e+02, 1.76708038e+02,
    2.46314194e+02, 1.39216995e+02, 2.59466736e+02, 1.50577927e+02,
    2.71834595e+02, 1.61289185e+02, 2.83575684e+02, 1.71257004e+02,
    2.94762512e+02, 1.80897812e+02, 3.05335999e+02, 1.90039185e+02,
    2.33958359e+02, 1.54435883e+02, 2.47355286e+02, 1.65315552e+02,
    2.60100677e+02, 1.75546951e+02, 2.71999756e+02, 1.85224136e+02,
    2.83391479e+02, 1.94298462e+02, 2.94187897e+02, 2.03033386e+02,
    2.21733078e+02, 1.69521851e+02, 2.35468613e+02, 1.79847504e+02,
    2.48395416e+02, 1.89646072e+02, 2.60666168e+02, 1.98825165e+02,
    2.72192444e+02, 2.07611755e+02, 2.83253296e+02, 2.15973724e+02,
    2.09705490e+02, 1.84336334e+02, 2.23670013e+02, 1.94206024e+02,
    2.36876373e+02, 2.03609360e+02, 2.49274033e+02, 2.12412125e+02,
    2.61150421e+02, 2.20746017e+02, 2.72367340e+02, 2.28732666e+02,
    1.97763672e+02, 1.99088669e+02, 2.12074387e+02, 2.08556168e+02,
    2.25542343e+02, 2.17540436e+02, 2.38277740e+02, 2.25978561e+02,
    2.50300201e+02, 2.33934464e+02, 2.61837799e+02, 2.41657486e+02,
    1.85905869e+02, 2.13918640e+02, 2.00576645e+02, 2.23079239e+02,
    2.14393188e+02, 2.31634033e+02, 2.27370697e+02, 2.39715073e+02,
    2.39765747e+02, 2.47337219e+02, 2.51419510e+02, 2.54616623e+02 ]
